58 269
46 175
25 169
80 57
135 197
203 161
113 261
116 23
285 170
314 199
279 111
126 48
36 320
137 167
140 326
130 48
302 94
315 80
101 80
23 227
92 194
2 20
72 252
323 96
91 8
143 177
200 30
257 26
331 324
142 322
188 104
239 276
23 61
325 21
204 94
346 194
223 186
56 252
322 48
277 308
290 323
167 93
250 59
106 29
274 341
249 302
118 239
111 337
252 109
56 55
80 266
252 134
104 67
94 346
141 280
325 161
322 203
96 274
158 315
199 98
134 132
280 98
254 187
329 269
297 21
100 150
266 330
171 150
322 45
225 86
98 148
185 55
172 239
295 239
325 98
252 113
323 119
188 315
55 203
137 111
224 200
194 80
295 104
17 140
266 302
232 212
249 24
200 323
323 122
203 65
161 56
119 252
238 82
197 251
105 272
291 332
289 137
313 26
108 21
98 203
260 160
346 204
271 21
334 113
172 238
299 48
65 314
342 98
148 50
170 128
141 291
318 261
302 24
242 204
188 239
342 211
85 322
125 119
272 211
239 313
45 200
303 322
103 285
5 180
297 322
199 56
119 188
108 184
26 176