297 280
142 104
56 232
2 116
322 303
223 56
332 40
101 24
79 272
266 92
35 143
199 288
246 304
172 159
222 240
149 333
346 180
221 45
308 329
334 142
10 277
60 56
170 211
315 277
336 88
204 302
9 30
21 297
13 109
62 26
48 299
278 99
320 309
132 72
238 324
104 271
196 180
133 322
163 100
53 194
316 5
249 80
322 213
96 314
119 146
280 277
82 238
32 337
315 87
7 339
149 144
122 315
166 173
39 200
260 53
136 285
213 136
223 21
280 322
175 102
291 113
220 312
223 252
203 322
328 181
277 113
277 9
5 158
312 19
98 56
232 72
200 203
213 340
346 330
261 59
325 238
242 346
38 322
280 3
276 56
142 252
65 7
26 172
271 342
339 65
333 20
308 304
185 79
324 200
150 324
199 223
31 67
199 62
53 94
339 315
41 310
29 106
236 1
347 7
252 297
79 9
232 172
56 265
122 322
172 128
159 284
44 41
331 332
133 315
285 67
278 177
258 272
265 118
285 272
170 223
95 327
324 297
200 236
314 261
285 113
268 170
118 16
337 137
251 122
297 122
258 323
137 326
22 308
3 9
148 13
53 248
21 109
261 342
229 148
169 25
26 285
10 200
290 277
134 334
1 73
276 224
312 151
107 171
41 343
26 223
144 115
59 172
214 111
170 188
21 252
277 248
158 248
175 23
330 302
200 103
72 212
277 172
103 211
188 272
285 25
7 87
345 142
98 342
9 272
291 231
291 168
224 315
223 313
339 291
213 80
242 94
314 109
87 5
331 50
119 132
58 171
111 93
113 40
218 4
14 214
72 329
172 223
213 130
300 80
142 236
277 342
124 157
109 332
342 252
272 184
14 326
140 144
271 82
297 236
343 312
142 169
48 199
271 109
200 21
239 72
321 143
56 118
104 212
26 295
98 238
184 284
41 111
213 178
64 100
119 79
204 194
144 149
299 302
231 280
62 224
239 271
259 245
332 142
40 113
236 26
131 225
320 281
212 104
208 285
146 53
151 28
277 290
82 252
203 128
67 40
26 134
119 203
251 309
339 146
334 170
340 246
98 199
31 21
323 315
53 302
98 313
25 288
203 304
123 55
200 322
261 62
56 213
304 188
19 319
211 313
203 48
193 91
127 184
9 161
306 273
56 82
25 325
65 252
329 204
2 326
319 19
323 200
29 82
271 238
24 92
113 122
23 155
9 297
206 260
109 277
280 153
275 152
296 68
101 180
291 277
272 188
227 19
259 91
238 271
117 77
333 162
334 229
208 332
224 188
104 277
315 5
122 9
119 105
113 285
14 41
9 133
252 161
315 169
41 312
323 10
9 185
303 88
203 324
260 206
109 239
23 124
119 200
322 342
269 329
277 31
78 195
211 271
194 1
306 218
238 172
98 123
342 223
40 322
306 328
230 97
67 118
342 122
265 172
73 88
199 48
263 99
104 239
178 186
180 53
26 109
345 322
347 22
271 212
231 77
26 72
187 194
332 277
183 133
135 127
171 217
313 223
162 333
122 66
96 323
188 258
330 346
309 36
280 9
195 78
7 246
25 98
248 236
76 25
119 25
265 261
315 122
32 93
283 25
260 322
231 291
332 53
179 90
239 118
236 25
36 127
158 332
285 26
5 235
134 238
323 21
303 186
175 143
343 214
252 304
72 132
122 98
317 53
315 252
205 192
313 84
308 67
203 199
312 41
113 188
1 236
272 280
346 254
238 106
277 323
283 118
272 329
271 268
80 94
192 115
21 315
196 285
272 291
217 150
92 302
334 128
31 25
161 203
105 25
236 133
86 175
67 161
16 331
277 168
14 343
312 2
26 169
121 315
91 264
175 177
119 21
141 9
31 122
322 297
280 119
295 156
334 56
318 334
203 55
188 322
27 324
69 236
337 167
25 257
334 123
25 203
318 104
80 242
315 53
29 247
82 211
280 117
188 200
273 195
231 329
224 304
119 148
277 118
122 45
322 236
86 177
332 304
21 200
203 277
323 75
280 329
199 232
40 26
142 3
89 19
17 144
21 66
172 298
2 343
276 141
311 344
239 304
214 312
25 113
325 261
297 109
119 56
236 200
344 122
31 304
200 185
19 227
200 186
13 59
254 242
180 346
98 276
213 303
258 75
272 178
83 51
280 31
9 200
277 322
240 222
170 186
66 304
315 94
111 326
288 199
318 82
56 261
214 343
40 325
315 199
272 197
275 328
332 106
280 232
62 130
121 82
187 249
223 26
118 98
242 213
298 26
213 239
284 122
158 5
7 304
80 315
48 322
39 25
20 14
156 85
319 95
238 313
142 10
30 304
3 274
23 144
334 318
132 317
123 261
40 132
212 271
223 325
25 73
40 172
24 80
322 169
91 201
304 136
62 56
31 84
46 143
141 323
239 231
232 322
188 341
141 258
248 291
170 277
40 67
319 327
315 21
224 324
211 170
277 122
272 141
170 55
303 239
213 7
1 322
27 329
7 308
56 134
137 310
272 79
38 339
185 148
128 315
25 130
315 188
194 299
55 123
7 129
66 26
345 178
197 159
312 116
170 85
345 213
252 334
323 109
94 302
272 257
21 232
16 172
9 21
56 323
216 243
308 161
274 85
277 104
72 239
190 229
322 7
26 67
123 122
300 320
133 9
75 258
21 108
149 312
203 122
213 231
194 302
180 92
128 119
224 62
96 62
311 248
242 302
249 204
265 211
169 248
313 339
69 121
158 317
278 143
130 277
199 161
21 161
238 325
9 285
187 180
342 325
57 302
9 291
177 46
88 53
261 252
98 211
320 284
25 237
67 199
218 306
298 212
172 59
309 284
80 204
280 133
59 13
169 82
152 339
167 310
262 312
322 133
277 169
239 285
119 67
277 13
56 285
111 44
67 342
145 179
227 175
188 185
21 345
239 303
77 231
315 40
133 1
69 39
237 83
56 98
65 13
323 186
116 162
178 272
26 113
144 140
139 159
188 334
275 306
278 227
29 211
339 7
9 122
297 271
261 199
265 248
277 56
86 227
82 222
65 203
128 223
231 56
271 280
25 26
133 232
277 40
280 185
67 156
148 98
274 170
38 7
188 79
214 140
325 82
276 322
326 2
116 17
65 339
39 69
346 299
26 224
104 332
187 5
322 200
271 122
339 347
324 340
141 272
251 139
128 67
185 188
177 143
60 158
280 39
324 203
80 101
186 272
261 318
26 325
93 41
219 6
118 222
323 25
238 252
339 103
25 79
187 242
113 158
266 180
48 302
318 271
184 309
113 56
45 322
109 297
343 20
170 239
147 89
141 25
236 84
34 173
9 231
67 82
148 224
320 197
26 142
241 49
170 119
87 291
199 200
320 80
143 321
217 189
303 67
9 188
122 239
302 299
118 203
