# 958 edges
0 1
0 2
0 3
0 4
0 11
0 14
0 16
0 18
0 24
0 39
0 40
0 42
0 44
0 48
0 52
0 53
0 54
0 56
0 57
0 58
0 60
0 61
0 62
0 64
0 66
0 72
0 73
1 2
1 3
1 4
1 7
1 8
1 13
1 14
1 15
1 16
1 24
1 27
1 28
1 37
1 38
1 39
1 43
1 45
1 46
1 52
1 53
1 55
1 58
1 60
1 61
1 63
1 66
1 69
1 71
2 3
2 4
2 5
2 6
2 11
2 12
2 21
2 22
2 23
2 31
2 34
2 39
2 40
2 42
2 44
2 46
2 47
2 49
2 55
2 68
2 71
2 72
2 73
2 74
3 4
3 11
3 12
3 13
3 19
3 23
3 25
3 26
3 28
3 30
3 32
3 41
3 43
3 45
3 47
3 50
3 54
3 57
3 58
3 60
3 61
3 64
3 65
4 9
4 11
4 12
4 18
4 19
4 23
4 27
4 29
4 31
4 33
4 44
4 47
4 48
4 52
4 63
4 74
5 6
5 7
5 8
5 9
5 12
5 19
5 21
5 22
5 23
5 25
5 28
5 30
5 33
5 34
5 37
5 38
5 42
5 44
5 46
5 47
5 48
5 49
5 51
5 55
5 56
5 58
5 60
5 63
5 64
5 67
5 69
5 71
5 72
6 7
6 8
6 9
6 13
6 14
6 26
6 30
6 34
6 47
6 52
6 54
6 55
6 56
6 61
6 62
6 63
6 68
6 71
7 8
7 9
7 11
7 13
7 14
7 18
7 21
7 27
7 28
7 30
7 31
7 34
7 35
7 39
7 43
7 44
7 47
7 49
7 50
7 51
7 52
7 55
7 57
7 58
7 59
7 60
7 61
7 67
7 70
7 74
8 9
8 12
8 15
8 21
8 24
8 28
8 29
8 30
8 34
8 36
8 39
8 41
8 46
8 50
8 52
8 56
8 57
8 60
8 64
8 67
8 68
8 71
9 10
9 11
9 13
9 17
9 26
9 34
9 39
9 47
9 50
9 53
9 54
9 55
9 57
9 60
9 61
10 11
10 12
10 13
10 14
10 17
10 19
10 22
10 24
10 27
10 28
10 30
10 36
10 47
10 50
10 51
10 52
10 54
10 59
10 60
11 12
11 13
11 14
11 21
11 24
11 25
11 26
11 29
11 33
11 40
11 41
11 44
11 45
11 49
11 50
11 56
11 59
11 61
11 62
11 64
11 65
11 67
11 69
11 71
11 73
12 13
12 14
12 15
12 18
12 24
12 25
12 28
12 31
12 32
12 37
12 39
12 42
12 44
12 47
12 60
12 66
12 73
13 14
13 15
13 18
13 19
13 21
13 26
13 28
13 48
13 52
13 53
13 59
13 60
13 62
13 73
14 19
14 21
14 26
14 29
14 30
14 36
14 37
14 45
14 46
14 47
14 52
14 56
14 60
14 63
14 64
14 69
14 70
14 71
15 16
15 17
15 18
15 19
15 25
15 26
15 29
15 30
15 31
15 34
15 37
15 42
15 43
15 45
15 47
15 48
15 53
15 55
15 58
15 59
15 61
15 69
15 72
16 17
16 18
16 19
16 20
16 24
16 26
16 28
16 31
16 33
16 38
16 41
16 43
16 48
16 50
16 51
16 58
16 61
16 64
16 67
16 70
16 71
16 74
17 18
17 19
17 26
17 27
17 34
17 36
17 38
17 39
17 40
17 41
17 47
17 48
17 52
17 64
17 71
17 72
18 19
18 25
18 26
18 30
18 31
18 32
18 34
18 36
18 37
18 44
18 48
18 49
18 52
18 54
18 64
18 72
19 20
19 22
19 24
19 25
19 26
19 31
19 45
19 49
19 52
19 54
19 63
19 70
19 72
19 73
19 74
20 21
20 22
20 23
20 24
20 30
20 31
20 37
20 42
20 43
20 44
20 46
20 61
20 62
20 63
20 65
20 67
21 22
21 23
21 24
21 25
21 26
21 27
21 28
21 30
21 34
21 39
21 42
21 43
21 44
21 45
21 54
21 57
21 59
21 60
21 67
21 70
21 72
21 73
21 74
22 23
22 24
22 26
22 27
22 32
22 33
22 34
22 37
22 39
22 45
22 60
22 65
22 67
22 70
22 71
22 74
23 24
23 34
23 38
23 41
23 42
23 48
23 52
23 53
23 56
23 57
23 58
23 61
23 68
23 69
23 74
24 27
24 34
24 37
24 38
24 40
24 41
24 42
24 44
24 47
24 51
24 52
24 58
24 59
24 60
24 61
24 62
24 63
24 69
24 70
24 74
25 26
25 27
25 28
25 29
25 30
25 31
25 35
25 40
25 44
25 47
25 49
25 54
25 55
25 67
25 68
25 69
25 74
26 27
26 28
26 29
26 30
26 36
26 37
26 38
26 40
26 44
26 48
26 52
26 57
26 58
26 63
26 66
26 69
26 70
27 28
27 29
27 31
27 34
27 37
27 45
27 47
27 49
27 52
27 54
27 56
27 59
27 63
27 66
27 68
27 70
28 29
28 33
28 34
28 36
28 38
28 41
28 42
28 44
28 46
28 49
28 51
28 55
28 58
28 62
28 66
28 68
28 69
28 71
29 30
29 31
29 41
29 45
29 47
29 49
29 50
29 54
29 57
29 58
29 60
29 68
29 71
32 33
32 34
32 30
32 31
32 35
32 44
32 53
32 54
32 55
32 58
32 62
32 65
32 66
32 68
32 71
32 74
33 34
33 30
33 31
33 36
33 37
33 41
33 46
33 49
33 50
33 53
33 54
33 57
33 62
33 63
33 64
33 67
33 68
33 69
33 71
34 30
34 31
34 39
34 40
34 42
34 43
34 45
34 47
34 51
34 53
34 55
34 56
34 57
34 61
34 63
34 74
30 31
30 42
30 45
30 47
30 53
30 58
30 59
30 64
30 66
30 68
30 71
30 72
30 74
31 36
31 42
31 45
31 47
31 48
31 52
31 58
31 64
31 68
31 73
35 36
35 37
35 38
35 39
35 43
35 45
35 46
35 54
35 56
35 60
35 61
35 64
35 69
35 70
35 71
35 73
35 74
36 37
36 38
36 39
36 44
36 46
36 47
36 56
36 62
36 69
36 71
37 38
37 39
37 44
37 48
37 49
37 57
37 58
37 62
37 63
37 65
37 66
37 68
37 69
37 72
37 73
38 39
38 40
38 41
38 46
38 49
38 50
38 52
38 56
38 58
38 60
38 64
38 66
38 67
38 72
38 73
39 40
39 45
39 54
39 57
39 58
39 61
39 65
39 66
39 68
39 71
39 73
40 41
40 42
40 43
40 44
40 47
40 48
40 58
40 66
41 42
41 43
41 44
41 45
41 47
41 48
41 51
41 56
41 58
41 61
41 62
41 69
41 70
41 74
42 43
42 44
42 46
42 48
42 53
42 54
42 58
42 59
42 66
42 68
42 69
42 71
42 74
43 44
43 46
43 50
43 54
43 55
43 56
43 57
43 59
43 60
43 63
43 69
44 53
44 56
44 61
44 62
44 64
44 66
44 68
44 72
44 74
45 46
45 47
45 48
45 49
45 52
45 53
45 57
45 60
45 66
45 68
45 70
45 72
45 74
46 47
46 48
46 49
46 51
46 56
46 58
46 59
46 62
46 70
46 71
46 72
47 48
47 49
47 52
47 53
47 54
47 61
47 64
47 66
47 74
48 49
48 53
48 55
48 59
48 62
49 50
49 51
49 54
49 58
49 62
49 66
49 70
49 72
49 74
50 51
50 52
50 53
50 54
50 56
50 66
50 71
50 72
50 74
51 52
51 53
51 54
51 55
51 57
51 61
51 63
51 71
52 53
52 54
52 56
52 59
52 60
52 65
52 66
52 68
52 70
52 72
53 54
53 63
53 66
53 68
53 73
54 63
54 71
55 56
55 57
55 58
55 59
55 63
55 64
55 65
55 70
55 72
55 73
56 57
56 58
56 59
56 60
56 63
56 65
56 66
57 58
57 59
57 69
57 72
57 73
58 59
58 61
58 62
58 64
58 65
58 68
58 69
58 70
58 74
59 63
59 70
59 72
59 74
60 64
60 61
60 62
60 63
60 66
60 68
60 72
60 74
64 61
64 62
64 63
64 65
64 68
64 70
64 71
61 62
61 63
61 65
61 66
61 71
61 74
62 63
62 65
62 69
62 70
62 74
63 73
65 66
65 67
65 68
65 69
66 67
66 68
66 69
66 74
67 68
67 69
67 71
67 73
68 69
68 72
69 70
69 73
70 71
70 72
70 73
70 74
71 72
71 73
71 74
72 73
72 74
73 74
