# 629 edges
0 1
0 2
0 3
0 4
0 11
0 14
0 16
0 18
0 24
0 39
0 40
0 42
0 44
0 48
0 52
0 53
0 54
0 56
0 57
0 58
1 2
1 3
1 4
1 5
1 6
1 7
1 9
1 11
1 17
1 18
1 22
1 23
1 28
1 29
1 30
1 31
1 39
1 42
1 43
1 52
1 53
1 54
1 58
2 3
2 4
2 5
2 6
2 12
2 13
2 15
2 18
2 20
2 21
2 23
2 26
2 29
2 31
2 35
2 36
2 41
2 42
2 51
2 52
2 53
3 4
3 6
3 9
3 14
3 15
3 17
3 19
3 21
3 22
3 24
3 30
3 43
3 46
3 47
3 48
3 49
3 56
3 57
3 58
4 9
4 13
4 15
4 16
4 18
4 20
4 22
4 31
4 33
4 35
4 37
4 40
4 44
4 47
4 48
4 50
4 51
4 54
4 55
5 6
5 7
5 8
5 9
5 19
5 21
5 22
5 28
5 29
5 33
5 37
5 39
5 41
5 43
5 54
5 57
5 58
6 7
6 8
6 9
6 12
6 23
6 34
6 37
6 44
6 46
6 47
6 48
6 50
6 53
6 55
6 58
6 59
7 8
7 9
7 12
7 13
7 17
7 19
7 21
7 22
7 23
7 24
7 26
7 30
7 31
7 33
7 35
7 38
7 39
7 42
7 44
7 46
7 47
7 53
7 54
8 9
8 16
8 20
8 24
8 37
8 42
8 44
8 45
8 46
8 51
8 52
8 53
8 58
9 11
9 16
9 18
9 19
9 23
9 26
9 32
9 33
9 35
9 36
9 39
9 40
9 44
9 48
9 49
9 52
9 54
9 55
9 56
9 57
10 11
10 12
10 13
10 14
10 15
10 17
10 18
10 19
10 20
10 21
10 27
10 30
10 34
10 37
10 40
10 46
10 49
10 53
10 54
10 55
10 59
11 12
11 13
11 14
11 16
11 19
11 21
11 26
11 30
11 32
11 36
11 37
11 40
11 44
11 47
11 48
11 51
11 55
11 56
11 58
12 13
12 14
12 17
12 26
12 34
12 39
12 47
12 50
12 53
12 54
12 55
12 57
13 14
13 15
13 16
13 32
13 34
13 37
13 39
13 42
13 43
13 45
13 51
14 17
14 20
14 21
14 22
14 24
14 29
14 30
14 51
14 54
14 55
14 56
14 59
15 16
15 17
15 18
15 19
15 23
15 30
15 31
15 34
15 35
15 39
15 40
15 46
15 49
15 51
15 52
15 54
15 55
15 57
15 59
16 17
16 18
16 19
16 21
16 23
16 25
16 28
16 34
16 35
16 38
16 41
16 42
16 47
16 49
16 52
16 54
16 57
17 18
17 19
17 30
17 36
17 43
17 45
17 48
17 49
17 51
17 56
17 58
18 19
18 38
18 42
18 43
18 49
18 50
18 52
19 23
19 29
19 31
19 36
19 39
19 40
19 46
19 47
19 55
19 56
19 57
20 21
20 22
20 23
20 24
20 27
20 31
20 35
20 38
20 39
20 44
20 45
20 46
20 55
20 56
20 59
21 22
21 23
21 24
21 25
21 26
21 29
21 32
21 37
21 38
21 40
21 42
21 43
21 48
21 50
21 53
21 54
21 56
22 23
22 24
22 29
22 32
22 35
22 39
22 41
22 43
22 46
22 48
22 53
22 56
22 58
23 24
23 28
23 30
23 31
23 38
23 41
23 44
23 47
23 50
23 51
23 54
24 26
24 27
24 34
24 36
24 38
24 39
24 40
24 41
24 47
24 48
24 52
25 26
25 27
25 28
25 29
25 34
25 41
25 42
25 50
25 51
25 55
25 56
25 57
25 59
26 27
26 28
26 29
26 31
26 32
26 39
26 43
26 44
26 47
26 49
26 59
27 28
27 29
27 37
27 40
27 42
27 44
27 45
27 46
27 51
28 29
28 35
28 39
28 42
28 44
28 53
29 30
29 32
29 33
29 34
29 40
29 41
29 47
29 52
29 53
29 54
29 56
32 33
32 34
32 30
32 31
32 39
32 42
32 44
32 45
32 52
32 55
32 57
32 58
32 59
33 34
33 30
33 31
33 36
33 37
33 42
33 43
33 44
33 47
33 49
33 55
34 30
34 31
34 45
34 50
34 52
34 55
34 56
34 59
30 31
30 46
30 47
30 48
30 50
30 52
31 35
31 36
31 37
31 38
31 40
31 44
31 49
31 52
31 53
31 54
31 55
35 36
35 37
35 38
35 39
35 49
35 53
35 56
35 57
36 37
36 38
36 39
36 43
36 47
36 48
36 51
36 52
36 53
36 56
37 38
37 39
37 43
37 44
37 49
37 52
37 59
38 39
38 42
38 43
38 45
38 46
38 47
38 49
38 52
38 56
38 57
39 43
39 44
39 45
39 46
39 47
39 48
39 54
39 55
39 59
40 41
40 42
40 43
40 44
40 45
40 46
40 50
40 55
40 59
41 42
41 43
41 44
41 47
41 49
41 54
41 55
42 43
42 44
42 52
42 53
42 54
42 59
43 44
43 45
43 51
43 52
43 53
43 55
43 59
44 48
44 52
44 57
44 58
45 46
45 47
45 48
45 49
45 53
45 56
45 59
46 47
46 48
46 49
46 50
46 56
46 59
47 48
47 49
47 52
48 49
48 50
48 52
48 54
48 57
48 59
49 51
49 54
49 58
50 51
50 52
50 53
50 54
50 56
50 58
51 52
51 53
51 54
51 55
52 53
52 54
52 58
52 59
53 54
53 56
53 58
54 56
54 57
54 59
55 56
55 57
55 58
55 59
56 57
56 58
56 59
57 58
57 59
58 59
