# 6411 edges
0 1
0 2
0 3
0 4
0 5
0 6
0 7
0 8
0 9
0 10
0 11
0 12
0 13
0 14
0 24
0 26
0 28
0 50
0 52
0 54
0 62
0 63
0 64
0 67
0 68
0 70
0 71
0 72
0 76
0 83
0 87
0 93
0 94
0 96
0 104
0 107
0 117
0 123
0 125
0 126
0 132
0 133
0 140
0 141
0 143
0 146
0 149
0 151
0 155
0 161
0 171
0 172
0 173
0 181
0 184
0 189
0 190
0 196
0 197
0 199
0 205
0 218
0 222
1 2
1 3
1 4
1 5
1 6
1 7
1 8
1 9
1 10
1 11
1 12
1 13
1 14
1 21
1 22
1 23
1 35
1 36
1 42
1 51
1 53
1 55
1 60
1 64
1 67
1 68
1 70
1 71
1 75
1 91
1 98
1 99
1 103
1 107
1 124
1 132
1 143
1 157
1 164
1 166
1 167
1 168
1 170
1 179
1 187
1 189
1 191
1 192
1 193
1 194
1 200
1 201
1 203
1 205
1 208
1 214
1 216
1 217
1 223
1 224
2 3
2 4
2 5
2 6
2 7
2 8
2 9
2 10
2 11
2 12
2 13
2 14
2 30
2 34
2 47
2 55
2 61
2 62
2 63
2 71
2 78
2 79
2 83
2 86
2 92
2 96
2 100
2 104
2 109
2 112
2 114
2 116
2 117
2 124
2 135
2 139
2 142
2 145
2 151
2 158
2 159
2 160
2 169
2 171
2 176
2 180
2 186
2 190
2 194
2 197
2 201
2 205
2 208
2 212
3 4
3 5
3 6
3 7
3 8
3 9
3 10
3 11
3 12
3 13
3 14
3 24
3 35
3 39
3 45
3 62
3 64
3 67
3 69
3 72
3 73
3 75
3 92
3 95
3 97
3 99
3 105
3 126
3 129
3 131
3 146
3 150
3 164
3 166
3 167
3 170
3 172
3 176
3 178
3 183
3 189
3 193
3 197
3 202
3 204
3 207
3 209
3 212
4 5
4 6
4 7
4 8
4 9
4 10
4 11
4 12
4 13
4 14
4 34
4 36
4 63
4 68
4 74
4 75
4 94
4 101
4 104
4 111
4 112
4 120
4 121
4 122
4 127
4 131
4 138
4 144
4 145
4 160
4 161
4 164
4 175
4 183
4 185
4 191
4 199
4 209
4 211
4 216
4 223
5 6
5 7
5 8
5 9
5 10
5 11
5 12
5 13
5 14
5 18
5 26
5 42
5 45
5 46
5 49
5 56
5 64
5 66
5 68
5 69
5 71
5 77
5 82
5 101
5 102
5 111
5 115
5 116
5 119
5 121
5 129
5 134
5 157
5 160
5 165
5 166
5 171
5 189
5 194
5 203
5 214
5 221
6 7
6 8
6 9
6 10
6 11
6 12
6 13
6 14
6 17
6 22
6 24
6 26
6 41
6 43
6 45
6 47
6 55
6 56
6 57
6 58
6 60
6 64
6 69
6 72
6 74
6 75
6 84
6 87
6 90
6 97
6 100
6 103
6 106
6 107
6 112
6 113
6 114
6 117
6 119
6 125
6 145
6 147
6 150
6 151
6 154
6 164
6 171
6 178
6 183
6 186
6 187
6 191
6 204
6 214
6 217
6 218
6 222
6 224
7 8
7 9
7 10
7 11
7 12
7 13
7 14
7 17
7 22
7 28
7 29
7 30
7 31
7 33
7 44
7 46
7 50
7 59
7 64
7 69
7 70
7 84
7 89
7 90
7 96
7 100
7 104
7 108
7 118
7 130
7 136
7 139
7 152
7 154
7 157
7 159
7 161
7 164
7 168
7 171
7 175
7 188
7 192
7 196
7 199
7 208
7 219
8 9
8 10
8 11
8 12
8 13
8 14
8 16
8 30
8 32
8 34
8 35
8 39
8 42
8 45
8 53
8 56
8 67
8 72
8 78
8 83
8 89
8 91
8 93
8 97
8 101
8 107
8 110
8 112
8 117
8 123
8 129
8 138
8 140
8 149
8 158
8 163
8 167
8 170
8 171
8 173
8 176
8 179
8 181
8 191
8 194
8 199
8 202
8 209
8 212
8 214
8 216
8 224
9 10
9 11
9 12
9 13
9 14
9 18
9 22
9 28
9 30
9 31
9 32
9 36
9 38
9 49
9 53
9 55
9 66
9 70
9 74
9 79
9 80
9 81
9 83
9 84
9 89
9 91
9 92
9 101
9 114
9 116
9 124
9 128
9 137
9 138
9 142
9 143
9 145
9 148
9 149
9 152
9 153
9 155
9 156
9 161
9 171
9 173
9 175
9 179
9 181
9 187
9 188
9 190
9 195
9 204
9 208
9 211
9 215
9 216
9 218
9 221
9 223
10 11
10 12
10 13
10 14
10 28
10 36
10 47
10 51
10 56
10 58
10 69
10 70
10 74
10 76
10 78
10 83
10 89
10 96
10 98
10 99
10 104
10 106
10 110
10 114
10 115
10 117
10 119
10 120
10 129
10 146
10 151
10 152
10 156
10 158
10 162
10 167
10 168
10 181
10 183
10 196
10 198
10 199
10 202
10 210
10 212
10 217
10 218
11 12
11 13
11 14
11 19
11 21
11 29
11 33
11 42
11 55
11 56
11 63
11 71
11 75
11 77
11 81
11 91
11 96
11 97
11 100
11 102
11 108
11 116
11 121
11 124
11 130
11 131
11 137
11 148
11 151
11 153
11 168
11 176
11 183
11 184
11 185
11 192
11 195
11 198
11 219
11 222
11 223
12 13
12 14
12 16
12 17
12 19
12 20
12 24
12 29
12 33
12 42
12 44
12 48
12 52
12 56
12 64
12 65
12 69
12 74
12 83
12 90
12 91
12 106
12 112
12 115
12 118
12 132
12 137
12 141
12 151
12 152
12 158
12 161
12 162
12 165
12 167
12 180
12 187
12 190
12 195
12 216
12 218
12 219
13 14
13 21
13 39
13 47
13 57
13 62
13 67
13 68
13 75
13 81
13 84
13 86
13 88
13 97
13 105
13 106
13 108
13 113
13 117
13 119
13 126
13 131
13 133
13 141
13 145
13 149
13 150
13 155
13 157
13 160
13 166
13 170
13 173
13 184
13 185
13 194
13 197
13 200
13 204
13 209
13 221
13 223
14 24
14 25
14 29
14 32
14 38
14 39
14 40
14 47
14 51
14 67
14 72
14 73
14 76
14 87
14 95
14 103
14 105
14 108
14 110
14 113
14 115
14 117
14 121
14 130
14 133
14 134
14 150
14 151
14 152
14 156
14 158
14 163
14 167
14 179
14 180
14 181
14 186
14 188
14 189
14 192
14 196
14 199
14 202
14 211
14 213
14 216
14 218
15 16
15 17
15 18
15 19
15 20
15 21
15 22
15 23
15 24
15 25
15 26
15 27
15 28
15 29
15 37
15 41
15 43
15 51
15 55
15 56
15 58
15 73
15 75
15 82
15 88
15 89
15 96
15 97
15 100
15 102
15 104
15 107
15 119
15 123
15 136
15 141
15 147
15 153
15 159
15 167
15 169
15 175
15 179
15 180
15 183
15 192
15 198
15 199
15 200
15 209
15 210
15 214
15 218
15 219
15 221
16 17
16 18
16 19
16 20
16 21
16 22
16 23
16 24
16 25
16 26
16 27
16 28
16 29
16 30
16 31
16 53
16 61
16 64
16 68
16 78
16 84
16 93
16 95
16 111
16 124
16 130
16 134
16 135
16 136
16 140
16 145
16 150
16 151
16 152
16 153
16 154
16 161
16 168
16 174
16 176
16 177
16 180
16 182
16 183
16 189
16 190
16 191
16 200
16 201
16 203
16 207
16 210
16 221
16 222
17 18
17 19
17 20
17 21
17 22
17 23
17 24
17 25
17 26
17 27
17 28
17 29
17 34
17 36
17 38
17 43
17 50
17 52
17 70
17 71
17 80
17 81
17 92
17 106
17 118
17 122
17 123
17 124
17 130
17 134
17 136
17 144
17 153
17 165
17 172
17 174
17 179
17 181
17 188
17 198
17 200
17 201
17 206
17 211
17 212
17 216
18 19
18 20
18 21
18 22
18 23
18 24
18 25
18 26
18 27
18 28
18 29
18 30
18 43
18 45
18 48
18 49
18 54
18 58
18 63
18 67
18 70
18 71
18 74
18 87
18 90
18 93
18 95
18 118
18 119
18 121
18 128
18 133
18 137
18 145
18 161
18 168
18 181
18 183
18 187
18 190
18 193
18 197
18 201
18 206
18 208
18 209
19 20
19 21
19 22
19 23
19 24
19 25
19 26
19 27
19 28
19 29
19 32
19 39
19 42
19 45
19 51
19 55
19 59
19 60
19 63
19 70
19 77
19 91
19 93
19 94
19 100
19 101
19 108
19 109
19 124
19 125
19 126
19 130
19 131
19 138
19 142
19 144
19 152
19 154
19 164
19 173
19 176
19 177
19 182
19 183
19 186
19 189
19 191
19 193
19 197
19 202
19 207
19 214
20 21
20 22
20 23
20 24
20 25
20 26
20 27
20 28
20 29
20 30
20 31
20 32
20 36
20 38
20 42
20 48
20 49
20 52
20 56
20 58
20 77
20 93
20 100
20 103
20 110
20 122
20 128
20 130
20 131
20 134
20 140
20 146
20 149
20 152
20 157
20 167
20 170
20 174
20 175
20 176
20 178
20 182
20 187
20 203
20 205
20 212
20 214
20 220
21 22
21 23
21 24
21 25
21 26
21 27
21 28
21 29
21 31
21 37
21 38
21 45
21 48
21 53
21 58
21 60
21 62
21 65
21 67
21 70
21 72
21 73
21 82
21 88
21 95
21 96
21 97
21 102
21 104
21 108
21 118
21 119
21 120
21 125
21 128
21 130
21 131
21 146
21 156
21 157
21 159
21 163
21 166
21 170
21 172
21 177
21 178
21 179
21 182
21 183
21 184
21 186
21 188
21 192
21 197
21 200
21 202
21 205
21 206
21 212
21 215
21 221
21 223
22 23
22 24
22 25
22 26
22 27
22 28
22 29
22 39
22 42
22 43
22 52
22 62
22 74
22 77
22 81
22 82
22 84
22 91
22 98
22 104
22 105
22 112
22 113
22 118
22 120
22 123
22 126
22 129
22 131
22 135
22 138
22 141
22 144
22 146
22 147
22 149
22 151
22 161
22 165
22 166
22 169
22 171
22 174
22 181
22 184
22 197
22 199
22 200
22 211
22 212
22 214
22 215
22 216
23 24
23 25
23 26
23 27
23 28
23 29
23 35
23 39
23 42
23 55
23 59
23 76
23 80
23 83
23 86
23 89
23 90
23 100
23 105
23 107
23 125
23 134
23 136
23 141
23 146
23 150
23 154
23 158
23 163
23 184
23 186
23 189
23 197
23 200
23 212
23 213
23 217
23 224
24 25
24 26
24 27
24 28
24 29
24 30
24 32
24 40
24 43
24 47
24 48
24 50
24 51
24 56
24 57
24 59
24 83
24 87
24 92
24 108
24 111
24 114
24 115
24 116
24 117
24 121
24 132
24 137
24 139
24 140
24 144
24 149
24 152
24 160
24 180
24 185
24 197
24 221
24 222
25 26
25 27
25 28
25 29
25 30
25 33
25 39
25 44
25 45
25 46
25 50
25 51
25 52
25 56
25 61
25 81
25 85
25 88
25 91
25 99
25 100
25 101
25 102
25 107
25 110
25 113
25 117
25 121
25 125
25 127
25 128
25 130
25 135
25 143
25 144
25 146
25 150
25 152
25 154
25 162
25 164
25 170
25 178
25 179
25 185
25 188
25 189
25 192
25 205
25 211
25 220
26 27
26 28
26 29
26 33
26 38
26 47
26 67
26 70
26 73
26 80
26 83
26 87
26 89
26 90
26 94
26 97
26 101
26 102
26 112
26 123
26 135
26 137
26 144
26 148
26 149
26 150
26 151
26 161
26 162
26 166
26 168
26 174
26 179
26 181
26 185
26 194
26 197
26 201
26 210
26 223
27 28
27 29
27 37
27 43
27 46
27 55
27 64
27 71
27 74
27 78
27 79
27 84
27 87
27 97
27 106
27 108
27 109
27 111
27 113
27 137
27 143
27 154
27 168
27 174
27 175
27 176
27 177
27 181
27 183
27 191
27 195
27 208
27 217
27 222
27 223
28 29
28 44
28 54
28 55
28 61
28 82
28 87
28 91
28 92
28 93
28 94
28 98
28 110
28 113
28 119
28 124
28 127
28 128
28 131
28 134
28 138
28 141
28 147
28 164
28 167
28 172
28 173
28 204
28 206
28 216
28 217
28 220
28 223
28 224
29 31
29 32
29 37
29 39
29 45
29 47
29 48
29 55
29 57
29 63
29 73
29 78
29 82
29 89
29 91
29 108
29 115
29 116
29 117
29 146
29 157
29 167
29 174
29 177
29 179
29 186
29 187
29 189
29 200
29 212
29 216
29 217
29 218
29 219
29 222
32 33
32 34
32 35
32 36
32 37
32 38
32 39
32 40
32 41
32 42
32 43
32 44
32 30
32 31
32 45
32 49
32 53
32 56
32 64
32 72
32 76
32 82
32 86
32 88
32 96
32 99
32 104
32 105
32 125
32 128
32 130
32 133
32 140
32 143
32 145
32 148
32 149
32 150
32 151
32 152
32 154
32 159
32 168
32 171
32 175
32 176
32 194
32 198
32 201
32 203
32 207
32 210
32 213
33 34
33 35
33 36
33 37
33 38
33 39
33 40
33 41
33 42
33 43
33 44
33 30
33 31
33 54
33 57
33 60
33 66
33 67
33 70
33 72
33 77
33 80
33 84
33 85
33 88
33 98
33 105
33 106
33 110
33 112
33 121
33 146
33 151
33 158
33 165
33 169
33 172
33 173
33 174
33 184
33 193
33 196
33 199
33 200
33 202
33 205
33 219
33 224
34 35
34 36
34 37
34 38
34 39
34 40
34 41
34 42
34 43
34 44
34 30
34 31
34 47
34 49
34 51
34 61
34 84
34 85
34 93
34 96
34 99
34 106
34 109
34 110
34 113
34 114
34 115
34 118
34 120
34 121
34 137
34 173
34 180
34 188
34 192
34 193
34 195
34 204
34 213
34 214
34 217
35 36
35 37
35 38
35 39
35 40
35 41
35 42
35 43
35 44
35 30
35 31
35 53
35 55
35 64
35 67
35 71
35 75
35 78
35 85
35 89
35 92
35 96
35 100
35 105
35 107
35 119
35 133
35 143
35 149
35 169
35 171
35 180
35 198
35 203
35 208
35 209
36 37
36 38
36 39
36 40
36 41
36 42
36 43
36 44
36 30
36 31
36 53
36 71
36 77
36 79
36 80
36 85
36 89
36 90
36 99
36 119
36 133
36 141
36 142
36 146
36 157
36 173
36 175
36 176
36 177
36 178
36 184
36 185
36 187
36 189
36 190
36 192
36 193
36 194
36 198
36 210
36 221
37 38
37 39
37 40
37 41
37 42
37 43
37 44
37 30
37 31
37 47
37 49
37 50
37 51
37 68
37 74
37 77
37 81
37 89
37 102
37 128
37 129
37 140
37 150
37 160
37 163
37 164
37 167
37 188
37 200
37 201
37 203
37 209
37 218
37 219
38 39
38 40
38 41
38 42
38 43
38 44
38 30
38 31
38 48
38 54
38 65
38 81
38 86
38 93
38 94
38 99
38 100
38 112
38 119
38 131
38 138
38 142
38 144
38 152
38 153
38 162
38 166
38 170
38 174
38 176
38 182
38 195
38 203
38 207
38 209
38 213
38 214
38 217
39 40
39 41
39 42
39 43
39 44
39 30
39 31
39 45
39 52
39 53
39 57
39 66
39 68
39 69
39 83
39 87
39 88
39 91
39 93
39 96
39 115
39 116
39 118
39 122
39 125
39 129
39 133
39 135
39 137
39 142
39 144
39 145
39 147
39 159
39 160
39 163
39 165
39 167
39 173
39 174
39 177
39 178
39 182
39 183
39 191
39 192
39 195
39 198
39 209
39 213
39 214
39 215
39 216
39 220
39 221
39 222
40 41
40 42
40 43
40 44
40 30
40 31
40 47
40 54
40 59
40 64
40 67
40 70
40 73
40 74
40 80
40 88
40 90
40 99
40 105
40 110
40 118
40 120
40 123
40 130
40 136
40 137
40 140
40 144
40 150
40 155
40 156
40 167
40 174
40 187
40 188
40 189
40 190
40 191
40 196
40 197
40 198
40 199
40 200
40 201
40 205
40 207
40 208
40 211
40 216
40 217
40 218
40 221
41 42
41 43
41 44
41 30
41 31
41 45
41 47
41 48
41 53
41 66
41 67
41 69
41 72
41 77
41 78
41 86
41 91
41 97
41 102
41 107
41 116
41 118
41 122
41 128
41 132
41 135
41 142
41 143
41 148
41 151
41 152
41 164
41 173
41 176
41 180
41 191
41 194
41 198
41 214
41 222
42 43
42 44
42 30
42 31
42 45
42 54
42 56
42 60
42 61
42 73
42 88
42 94
42 100
42 101
42 108
42 111
42 115
42 116
42 118
42 126
42 130
42 133
42 141
42 147
42 148
42 151
42 153
42 161
42 163
42 171
42 176
42 186
42 194
42 200
42 202
42 215
42 221
42 224
43 44
43 30
43 31
43 45
43 46
43 48
43 57
43 61
43 68
43 71
43 73
43 78
43 85
43 93
43 97
43 103
43 109
43 121
43 125
43 128
43 130
43 131
43 133
43 134
43 140
43 143
43 145
43 147
43 154
43 159
43 165
43 174
43 175
43 178
43 179
43 184
43 185
43 187
43 188
43 205
43 209
43 211
43 215
43 219
43 221
43 223
44 30
44 31
44 46
44 50
44 58
44 60
44 61
44 62
44 68
44 72
44 75
44 77
44 80
44 85
44 86
44 87
44 96
44 100
44 103
44 106
44 120
44 124
44 127
44 133
44 134
44 135
44 137
44 147
44 148
44 150
44 151
44 156
44 158
44 168
44 177
44 178
44 181
44 184
44 186
44 193
44 194
44 198
44 199
44 201
44 204
44 216
44 217
44 224
30 31
30 65
30 66
30 69
30 73
30 81
30 86
30 92
30 96
30 98
30 111
30 113
30 117
30 122
30 124
30 127
30 129
30 131
30 136
30 144
30 145
30 146
30 147
30 154
30 155
30 157
30 162
30 163
30 166
30 167
30 171
30 174
30 178
30 182
30 185
30 188
30 192
30 195
30 200
30 213
30 217
30 220
31 48
31 50
31 55
31 57
31 65
31 66
31 75
31 76
31 77
31 79
31 80
31 82
31 89
31 93
31 95
31 103
31 105
31 106
31 110
31 111
31 122
31 127
31 129
31 137
31 143
31 150
31 152
31 154
31 155
31 158
31 165
31 167
31 173
31 177
31 180
31 183
31 184
31 186
31 187
31 189
31 193
31 194
31 202
31 206
31 208
31 214
31 220
31 223
45 46
45 47
45 48
45 49
45 50
45 51
45 52
45 53
45 54
45 55
45 56
45 57
45 58
45 59
45 62
45 66
45 72
45 78
45 82
45 92
45 94
45 95
45 98
45 106
45 115
45 124
45 125
45 130
45 134
45 146
45 156
45 159
45 165
45 166
45 169
45 173
45 176
45 178
45 181
45 184
45 187
45 204
45 205
45 206
45 208
45 213
45 221
46 47
46 48
46 49
46 50
46 51
46 52
46 53
46 54
46 55
46 56
46 57
46 58
46 59
46 68
46 82
46 86
46 87
46 88
46 89
46 91
46 97
46 100
46 101
46 105
46 108
46 111
46 115
46 117
46 123
46 124
46 148
46 150
46 155
46 167
46 174
46 180
46 184
46 188
46 198
46 201
46 204
46 205
46 209
46 212
46 214
46 222
47 48
47 49
47 50
47 51
47 52
47 53
47 54
47 55
47 56
47 57
47 58
47 59
47 75
47 76
47 78
47 80
47 85
47 90
47 92
47 93
47 99
47 100
47 105
47 113
47 114
47 117
47 120
47 121
47 138
47 140
47 142
47 144
47 147
47 148
47 170
47 171
47 174
47 176
47 177
47 181
47 182
47 185
47 192
47 204
47 214
47 217
47 220
47 222
48 49
48 50
48 51
48 52
48 53
48 54
48 55
48 56
48 57
48 58
48 59
48 80
48 83
48 87
48 93
48 100
48 106
48 113
48 114
48 126
48 134
48 135
48 149
48 150
48 153
48 159
48 161
48 164
48 166
48 169
48 174
48 175
48 178
48 179
48 182
48 185
48 191
48 193
48 200
48 205
48 210
48 212
48 214
48 224
49 50
49 51
49 52
49 53
49 54
49 55
49 56
49 57
49 58
49 59
49 68
49 79
49 81
49 95
49 106
49 107
49 109
49 113
49 114
49 119
49 129
49 144
49 148
49 149
49 153
49 165
49 167
49 170
49 171
49 177
49 180
49 184
49 186
49 188
49 194
49 200
49 210
49 215
49 218
49 223
50 51
50 52
50 53
50 54
50 55
50 56
50 57
50 58
50 59
50 60
50 65
50 67
50 75
50 82
50 85
50 88
50 89
50 92
50 95
50 98
50 104
50 110
50 114
50 118
50 119
50 120
50 122
50 123
50 128
50 131
50 136
50 144
50 147
50 150
50 152
50 154
50 168
50 172
50 173
50 175
50 177
50 182
50 187
50 189
50 190
50 193
50 197
50 202
50 213
50 214
50 215
50 220
51 52
51 53
51 54
51 55
51 56
51 57
51 58
51 59
51 62
51 63
51 72
51 75
51 86
51 92
51 98
51 100
51 103
51 106
51 112
51 115
51 116
51 118
51 119
51 121
51 122
51 123
51 143
51 148
51 153
51 156
51 158
51 163
51 168
51 169
51 175
51 179
51 180
51 205
51 206
51 212
51 216
51 224
52 53
52 54
52 55
52 56
52 57
52 58
52 59
52 70
52 73
52 75
52 83
52 91
52 94
52 97
52 100
52 102
52 106
52 114
52 135
52 140
52 148
52 150
52 153
52 167
52 169
52 175
52 178
52 181
52 182
52 187
52 189
52 199
52 200
52 202
52 203
52 211
52 218
52 219
52 222
53 54
53 55
53 56
53 57
53 58
53 59
53 63
53 65
53 71
53 72
53 74
53 77
53 82
53 86
53 93
53 104
53 106
53 111
53 117
53 118
53 119
53 121
53 127
53 130
53 136
53 146
53 149
53 155
53 158
53 160
53 168
53 173
53 175
53 181
53 191
53 194
53 195
53 196
53 200
53 202
53 206
53 215
53 217
53 218
53 219
53 220
53 221
54 55
54 56
54 57
54 58
54 59
54 68
54 69
54 70
54 79
54 84
54 88
54 90
54 96
54 99
54 100
54 110
54 115
54 121
54 124
54 128
54 133
54 143
54 148
54 149
54 151
54 156
54 157
54 159
54 161
54 164
54 167
54 171
54 177
54 197
54 208
54 211
54 214
54 220
54 223
55 56
55 57
55 58
55 59
55 80
55 89
55 90
55 97
55 103
55 104
55 105
55 106
55 115
55 119
55 133
55 140
55 142
55 144
55 159
55 161
55 162
55 172
55 173
55 174
55 179
55 181
55 183
55 184
55 191
55 200
55 202
55 204
55 218
55 221
55 224
56 57
56 58
56 59
56 63
56 72
56 76
56 77
56 88
56 97
56 99
56 100
56 101
56 106
56 108
56 109
56 117
56 119
56 125
56 129
56 151
56 153
56 159
56 162
56 172
56 173
56 175
56 182
56 186
56 195
56 196
56 201
56 202
56 206
56 216
56 222
57 58
57 59
57 61
57 74
57 80
57 104
57 113
57 122
57 123
57 136
57 140
57 141
57 142
57 143
57 145
57 146
57 151
57 157
57 159
57 160
57 166
57 167
57 169
57 173
57 179
57 181
57 186
57 188
57 192
57 198
57 201
57 202
57 203
57 204
57 206
57 207
57 208
57 211
57 215
57 218
57 220
57 224
58 59
58 60
58 62
58 73
58 75
58 84
58 85
58 95
58 96
58 109
58 118
58 123
58 125
58 126
58 131
58 134
58 139
58 143
58 148
58 149
58 158
58 161
58 173
58 185
58 195
58 202
58 204
58 214
58 215
58 220
58 223
59 60
59 62
59 65
59 68
59 71
59 74
59 80
59 94
59 109
59 111
59 118
59 119
59 123
59 124
59 128
59 132
59 134
59 135
59 137
59 143
59 147
59 171
59 176
59 191
59 192
59 196
59 207
59 212
64 65
64 66
64 67
64 68
64 69
64 70
64 71
64 72
64 73
64 74
64 60
64 61
64 62
64 63
64 85
64 89
64 95
64 99
64 104
64 125
64 127
64 129
64 131
64 135
64 137
64 140
64 143
64 153
64 155
64 159
64 160
64 163
64 164
64 167
64 168
64 170
64 177
64 179
64 188
64 189
64 191
64 197
64 199
64 200
64 203
64 211
65 66
65 67
65 68
65 69
65 70
65 71
65 72
65 73
65 74
65 60
65 61
65 62
65 63
65 77
65 78
65 86
65 89
65 97
65 101
65 116
65 117
65 125
65 126
65 131
65 135
65 136
65 141
65 143
65 149
65 153
65 163
65 167
65 172
65 185
65 187
65 194
65 198
65 199
65 206
65 209
65 220
66 67
66 68
66 69
66 70
66 71
66 72
66 73
66 74
66 60
66 61
66 62
66 63
66 78
66 83
66 84
66 90
66 93
66 103
66 106
66 107
66 108
66 109
66 111
66 112
66 117
66 121
66 122
66 125
66 129
66 138
66 144
66 148
66 160
66 161
66 163
66 164
66 165
66 174
66 186
66 194
66 195
66 203
66 204
66 206
66 208
66 216
66 217
66 218
66 222
67 68
67 69
67 70
67 71
67 72
67 73
67 74
67 60
67 61
67 62
67 63
67 82
67 83
67 84
67 85
67 94
67 100
67 106
67 108
67 110
67 111
67 113
67 118
67 120
67 125
67 130
67 131
67 134
67 136
67 146
67 147
67 148
67 159
67 162
67 165
67 176
67 178
67 182
67 184
67 191
67 192
67 194
67 196
67 200
67 204
67 205
67 215
67 221
67 222
68 69
68 70
68 71
68 72
68 73
68 74
68 60
68 61
68 62
68 63
68 77
68 90
68 98
68 102
68 103
68 106
68 111
68 113
68 116
68 118
68 119
68 136
68 139
68 142
68 144
68 154
68 168
68 171
68 174
68 183
68 185
68 187
68 191
68 193
68 202
68 217
68 219
68 221
69 70
69 71
69 72
69 73
69 74
69 60
69 61
69 62
69 63
69 89
69 91
69 99
69 105
69 115
69 118
69 130
69 131
69 139
69 142
69 146
69 147
69 152
69 165
69 169
69 170
69 195
69 199
69 202
69 204
69 211
69 219
70 71
70 72
70 73
70 74
70 60
70 61
70 62
70 63
70 79
70 83
70 84
70 87
70 89
70 95
70 96
70 102
70 106
70 107
70 109
70 114
70 118
70 119
70 122
70 137
70 141
70 143
70 149
70 156
70 162
70 172
70 173
70 174
70 177
70 178
70 184
70 187
70 188
70 190
70 197
70 198
70 206
70 207
70 223
71 72
71 73
71 74
71 60
71 61
71 62
71 63
71 76
71 81
71 87
71 91
71 96
71 99
71 109
71 111
71 112
71 116
71 118
71 119
71 121
71 124
71 125
71 127
71 130
71 143
71 150
71 153
71 154
71 157
71 161
71 170
71 173
71 186
71 188
71 195
71 200
71 201
71 205
71 206
71 212
71 213
71 214
71 224
72 73
72 74
72 60
72 61
72 62
72 63
72 81
72 84
72 86
72 98
72 105
72 106
72 114
72 116
72 118
72 141
72 147
72 151
72 152
72 159
72 163
72 168
72 170
72 171
72 176
72 181
72 182
72 184
72 185
72 191
72 200
72 206
72 207
72 209
72 216
72 220
72 221
72 224
73 74
73 60
73 61
73 62
73 63
73 76
73 85
73 105
73 113
73 120
73 124
73 136
73 140
73 141
73 143
73 157
73 168
73 169
73 172
73 182
73 184
73 187
73 188
73 189
73 202
73 220
74 60
74 61
74 62
74 63
74 82
74 87
74 89
74 90
74 94
74 95
74 104
74 110
74 113
74 119
74 135
74 136
74 137
74 138
74 146
74 152
74 164
74 174
74 183
74 189
74 205
74 207
74 208
74 210
74 216
74 220
60 61
60 62
60 63
60 76
60 77
60 78
60 79
60 89
60 90
60 102
60 113
60 124
60 128
60 130
60 132
60 135
60 137
60 141
60 148
60 160
60 162
60 177
60 189
60 196
60 204
60 208
60 211
60 214
60 218
61 62
61 63
61 80
61 86
61 91
61 99
61 110
61 111
61 122
61 125
61 128
61 143
61 144
61 145
61 147
61 149
61 151
61 164
61 165
61 166
61 171
61 184
61 186
61 187
61 199
61 205
61 208
61 210
61 216
61 218
62 63
62 75
62 77
62 83
62 89
62 92
62 103
62 108
62 115
62 116
62 121
62 122
62 124
62 125
62 144
62 147
62 149
62 158
62 163
62 172
62 177
62 179
62 184
62 186
62 191
62 194
62 197
62 201
62 203
62 219
63 80
63 82
63 83
63 85
63 87
63 94
63 97
63 103
63 106
63 117
63 127
63 132
63 136
63 138
63 139
63 142
63 156
63 173
63 174
63 175
63 176
63 178
63 184
63 188
63 191
63 192
63 209
63 217
63 219
63 223
63 224
75 76
75 77
75 78
75 79
75 80
75 81
75 82
75 83
75 84
75 85
75 86
75 87
75 88
75 89
75 93
75 105
75 108
75 109
75 120
75 123
75 128
75 130
75 133
75 134
75 142
75 144
75 145
75 146
75 150
75 173
75 180
75 183
75 192
75 199
75 201
75 203
75 205
75 206
75 208
75 211
75 215
76 77
76 78
76 79
76 80
76 81
76 82
76 83
76 84
76 85
76 86
76 87
76 88
76 89
76 98
76 101
76 102
76 110
76 115
76 120
76 124
76 127
76 129
76 130
76 132
76 135
76 137
76 144
76 150
76 153
76 163
76 169
76 175
76 179
76 184
76 185
76 188
76 202
76 203
76 206
76 207
76 210
76 214
76 220
76 224
77 78
77 79
77 80
77 81
77 82
77 83
77 84
77 85
77 86
77 87
77 88
77 89
77 90
77 96
77 103
77 104
77 114
77 122
77 124
77 129
77 130
77 132
77 137
77 149
77 159
77 162
77 164
77 167
77 169
77 183
77 185
77 188
77 198
77 204
77 209
77 211
77 214
77 215
77 219
77 220
77 222
77 223
78 79
78 80
78 81
78 82
78 83
78 84
78 85
78 86
78 87
78 88
78 89
78 92
78 104
78 107
78 108
78 113
78 114
78 122
78 123
78 124
78 132
78 133
78 134
78 138
78 139
78 155
78 178
78 179
78 183
78 184
78 190
78 192
78 193
78 199
78 212
78 219
79 80
79 81
79 82
79 83
79 84
79 85
79 86
79 87
79 88
79 89
79 95
79 100
79 102
79 105
79 106
79 112
79 113
79 122
79 139
79 141
79 147
79 152
79 173
79 174
79 177
79 197
79 199
79 203
79 209
79 212
79 217
80 81
80 82
80 83
80 84
80 85
80 86
80 87
80 88
80 89
80 91
80 95
80 98
80 99
80 112
80 117
80 119
80 123
80 126
80 130
80 131
80 134
80 138
80 140
80 142
80 148
80 150
80 156
80 157
80 161
80 170
80 173
80 180
80 184
80 189
80 191
80 199
80 203
80 208
80 219
81 82
81 83
81 84
81 85
81 86
81 87
81 88
81 89
81 92
81 93
81 94
81 96
81 109
81 111
81 120
81 122
81 124
81 129
81 130
81 133
81 135
81 138
81 141
81 145
81 147
81 159
81 161
81 162
81 163
81 165
81 167
81 170
81 173
81 174
81 175
81 177
81 181
81 183
81 188
81 189
81 191
81 197
81 201
81 213
81 220
81 221
81 222
82 83
82 84
82 85
82 86
82 87
82 88
82 89
82 90
82 94
82 102
82 109
82 123
82 131
82 133
82 142
82 143
82 148
82 151
82 153
82 155
82 158
82 159
82 162
82 163
82 165
82 180
82 187
82 188
82 190
82 191
82 192
82 198
82 199
82 204
82 212
82 215
82 217
82 222
82 224
83 84
83 85
83 86
83 87
83 88
83 89
83 94
83 101
83 114
83 119
83 149
83 156
83 161
83 166
83 167
83 173
83 174
83 184
83 196
83 206
83 209
83 222
84 85
84 86
84 87
84 88
84 89
84 90
84 91
84 109
84 110
84 114
84 115
84 118
84 122
84 123
84 126
84 130
84 137
84 139
84 148
84 149
84 156
84 157
84 164
84 171
84 173
84 174
84 182
84 184
84 187
84 190
84 202
84 206
84 207
84 210
84 214
84 220
84 222
85 86
85 87
85 88
85 89
85 91
85 94
85 98
85 109
85 110
85 118
85 135
85 137
85 140
85 143
85 145
85 149
85 150
85 154
85 156
85 158
85 192
85 193
85 204
85 210
85 211
85 213
85 215
85 218
85 221
85 223
86 87
86 88
86 89
86 90
86 93
86 103
86 107
86 109
86 111
86 113
86 121
86 122
86 123
86 128
86 138
86 139
86 147
86 161
86 171
86 179
86 180
86 191
86 193
86 201
86 204
86 207
86 208
86 210
86 217
87 88
87 89
87 94
87 96
87 100
87 101
87 103
87 104
87 106
87 107
87 111
87 120
87 126
87 127
87 128
87 146
87 153
87 159
87 162
87 163
87 166
87 172
87 176
87 178
87 182
87 184
87 186
87 194
87 197
87 200
87 208
87 216
87 217
87 222
87 224
88 89
88 91
88 93
88 94
88 100
88 101
88 114
88 116
88 119
88 121
88 123
88 128
88 131
88 134
88 138
88 139
88 141
88 143
88 151
88 152
88 159
88 167
88 168
88 180
88 184
88 187
88 188
88 190
88 193
88 197
88 200
88 204
88 210
88 221
89 91
89 101
89 117
89 119
89 126
89 139
89 148
89 150
89 153
89 158
89 160
89 165
89 167
89 168
89 170
89 174
89 186
89 189
89 192
89 195
89 198
89 203
89 208
89 210
89 216
89 224
96 97
96 98
96 99
96 100
96 101
96 102
96 103
96 104
96 90
96 91
96 92
96 93
96 94
96 95
96 105
96 107
96 111
96 123
96 128
96 131
96 134
96 136
96 143
96 144
96 145
96 149
96 153
96 167
96 168
96 169
96 173
96 176
96 179
96 180
96 188
96 189
96 194
96 197
96 204
96 208
96 210
96 217
96 218
97 98
97 99
97 100
97 101
97 102
97 103
97 104
97 90
97 91
97 92
97 93
97 94
97 95
97 105
97 107
97 108
97 111
97 112
97 116
97 127
97 129
97 147
97 154
97 156
97 161
97 174
97 178
97 179
97 180
97 187
97 190
97 196
97 206
97 211
97 216
97 219
97 220
98 99
98 100
98 101
98 102
98 103
98 104
98 90
98 91
98 92
98 93
98 94
98 95
98 109
98 111
98 118
98 123
98 125
98 127
98 129
98 132
98 141
98 146
98 151
98 154
98 155
98 162
98 166
98 171
98 173
98 174
98 196
98 205
98 209
98 213
98 218
98 219
98 223
99 100
99 101
99 102
99 103
99 104
99 90
99 91
99 92
99 93
99 94
99 95
99 105
99 106
99 107
99 113
99 115
99 118
99 119
99 123
99 126
99 129
99 132
99 134
99 139
99 140
99 144
99 151
99 159
99 163
99 167
99 171
99 172
99 174
99 180
99 185
99 188
99 189
99 193
99 196
99 197
99 198
99 203
99 214
99 217
99 219
99 220
100 101
100 102
100 103
100 104
100 90
100 91
100 92
100 93
100 94
100 95
100 108
100 109
100 113
100 121
100 126
100 130
100 131
100 134
100 140
100 148
100 152
100 155
100 159
100 163
100 168
100 173
100 174
100 175
100 179
100 181
100 188
100 190
100 202
100 204
100 212
100 213
100 215
100 218
100 223
100 224
101 102
101 103
101 104
101 90
101 91
101 92
101 93
101 94
101 95
101 108
101 109
101 116
101 120
101 121
101 129
101 133
101 135
101 136
101 143
101 152
101 170
101 171
101 182
101 183
101 185
101 186
101 188
101 191
101 192
101 219
101 222
101 223
101 224
102 103
102 104
102 90
102 91
102 92
102 93
102 94
102 95
102 111
102 117
102 120
102 125
102 127
102 129
102 138
102 148
102 150
102 157
102 165
102 167
102 169
102 170
102 174
102 183
102 191
102 194
102 197
102 198
102 202
102 203
102 209
102 223
102 224
103 104
103 90
103 91
103 92
103 93
103 94
103 95
103 107
103 112
103 123
103 125
103 127
103 128
103 134
103 144
103 149
103 157
103 159
103 161
103 164
103 175
103 176
103 181
103 184
103 198
103 199
103 210
103 211
103 212
103 224
104 90
104 91
104 92
104 93
104 94
104 95
104 106
104 112
104 113
104 116
104 123
104 149
104 150
104 152
104 167
104 181
104 182
104 186
104 188
104 189
104 193
104 195
104 199
104 200
104 204
104 213
104 217
104 219
104 223
90 91
90 92
90 93
90 94
90 95
90 110
90 117
90 121
90 127
90 135
90 143
90 146
90 156
90 157
90 164
90 168
90 174
90 176
90 178
90 187
90 189
90 193
90 200
90 202
90 208
90 209
90 217
91 92
91 93
91 94
91 95
91 106
91 114
91 115
91 116
91 118
91 122
91 125
91 128
91 129
91 134
91 137
91 151
91 153
91 156
91 164
91 166
91 170
91 171
91 178
91 180
91 184
91 186
91 188
91 189
91 190
91 195
91 201
91 209
91 210
91 212
91 215
91 216
91 219
91 223
92 93
92 94
92 95
92 106
92 107
92 109
92 110
92 117
92 118
92 120
92 122
92 123
92 131
92 134
92 140
92 144
92 149
92 154
92 159
92 164
92 169
92 173
92 176
92 180
92 181
92 182
92 183
92 187
92 188
92 191
92 195
92 202
92 206
92 207
92 208
92 211
92 213
92 215
92 218
92 221
93 94
93 95
93 109
93 114
93 119
93 123
93 131
93 136
93 156
93 158
93 164
93 166
93 174
93 179
93 181
93 188
93 190
93 191
93 195
93 196
93 197
93 199
93 203
93 204
93 206
93 212
94 95
94 105
94 115
94 123
94 125
94 129
94 133
94 134
94 141
94 158
94 159
94 162
94 166
94 167
94 169
94 170
94 173
94 179
94 181
94 184
94 185
94 186
94 198
94 207
95 115
95 120
95 125
95 130
95 137
95 145
95 147
95 148
95 153
95 163
95 164
95 183
95 186
95 188
95 197
95 200
95 203
95 205
95 208
95 215
95 224
105 106
105 107
105 108
105 109
105 110
105 111
105 112
105 113
105 114
105 115
105 116
105 117
105 118
105 119
105 124
105 126
105 131
105 139
105 144
105 146
105 152
105 157
105 162
105 169
105 171
105 175
105 179
105 182
105 185
105 195
105 203
105 205
105 210
105 216
105 220
105 222
106 107
106 108
106 109
106 110
106 111
106 112
106 113
106 114
106 115
106 116
106 117
106 118
106 119
106 123
106 133
106 136
106 137
106 169
106 171
106 181
106 183
106 189
106 207
106 210
106 212
106 213
106 216
106 219
106 221
107 108
107 109
107 110
107 111
107 112
107 113
107 114
107 115
107 116
107 117
107 118
107 119
107 120
107 121
107 126
107 128
107 131
107 151
107 167
107 168
107 169
107 171
107 179
107 183
107 197
107 199
107 209
107 213
107 215
107 217
108 109
108 110
108 111
108 112
108 113
108 114
108 115
108 116
108 117
108 118
108 119
108 121
108 128
108 134
108 145
108 149
108 151
108 157
108 160
108 169
108 177
108 185
108 186
108 189
108 192
108 197
108 199
108 200
108 205
108 210
108 213
108 214
108 215
108 220
108 221
109 110
109 111
109 112
109 113
109 114
109 115
109 116
109 117
109 118
109 119
109 120
109 122
109 128
109 130
109 134
109 139
109 143
109 159
109 164
109 179
109 182
109 188
109 191
109 192
109 196
109 201
109 202
109 214
109 216
109 222
109 224
110 111
110 112
110 113
110 114
110 115
110 116
110 117
110 118
110 119
110 121
110 133
110 135
110 138
110 140
110 145
110 148
110 153
110 154
110 155
110 159
110 162
110 185
110 191
110 199
110 200
110 205
110 206
110 209
110 216
110 224
111 112
111 113
111 114
111 115
111 116
111 117
111 118
111 119
111 132
111 142
111 144
111 153
111 163
111 180
111 189
111 190
111 192
111 203
111 205
111 209
111 211
111 212
111 215
111 216
111 222
112 113
112 114
112 115
112 116
112 117
112 118
112 119
112 127
112 130
112 132
112 133
112 135
112 137
112 142
112 156
112 157
112 158
112 160
112 164
112 174
112 175
112 178
112 180
112 183
112 184
112 185
112 186
112 197
112 205
112 208
112 212
112 218
112 220
112 221
112 223
113 114
113 115
113 116
113 117
113 118
113 119
113 120
113 124
113 128
113 135
113 140
113 146
113 147
113 161
113 164
113 166
113 168
113 169
113 173
113 192
113 199
113 215
113 217
113 218
113 222
113 223
114 115
114 116
114 117
114 118
114 119
114 130
114 137
114 147
114 148
114 150
114 152
114 156
114 159
114 163
114 166
114 168
114 169
114 179
114 182
114 189
114 191
114 192
114 195
114 197
114 201
114 209
114 213
114 214
114 218
114 221
115 116
115 117
115 118
115 119
115 121
115 122
115 124
115 126
115 130
115 143
115 147
115 150
115 152
115 155
115 158
115 163
115 167
115 169
115 176
115 179
115 180
115 184
115 186
115 191
115 193
115 195
115 196
115 201
115 216
115 217
116 117
116 118
116 119
116 121
116 129
116 133
116 136
116 139
116 144
116 157
116 160
116 177
116 179
116 182
116 186
116 192
116 196
116 197
116 198
116 209
116 214
116 215
116 216
116 217
116 221
117 118
117 119
117 120
117 133
117 138
117 142
117 143
117 154
117 158
117 162
117 163
117 166
117 167
117 193
117 198
117 201
117 204
117 206
117 211
117 215
117 217
117 218
117 222
117 223
117 224
118 119
118 129
118 133
118 136
118 139
118 145
118 150
118 156
118 159
118 168
118 169
118 170
118 174
118 182
118 184
118 187
118 189
118 190
118 192
118 196
118 199
118 212
118 214
118 215
118 216
118 218
118 220
118 221
118 223
119 122
119 136
119 152
119 156
119 159
119 169
119 171
119 197
119 198
119 202
119 204
119 206
119 208
119 209
119 210
119 212
119 219
128 129
128 130
128 131
128 132
128 133
128 134
128 120
128 121
128 122
128 123
128 124
128 125
128 126
128 127
128 138
128 142
128 147
128 152
128 154
128 156
128 158
128 165
128 166
128 171
128 178
128 179
128 192
128 194
128 204
128 211
128 220
129 130
129 131
129 132
129 133
129 134
129 120
129 121
129 122
129 123
129 124
129 125
129 126
129 127
129 141
129 142
129 148
129 150
129 157
129 163
129 164
129 172
129 183
129 185
129 192
129 200
129 204
129 211
129 214
129 215
129 216
129 218
130 131
130 132
130 133
130 134
130 120
130 121
130 122
130 123
130 124
130 125
130 126
130 127
130 141
130 152
130 155
130 159
130 160
130 161
130 170
130 178
130 180
130 184
130 201
130 204
130 207
130 209
130 211
130 217
131 132
131 133
131 134
131 120
131 121
131 122
131 123
131 124
131 125
131 126
131 127
131 146
131 151
131 152
131 159
131 164
131 169
131 171
131 180
131 182
131 185
131 188
131 191
131 207
131 212
131 213
131 216
131 224
132 133
132 134
132 120
132 121
132 122
132 123
132 124
132 125
132 126
132 127
132 139
132 141
132 142
132 155
132 166
132 171
132 175
132 176
132 177
132 178
132 180
132 185
132 189
132 195
132 198
132 206
132 211
132 221
132 224
133 134
133 120
133 121
133 122
133 123
133 124
133 125
133 126
133 127
133 142
133 143
133 153
133 161
133 166
133 169
133 171
133 173
133 174
133 175
133 194
133 199
133 206
133 208
133 210
133 214
133 219
134 120
134 121
134 122
134 123
134 124
134 125
134 126
134 127
134 141
134 147
134 150
134 152
134 155
134 164
134 171
134 173
134 178
134 184
134 186
134 197
134 210
134 218
134 219
120 121
120 122
120 123
120 124
120 125
120 126
120 127
120 136
120 139
120 142
120 146
120 147
120 152
120 156
120 157
120 160
120 163
120 166
120 167
120 169
120 173
120 181
120 191
120 196
120 200
120 202
120 206
120 208
120 211
120 212
120 214
120 216
120 219
120 224
121 122
121 123
121 124
121 125
121 126
121 127
121 137
121 140
121 141
121 148
121 151
121 156
121 160
121 164
121 173
121 174
121 176
121 193
121 194
121 197
121 199
121 203
121 204
121 205
121 211
121 213
121 218
121 223
122 123
122 124
122 125
122 126
122 127
122 142
122 144
122 160
122 162
122 172
122 173
122 179
122 180
122 195
122 197
122 198
122 219
122 224
123 124
123 125
123 126
123 127
123 140
123 142
123 144
123 149
123 150
123 151
123 168
123 172
123 173
123 178
123 181
123 183
123 189
123 192
123 201
123 205
123 218
123 219
123 223
124 125
124 126
124 127
124 138
124 140
124 141
124 142
124 148
124 153
124 158
124 161
124 162
124 170
124 175
124 176
124 184
124 191
124 193
124 198
124 206
124 208
124 210
124 212
124 215
125 126
125 127
125 140
125 141
125 144
125 147
125 150
125 152
125 153
125 157
125 165
125 170
125 173
125 176
125 182
125 188
125 202
125 205
125 210
125 217
125 219
125 223
126 127
126 137
126 143
126 146
126 154
126 155
126 156
126 166
126 168
126 169
126 174
126 175
126 179
126 199
126 204
127 135
127 136
127 140
127 147
127 161
127 163
127 164
127 169
127 173
127 182
127 184
127 188
127 192
127 194
127 197
127 205
127 209
135 136
135 137
135 138
135 139
135 140
135 141
135 142
135 143
135 144
135 145
135 146
135 147
135 148
135 149
135 156
135 161
135 166
135 167
135 172
135 179
135 180
135 185
135 186
135 192
135 198
135 212
135 214
135 216
135 224
136 137
136 138
136 139
136 140
136 141
136 142
136 143
136 144
136 145
136 146
136 147
136 148
136 149
136 163
136 177
136 187
136 190
136 199
136 201
136 202
136 218
136 219
136 220
136 222
136 224
137 138
137 139
137 140
137 141
137 142
137 143
137 144
137 145
137 146
137 147
137 148
137 149
137 156
137 160
137 168
137 173
137 178
137 180
137 185
137 186
137 187
137 196
137 198
137 203
137 205
137 213
137 215
137 223
137 224
138 139
138 140
138 141
138 142
138 143
138 144
138 145
138 146
138 147
138 148
138 149
138 150
138 162
138 168
138 170
138 173
138 174
138 178
138 183
138 184
138 206
138 208
138 214
138 223
139 140
139 141
139 142
139 143
139 144
139 145
139 146
139 147
139 148
139 149
139 152
139 161
139 164
139 166
139 168
139 169
139 175
139 182
139 183
139 184
139 190
139 195
139 202
139 204
139 206
139 217
139 219
140 141
140 142
140 143
140 144
140 145
140 146
140 147
140 148
140 149
140 153
140 154
140 156
140 160
140 166
140 168
140 174
140 178
140 189
140 200
140 207
140 212
140 216
140 217
140 221
140 222
141 142
141 143
141 144
141 145
141 146
141 147
141 148
141 149
141 150
141 151
141 157
141 166
141 170
141 177
141 181
141 196
141 200
141 201
141 206
141 209
141 220
141 221
141 223
141 224
142 143
142 144
142 145
142 146
142 147
142 148
142 149
142 157
142 158
142 159
142 160
142 161
142 165
142 186
142 188
142 212
142 213
142 222
142 224
143 144
143 145
143 146
143 147
143 148
143 149
143 150
143 152
143 157
143 158
143 160
143 163
143 169
143 172
143 177
143 178
143 188
143 201
143 203
143 204
143 206
143 209
143 223
144 145
144 146
144 147
144 148
144 149
144 154
144 157
144 161
144 163
144 166
144 168
144 169
144 183
144 184
144 190
144 197
144 200
144 203
144 208
144 222
145 146
145 147
145 148
145 149
145 151
145 153
145 173
145 175
145 178
145 182
145 191
145 192
145 193
145 199
145 207
145 208
145 210
145 214
145 217
145 218
145 223
146 147
146 148
146 149
146 150
146 153
146 157
146 158
146 160
146 163
146 165
146 170
146 177
146 181
146 189
146 191
146 214
146 221
146 224
147 148
147 149
147 152
147 155
147 160
147 162
147 166
147 167
147 168
147 171
147 177
147 178
147 182
147 191
147 213
148 149
148 160
148 161
148 167
148 174
148 175
148 177
148 183
148 190
148 191
148 197
148 204
148 214
148 219
148 222
149 160
149 164
149 169
149 186
149 190
149 195
149 203
149 205
149 207
149 209
149 210
149 211
149 216
160 161
160 162
160 163
160 164
160 150
160 151
160 152
160 153
160 154
160 155
160 156
160 157
160 158
160 159
160 165
160 167
160 170
160 171
160 175
160 183
160 194
160 195
160 205
160 208
160 215
160 216
160 223
161 162
161 163
161 164
161 150
161 151
161 152
161 153
161 154
161 155
161 156
161 157
161 158
161 159
161 167
161 174
161 175
161 177
161 178
161 182
161 188
161 195
161 197
161 203
161 204
161 212
161 216
161 218
162 163
162 164
162 150
162 151
162 152
162 153
162 154
162 155
162 156
162 157
162 158
162 159
162 165
162 177
162 181
162 194
162 196
162 197
162 201
162 204
162 212
162 217
162 223
163 164
163 150
163 151
163 152
163 153
163 154
163 155
163 156
163 157
163 158
163 159
163 166
163 169
163 178
163 180
163 183
163 184
163 190
163 194
163 198
163 202
163 203
163 206
163 211
163 215
163 221
164 150
164 151
164 152
164 153
164 154
164 155
164 156
164 157
164 158
164 159
164 167
164 169
164 170
164 174
164 176
164 177
164 179
164 188
164 191
164 196
164 197
164 202
164 205
164 216
164 221
164 222
164 223
164 224
150 151
150 152
150 153
150 154
150 155
150 156
150 157
150 158
150 159
150 176
150 193
150 197
150 198
150 199
150 200
150 208
150 215
150 216
150 217
150 219
150 221
150 224
151 152
151 153
151 154
151 155
151 156
151 157
151 158
151 159
151 168
151 175
151 182
151 196
151 199
151 202
151 209
151 214
151 220
152 153
152 154
152 155
152 156
152 157
152 158
152 159
152 165
152 167
152 169
152 176
152 177
152 197
152 203
152 206
152 209
152 212
152 213
152 220
153 154
153 155
153 156
153 157
153 158
153 159
153 166
153 167
153 175
153 176
153 179
153 180
153 191
153 193
153 199
153 209
153 212
153 221
153 224
154 155
154 156
154 157
154 158
154 159
154 165
154 166
154 168
154 169
154 179
154 180
154 186
154 188
154 197
154 198
154 201
154 207
154 224
155 156
155 157
155 158
155 159
155 172
155 175
155 178
155 180
155 184
155 195
155 197
155 204
155 210
155 211
155 215
155 217
155 221
156 157
156 158
156 159
156 167
156 171
156 180
156 193
156 205
156 207
156 212
156 213
156 214
156 216
156 219
157 158
157 159
157 166
157 185
157 187
157 191
157 192
157 194
157 196
157 206
157 217
157 221
157 222
158 159
158 167
158 173
158 174
158 176
158 180
158 181
158 187
158 194
158 196
158 197
158 212
158 216
158 217
159 173
159 177
159 182
159 187
159 193
159 195
159 199
159 201
159 207
159 212
159 215
159 217
159 218
159 219
159 220
159 221
165 166
165 167
165 168
165 169
165 170
165 171
165 172
165 173
165 174
165 175
165 176
165 177
165 178
165 179
165 194
165 200
165 202
165 204
165 208
165 212
165 213
165 224
166 167
166 168
166 169
166 170
166 171
166 172
166 173
166 174
166 175
166 176
166 177
166 178
166 179
166 180
166 183
166 187
166 202
166 204
166 205
166 209
166 223
167 168
167 169
167 170
167 171
167 172
167 173
167 174
167 175
167 176
167 177
167 178
167 179
167 180
167 186
167 187
167 189
167 200
167 203
167 204
167 207
167 208
167 213
168 169
168 170
168 171
168 172
168 173
168 174
168 175
168 176
168 177
168 178
168 179
168 190
168 193
168 208
168 209
168 213
168 215
168 219
168 220
168 222
169 170
169 171
169 172
169 173
169 174
169 175
169 176
169 177
169 178
169 179
169 181
169 191
169 197
169 199
169 204
169 211
169 214
169 219
169 220
169 221
169 224
170 171
170 172
170 173
170 174
170 175
170 176
170 177
170 178
170 179
170 184
170 188
170 194
170 207
170 210
170 213
171 172
171 173
171 174
171 175
171 176
171 177
171 178
171 179
171 183
171 186
171 191
171 195
171 198
171 201
171 214
172 173
172 174
172 175
172 176
172 177
172 178
172 179
172 182
172 185
172 187
172 196
172 198
172 199
172 201
172 210
172 213
172 216
172 219
172 223
173 174
173 175
173 176
173 177
173 178
173 179
173 181
173 186
173 189
173 208
173 217
173 218
173 220
174 175
174 176
174 177
174 178
174 179
174 181
174 182
174 185
174 192
174 196
174 201
174 204
174 205
174 207
174 213
174 214
174 223
175 176
175 177
175 178
175 179
175 181
175 182
175 192
175 195
175 197
175 211
175 217
175 219
175 220
175 223
176 177
176 178
176 179
176 195
176 204
176 213
176 221
177 178
177 179
177 186
177 193
177 195
177 197
177 201
177 210
177 211
177 212
177 218
177 222
177 223
178 179
178 191
178 195
178 199
178 204
178 213
178 222
179 180
179 189
179 201
179 202
179 203
192 193
192 194
192 180
192 181
192 182
192 183
192 184
192 185
192 186
192 187
192 188
192 189
192 190
192 191
192 198
192 199
192 201
192 211
192 212
192 213
193 194
193 180
193 181
193 182
193 183
193 184
193 185
193 186
193 187
193 188
193 189
193 190
193 191
193 209
193 212
193 213
194 180
194 181
194 182
194 183
194 184
194 185
194 186
194 187
194 188
194 189
194 190
194 191
194 198
194 201
194 203
194 206
194 208
194 224
180 181
180 182
180 183
180 184
180 185
180 186
180 187
180 188
180 189
180 190
180 191
180 201
180 205
180 208
181 182
181 183
181 184
181 185
181 186
181 187
181 188
181 189
181 190
181 191
181 216
181 220
181 221
181 222
181 223
182 183
182 184
182 185
182 186
182 187
182 188
182 189
182 190
182 191
182 196
182 198
182 200
182 207
182 211
182 213
182 219
182 221
182 222
183 184
183 185
183 186
183 187
183 188
183 189
183 190
183 191
183 195
183 203
183 209
183 213
183 219
183 222
184 185
184 186
184 187
184 188
184 189
184 190
184 191
184 200
184 201
184 202
184 203
184 211
184 217
184 220
184 222
184 223
184 224
185 186
185 187
185 188
185 189
185 190
185 191
185 197
185 217
185 218
185 221
186 187
186 188
186 189
186 190
186 191
186 204
186 219
186 224
187 188
187 189
187 190
187 191
187 199
187 207
187 218
187 221
188 189
188 190
188 191
188 199
188 204
188 207
188 211
188 214
188 215
188 216
188 220
188 222
188 224
189 190
189 191
189 199
189 202
189 207
189 208
189 220
189 224
190 191
190 212
190 213
190 217
190 220
190 223
191 201
191 203
191 205
191 207
191 211
191 215
191 217
195 196
195 197
195 198
195 199
195 200
195 201
195 202
195 203
195 204
195 205
195 206
195 207
195 208
195 209
195 211
195 217
195 222
196 197
196 198
196 199
196 200
196 201
196 202
196 203
196 204
196 205
196 206
196 207
196 208
196 209
196 214
196 218
196 220
197 198
197 199
197 200
197 201
197 202
197 203
197 204
197 205
197 206
197 207
197 208
197 209
197 219
197 222
198 199
198 200
198 201
198 202
198 203
198 204
198 205
198 206
198 207
198 208
198 209
198 221
198 223
199 200
199 201
199 202
199 203
199 204
199 205
199 206
199 207
199 208
199 209
199 215
199 222
200 201
200 202
200 203
200 204
200 205
200 206
200 207
200 208
200 209
201 202
201 203
201 204
201 205
201 206
201 207
201 208
201 209
201 212
201 217
202 203
202 204
202 205
202 206
202 207
202 208
202 209
202 210
202 212
202 218
202 220
202 221
202 223
203 204
203 205
203 206
203 207
203 208
203 209
203 210
203 224
204 205
204 206
204 207
204 208
204 209
204 211
204 216
204 222
205 206
205 207
205 208
205 209
205 211
205 212
205 214
205 217
206 207
206 208
206 209
206 215
206 216
206 224
207 208
207 209
207 211
207 214
207 218
207 219
207 220
208 209
208 215
208 221
209 218
209 222
210 224
210 211
210 212
210 213
210 214
210 215
210 216
210 217
210 218
210 219
210 220
210 221
210 222
210 223
224 211
224 212
224 213
224 214
224 215
224 216
224 217
224 218
224 219
224 220
224 221
224 222
224 223
211 212
211 213
211 214
211 215
211 216
211 217
211 218
211 219
211 220
211 221
211 222
211 223
212 213
212 214
212 215
212 216
212 217
212 218
212 219
212 220
212 221
212 222
212 223
213 214
213 215
213 216
213 217
213 218
213 219
213 220
213 221
213 222
213 223
214 215
214 216
214 217
214 218
214 219
214 220
214 221
214 222
214 223
215 216
215 217
215 218
215 219
215 220
215 221
215 222
215 223
216 217
216 218
216 219
216 220
216 221
216 222
216 223
217 218
217 219
217 220
217 221
217 222
217 223
218 219
218 220
218 221
218 222
218 223
219 220
219 221
219 222
219 223
220 221
220 222
220 223
221 222
221 223
222 223
