# 2747 edges
0 1
0 2
0 3
0 4
0 5
0 6
0 7
0 8
0 9
0 10
0 11
0 12
0 13
0 14
0 52
0 62
0 68
0 76
0 83
0 96
0 107
0 123
0 126
0 132
0 146
0 151
0 155
0 172
0 173
1 2
1 3
1 4
1 5
1 6
1 7
1 8
1 9
1 10
1 11
1 12
1 13
1 14
1 16
1 19
1 24
1 25
1 31
1 32
1 57
1 68
1 80
1 105
1 112
1 120
1 136
1 152
2 3
2 4
2 5
2 6
2 7
2 8
2 9
2 10
2 11
2 12
2 13
2 14
2 47
2 67
2 71
2 74
2 81
2 85
2 94
2 104
2 151
2 152
2 169
2 173
2 176
3 4
3 5
3 6
3 7
3 8
3 9
3 10
3 11
3 12
3 13
3 14
3 17
3 21
3 25
3 34
3 39
3 42
3 60
3 64
3 70
3 76
3 85
3 96
3 101
3 115
3 126
3 130
3 137
3 174
4 5
4 6
4 7
4 8
4 9
4 10
4 11
4 12
4 13
4 14
4 15
4 42
4 45
4 62
4 65
4 67
4 75
4 96
4 101
4 116
4 134
4 136
4 140
4 153
4 159
4 163
4 167
4 172
4 174
4 177
4 179
5 6
5 7
5 8
5 9
5 10
5 11
5 12
5 13
5 14
5 17
5 49
5 78
5 109
5 116
5 136
5 153
5 176
5 179
6 7
6 8
6 9
6 10
6 11
6 12
6 13
6 14
6 25
6 33
6 41
6 78
6 86
6 102
6 105
6 106
6 116
6 124
6 126
6 128
6 129
6 162
6 176
7 8
7 9
7 10
7 11
7 12
7 13
7 14
7 16
7 24
7 52
7 61
7 84
7 89
7 98
7 116
7 122
7 129
7 148
7 152
7 160
7 161
7 177
8 9
8 10
8 11
8 12
8 13
8 14
8 27
8 47
8 52
8 54
8 57
8 59
8 65
8 94
8 127
8 131
8 154
8 157
8 164
9 10
9 11
9 12
9 13
9 14
9 18
9 35
9 44
9 49
9 55
9 69
9 75
9 81
9 85
9 93
9 121
9 142
9 149
9 160
9 173
10 11
10 12
10 13
10 14
10 16
10 46
10 62
10 64
10 69
10 83
10 102
10 108
10 119
10 123
10 127
10 137
10 140
10 142
10 153
10 168
11 12
11 13
11 14
11 23
11 28
11 36
11 38
11 41
11 44
11 46
11 64
11 74
11 77
11 89
11 93
11 97
11 103
11 106
11 107
11 111
11 130
11 145
11 149
11 154
11 155
11 156
11 158
11 166
11 167
11 176
12 13
12 14
12 24
12 26
12 53
12 58
12 59
12 66
12 71
12 81
12 83
12 91
12 97
12 100
12 105
12 133
12 167
12 171
12 176
12 178
13 14
13 25
13 29
13 38
13 44
13 53
13 54
13 59
13 65
13 74
13 84
13 117
13 123
13 153
13 172
14 19
14 21
14 29
14 33
14 42
14 56
14 75
14 77
14 96
14 97
14 102
14 108
14 116
14 121
14 130
14 137
14 148
14 153
15 16
15 17
15 18
15 19
15 20
15 21
15 22
15 23
15 24
15 25
15 26
15 27
15 28
15 29
15 48
15 69
15 73
15 77
15 79
15 84
15 104
15 108
15 112
15 116
15 124
15 129
15 150
15 151
15 172
15 175
16 17
16 18
16 19
16 20
16 21
16 22
16 23
16 24
16 25
16 26
16 27
16 28
16 29
16 42
16 47
16 68
16 71
16 72
16 126
16 129
16 167
17 18
17 19
17 20
17 21
17 22
17 23
17 24
17 25
17 26
17 27
17 28
17 29
17 37
17 45
17 51
17 75
17 76
17 78
17 87
17 101
17 103
17 125
17 130
17 136
17 154
17 164
17 167
17 174
17 179
18 19
18 20
18 21
18 22
18 23
18 24
18 25
18 26
18 27
18 28
18 29
18 55
18 59
18 62
18 81
18 97
18 102
18 106
18 117
18 133
18 135
18 143
18 147
18 151
18 160
19 20
19 21
19 22
19 23
19 24
19 25
19 26
19 27
19 28
19 29
19 31
19 32
19 36
19 38
19 43
19 47
19 59
19 61
19 68
19 72
19 76
19 82
19 93
19 112
19 116
19 118
19 130
19 133
19 150
19 164
19 171
19 172
19 175
19 177
20 21
20 22
20 23
20 24
20 25
20 26
20 27
20 28
20 29
20 48
20 61
20 84
20 92
20 108
20 117
20 123
20 134
20 135
20 139
20 146
20 150
20 151
21 22
21 23
21 24
21 25
21 26
21 27
21 28
21 29
21 34
21 38
21 48
21 105
21 106
21 110
21 120
21 121
21 122
21 123
21 131
21 138
21 146
21 147
21 153
21 160
21 177
22 23
22 24
22 25
22 26
22 27
22 28
22 29
22 41
22 49
22 51
22 65
22 95
22 133
22 139
22 149
23 24
23 25
23 26
23 27
23 28
23 29
23 39
23 44
23 46
23 63
23 66
23 71
23 103
23 108
23 123
23 131
23 147
23 155
23 179
24 25
24 26
24 27
24 28
24 29
24 38
24 43
24 47
24 78
24 93
24 97
24 100
24 103
24 107
24 116
24 147
24 160
24 164
24 165
24 168
25 26
25 27
25 28
25 29
25 46
25 48
25 49
25 63
25 64
25 79
25 80
25 81
25 85
25 93
25 107
25 109
25 119
25 137
25 144
25 152
26 27
26 28
26 29
26 31
26 32
26 38
26 42
26 48
26 52
26 56
26 93
26 103
26 122
26 130
26 140
26 149
26 170
26 174
26 176
26 178
27 28
27 29
27 55
27 62
27 70
27 76
27 83
27 103
27 107
27 117
27 153
27 163
27 164
28 29
28 51
28 52
28 54
28 58
28 61
28 67
28 74
28 79
28 81
28 83
28 87
28 92
28 95
28 100
28 110
28 116
28 129
28 133
28 142
28 152
28 171
28 172
28 174
29 31
29 38
29 45
29 52
29 71
29 78
29 84
29 86
29 87
29 89
29 91
29 105
29 114
29 152
29 155
29 156
32 33
32 34
32 35
32 36
32 37
32 38
32 39
32 40
32 41
32 42
32 43
32 44
32 30
32 31
32 46
32 57
32 62
32 64
32 69
32 105
32 147
32 164
32 170
32 171
32 176
33 34
33 35
33 36
33 37
33 38
33 39
33 40
33 41
33 42
33 43
33 44
33 30
33 31
33 66
33 76
33 85
33 86
33 92
33 95
33 106
33 110
33 112
33 115
33 131
33 137
33 139
33 147
33 163
33 170
33 173
33 177
34 35
34 36
34 37
34 38
34 39
34 40
34 41
34 42
34 43
34 44
34 30
34 31
34 78
34 92
34 112
34 115
34 118
34 125
34 128
34 134
34 135
34 142
34 168
35 36
35 37
35 38
35 39
35 40
35 41
35 42
35 43
35 44
35 30
35 31
35 45
35 54
35 59
35 60
35 61
35 76
35 78
35 84
35 89
35 91
35 107
35 133
35 151
35 160
35 169
36 37
36 38
36 39
36 40
36 41
36 42
36 43
36 44
36 30
36 31
36 54
36 67
36 79
36 81
36 83
36 107
36 124
36 145
36 147
36 151
36 161
36 165
37 38
37 39
37 40
37 41
37 42
37 43
37 44
37 30
37 31
37 57
37 58
37 74
37 91
37 117
37 124
37 157
37 164
37 168
38 39
38 40
38 41
38 42
38 43
38 44
38 30
38 31
38 59
38 62
38 67
38 68
38 111
38 112
38 118
38 119
38 122
38 135
38 137
38 138
38 147
38 163
38 168
38 172
38 179
39 40
39 41
39 42
39 43
39 44
39 30
39 31
39 63
39 71
39 101
39 134
39 141
39 142
39 167
39 171
39 173
40 41
40 42
40 43
40 44
40 30
40 31
40 66
40 69
40 92
40 96
40 98
40 113
40 117
40 122
40 129
40 136
40 145
40 154
40 155
40 157
40 163
40 166
40 174
40 178
41 42
41 43
41 44
41 30
41 31
41 47
41 53
41 78
41 82
41 85
41 100
41 102
41 111
41 120
41 121
41 122
41 124
41 125
41 138
41 140
41 151
41 155
41 174
42 43
42 44
42 30
42 31
42 47
42 65
42 68
42 75
42 77
42 83
42 87
42 93
42 94
42 96
42 103
42 124
42 133
42 135
42 146
42 162
42 176
43 44
43 30
43 31
43 51
43 54
43 59
43 83
43 95
43 100
43 103
43 104
43 106
43 123
43 130
43 149
43 156
43 162
44 30
44 31
44 70
44 72
44 77
44 80
44 84
44 88
44 106
44 110
44 121
44 146
44 151
44 165
44 169
30 31
30 59
30 76
30 80
30 86
30 90
30 100
30 105
30 125
30 134
30 136
30 141
30 158
31 54
31 62
31 78
31 90
31 108
31 110
31 111
31 116
31 147
31 174
31 175
31 176
31 177
45 46
45 47
45 48
45 49
45 50
45 51
45 52
45 53
45 54
45 55
45 56
45 57
45 58
45 59
45 64
45 73
45 76
45 79
45 99
45 109
45 145
45 153
45 156
45 170
45 174
45 175
46 47
46 48
46 49
46 50
46 51
46 52
46 53
46 54
46 55
46 56
46 57
46 58
46 59
46 61
46 128
46 132
46 133
46 153
46 154
46 173
46 175
47 48
47 49
47 50
47 51
47 52
47 53
47 54
47 55
47 56
47 57
47 58
47 59
47 64
47 71
47 89
47 92
47 100
47 119
47 133
47 143
48 49
48 50
48 51
48 52
48 53
48 54
48 55
48 56
48 57
48 58
48 59
48 60
48 137
48 149
48 150
49 50
49 51
49 52
49 53
49 54
49 55
49 56
49 57
49 58
49 59
49 97
49 113
49 115
49 117
49 124
49 125
49 127
49 132
49 133
49 138
49 150
49 167
49 169
49 171
50 51
50 52
50 53
50 54
50 55
50 56
50 57
50 58
50 59
50 74
50 89
50 102
50 140
50 160
50 167
51 52
51 53
51 54
51 55
51 56
51 57
51 58
51 59
51 68
51 89
51 98
51 99
51 108
51 146
51 154
51 160
52 53
52 54
52 55
52 56
52 57
52 58
52 59
52 78
52 93
52 106
52 110
52 122
52 135
52 143
52 147
52 149
52 153
52 172
53 54
53 55
53 56
53 57
53 58
53 59
53 68
53 83
53 87
53 93
53 96
53 115
53 118
53 125
53 129
53 135
53 137
53 142
53 144
53 145
53 163
53 167
53 173
53 174
53 177
53 178
54 55
54 56
54 57
54 58
54 59
54 63
54 72
54 75
54 93
54 94
54 100
54 101
54 102
54 119
54 127
54 130
54 148
54 170
54 178
55 56
55 57
55 58
55 59
55 60
55 80
55 84
55 95
55 96
55 107
55 127
55 138
55 139
55 140
55 141
55 145
55 151
55 161
56 57
56 58
56 59
56 72
56 86
56 91
56 97
56 102
56 107
56 122
56 128
56 132
56 135
56 142
56 143
56 148
56 151
56 152
56 176
57 58
57 59
57 60
57 71
57 74
57 94
57 114
57 116
57 148
57 160
57 161
57 178
58 59
58 73
58 87
58 88
58 93
58 101
58 134
58 140
58 155
58 161
58 164
58 177
59 73
59 97
59 103
59 109
59 125
59 128
59 130
59 131
59 133
59 140
59 143
59 145
59 147
59 154
59 165
59 175
59 179
64 65
64 66
64 67
64 68
64 69
64 70
64 71
64 72
64 73
64 74
64 60
64 61
64 62
64 63
64 85
64 93
64 100
64 102
64 140
64 152
64 165
65 66
65 67
65 68
65 69
65 70
65 71
65 72
65 73
65 74
65 60
65 61
65 62
65 63
65 78
65 81
65 94
65 102
65 120
65 121
65 123
65 130
65 135
65 138
65 144
65 145
65 150
65 159
65 165
65 166
66 67
66 68
66 69
66 70
66 71
66 72
66 73
66 74
66 60
66 61
66 62
66 63
66 78
66 87
66 88
66 111
66 116
66 122
66 154
66 157
66 160
67 68
67 69
67 70
67 71
67 72
67 73
67 74
67 60
67 61
67 62
67 63
67 80
67 93
67 106
67 113
67 126
67 134
67 135
67 161
67 169
67 174
67 175
68 69
68 70
68 71
68 72
68 73
68 74
68 60
68 61
68 62
68 63
68 95
68 100
68 105
68 119
68 128
68 139
68 141
68 166
68 174
69 70
69 71
69 72
69 73
69 74
69 60
69 61
69 62
69 63
69 84
69 103
69 104
69 120
69 125
69 135
69 141
69 143
69 155
69 165
69 170
70 71
70 72
70 73
70 74
70 60
70 61
70 62
70 63
70 75
70 82
70 100
70 103
70 104
70 107
70 113
70 125
70 129
70 138
70 143
70 146
70 159
70 167
71 72
71 73
71 74
71 60
71 61
71 62
71 63
71 78
71 85
71 92
71 97
71 99
71 107
71 112
71 124
71 125
71 130
71 147
71 167
71 173
71 175
71 178
72 73
72 74
72 60
72 61
72 62
72 63
72 76
72 82
72 88
72 89
72 91
72 113
72 118
72 123
72 138
72 139
72 150
73 74
73 60
73 61
73 62
73 63
73 77
73 89
73 113
73 121
73 130
73 136
73 165
73 178
74 60
74 61
74 62
74 63
74 78
74 112
74 114
74 124
74 127
74 128
74 136
74 143
74 147
74 153
74 155
74 164
74 176
60 61
60 62
60 63
60 79
60 83
60 100
60 104
60 110
60 114
60 116
60 118
60 121
60 125
60 136
60 143
60 147
60 152
60 160
60 162
60 175
61 62
61 63
61 90
61 94
61 117
61 118
61 120
61 121
61 128
61 138
61 147
61 148
61 154
61 163
61 168
61 174
62 63
62 82
62 89
62 92
62 112
62 122
62 124
62 136
62 154
62 176
63 84
63 94
63 98
63 106
63 109
63 112
63 129
63 133
63 138
63 146
63 158
63 172
63 178
63 179
75 76
75 77
75 78
75 79
75 80
75 81
75 82
75 83
75 84
75 85
75 86
75 87
75 88
75 89
75 93
75 121
75 127
75 136
75 155
75 158
75 173
76 77
76 78
76 79
76 80
76 81
76 82
76 83
76 84
76 85
76 86
76 87
76 88
76 89
76 104
76 112
76 125
76 143
76 159
76 163
76 175
77 78
77 79
77 80
77 81
77 82
77 83
77 84
77 85
77 86
77 87
77 88
77 89
77 95
77 100
77 106
77 109
77 118
77 128
77 136
77 142
77 144
77 146
77 149
77 152
78 79
78 80
78 81
78 82
78 83
78 84
78 85
78 86
78 87
78 88
78 89
78 103
78 106
78 109
78 115
78 140
78 150
78 165
78 175
79 80
79 81
79 82
79 83
79 84
79 85
79 86
79 87
79 88
79 89
79 112
79 114
79 132
79 142
79 143
79 149
79 151
79 154
79 161
80 81
80 82
80 83
80 84
80 85
80 86
80 87
80 88
80 89
80 104
80 108
80 144
80 151
80 153
80 154
80 164
80 174
81 82
81 83
81 84
81 85
81 86
81 87
81 88
81 89
81 117
81 137
81 151
81 156
81 157
82 83
82 84
82 85
82 86
82 87
82 88
82 89
82 104
82 110
82 134
82 143
82 152
82 166
82 170
82 171
82 173
82 176
83 84
83 85
83 86
83 87
83 88
83 89
83 99
83 100
83 106
83 113
83 119
83 121
83 128
83 132
83 138
83 142
83 143
83 148
83 151
83 160
83 164
83 165
83 167
83 178
84 85
84 86
84 87
84 88
84 89
84 100
84 111
84 140
84 146
84 149
84 154
84 163
84 173
85 86
85 87
85 88
85 89
85 110
85 120
85 127
85 129
85 145
85 158
85 164
86 87
86 88
86 89
86 94
86 111
86 118
86 119
86 124
86 134
86 137
86 147
87 88
87 89
87 101
87 106
87 117
87 136
87 137
87 149
87 173
88 89
88 98
88 105
88 111
88 118
88 130
88 132
88 147
88 159
89 91
89 94
89 98
89 141
89 155
89 173
89 177
96 97
96 98
96 99
96 100
96 101
96 102
96 103
96 104
96 90
96 91
96 92
96 93
96 94
96 95
96 108
96 115
96 119
96 122
96 123
96 134
96 144
96 154
96 158
96 166
97 98
97 99
97 100
97 101
97 102
97 103
97 104
97 90
97 91
97 92
97 93
97 94
97 95
97 116
97 119
97 131
97 146
97 147
97 165
97 166
97 179
98 99
98 100
98 101
98 102
98 103
98 104
98 90
98 91
98 92
98 93
98 94
98 95
98 118
98 122
98 127
98 140
98 142
98 149
98 153
98 164
99 100
99 101
99 102
99 103
99 104
99 90
99 91
99 92
99 93
99 94
99 95
99 113
99 114
99 120
99 123
99 133
99 138
99 142
99 147
99 152
99 155
99 159
99 174
99 178
100 101
100 102
100 103
100 104
100 90
100 91
100 92
100 93
100 94
100 95
100 115
100 119
100 141
100 150
100 158
100 159
100 163
101 102
101 103
101 104
101 90
101 91
101 92
101 93
101 94
101 95
101 114
101 124
101 130
101 138
101 140
101 150
101 176
101 177
102 103
102 104
102 90
102 91
102 92
102 93
102 94
102 95
102 146
102 147
102 151
102 160
102 170
102 177
103 104
103 90
103 91
103 92
103 93
103 94
103 95
103 107
103 120
103 128
103 141
103 146
103 148
103 172
104 90
104 91
104 92
104 93
104 94
104 95
104 109
104 138
104 140
104 142
104 146
104 172
90 91
90 92
90 93
90 94
90 95
90 106
90 119
90 142
90 165
90 171
91 92
91 93
91 94
91 95
91 107
91 113
91 119
91 133
91 138
91 145
91 151
92 93
92 94
92 95
92 113
92 134
92 139
92 141
92 146
92 152
92 174
93 94
93 95
93 110
93 113
93 115
93 117
93 124
93 147
93 157
93 162
93 169
94 95
94 111
94 130
94 133
94 139
94 146
94 147
94 172
94 174
94 179
95 125
95 129
95 134
105 106
105 107
105 108
105 109
105 110
105 111
105 112
105 113
105 114
105 115
105 116
105 117
105 118
105 119
105 134
105 144
105 150
105 160
105 163
106 107
106 108
106 109
106 110
106 111
106 112
106 113
106 114
106 115
106 116
106 117
106 118
106 119
106 124
106 127
106 132
106 137
106 154
106 155
107 108
107 109
107 110
107 111
107 112
107 113
107 114
107 115
107 116
107 117
107 118
107 119
107 120
107 144
107 158
107 162
107 171
107 177
108 109
108 110
108 111
108 112
108 113
108 114
108 115
108 116
108 117
108 118
108 119
108 121
108 122
108 152
108 158
108 164
109 110
109 111
109 112
109 113
109 114
109 115
109 116
109 117
109 118
109 119
109 128
109 132
109 133
109 139
109 143
110 111
110 112
110 113
110 114
110 115
110 116
110 117
110 118
110 119
110 141
110 144
110 154
110 156
110 157
110 164
110 169
110 170
111 112
111 113
111 114
111 115
111 116
111 117
111 118
111 119
111 135
111 138
111 139
111 171
111 173
112 113
112 114
112 115
112 116
112 117
112 118
112 119
112 131
112 138
112 139
112 159
112 161
113 114
113 115
113 116
113 117
113 118
113 119
113 131
113 133
113 166
113 174
114 115
114 116
114 117
114 118
114 119
114 126
114 137
114 162
114 164
114 171
114 175
114 176
115 116
115 117
115 118
115 119
115 150
115 158
115 165
116 117
116 118
116 119
116 128
116 142
116 153
116 154
116 169
116 172
116 173
117 118
117 119
117 127
117 162
117 164
117 165
117 169
117 170
118 119
118 125
118 134
118 151
118 153
118 161
118 167
119 138
119 160
119 165
119 175
128 129
128 130
128 131
128 132
128 133
128 134
128 120
128 121
128 122
128 123
128 124
128 125
128 126
128 127
128 138
128 159
128 170
128 177
128 178
129 130
129 131
129 132
129 133
129 134
129 120
129 121
129 122
129 123
129 124
129 125
129 126
129 127
129 149
129 158
129 159
129 168
129 169
129 177
130 131
130 132
130 133
130 134
130 120
130 121
130 122
130 123
130 124
130 125
130 126
130 127
130 138
130 155
131 132
131 133
131 134
131 120
131 121
131 122
131 123
131 124
131 125
131 126
131 127
131 138
131 139
131 174
132 133
132 134
132 120
132 121
132 122
132 123
132 124
132 125
132 126
132 127
132 145
132 150
132 157
133 134
133 120
133 121
133 122
133 123
133 124
133 125
133 126
133 127
133 141
133 152
133 177
134 120
134 121
134 122
134 123
134 124
134 125
134 126
134 127
134 152
134 154
134 158
134 167
120 121
120 122
120 123
120 124
120 125
120 126
120 127
120 154
120 168
120 179
121 122
121 123
121 124
121 125
121 126
121 127
121 142
121 150
122 123
122 124
122 125
122 126
122 127
122 138
122 154
122 156
122 158
122 160
122 163
122 166
123 124
123 125
123 126
123 127
123 175
124 125
124 126
124 127
124 135
124 153
124 169
125 126
125 127
125 139
125 161
125 162
125 165
125 175
126 127
126 148
126 159
126 167
126 174
126 175
126 177
127 137
127 159
127 164
127 169
135 136
135 137
135 138
135 139
135 140
135 141
135 142
135 143
135 144
135 145
135 146
135 147
135 148
135 149
135 151
135 155
135 159
135 177
135 179
136 137
136 138
136 139
136 140
136 141
136 142
136 143
136 144
136 145
136 146
136 147
136 148
136 149
136 153
136 160
136 164
136 168
136 170
136 172
137 138
137 139
137 140
137 141
137 142
137 143
137 144
137 145
137 146
137 147
137 148
137 149
137 150
137 173
138 139
138 140
138 141
138 142
138 143
138 144
138 145
138 146
138 147
138 148
138 149
138 150
138 154
138 159
138 178
139 140
139 141
139 142
139 143
139 144
139 145
139 146
139 147
139 148
139 149
139 167
139 168
140 141
140 142
140 143
140 144
140 145
140 146
140 147
140 148
140 149
140 154
140 165
140 169
141 142
141 143
141 144
141 145
141 146
141 147
141 148
141 149
141 153
141 176
142 143
142 144
142 145
142 146
142 147
142 148
142 149
142 150
142 152
142 158
142 159
142 160
142 162
142 166
142 168
142 173
142 176
143 144
143 145
143 146
143 147
143 148
143 149
143 156
143 168
143 175
143 176
144 145
144 146
144 147
144 148
144 149
144 150
144 162
145 146
145 147
145 148
145 149
145 161
145 173
145 178
146 147
146 148
146 149
146 151
146 153
146 155
146 159
146 163
146 165
147 148
147 149
147 161
147 169
147 174
148 149
148 155
148 164
148 169
148 176
160 161
160 162
160 163
160 164
160 150
160 151
160 152
160 153
160 154
160 155
160 156
160 157
160 158
160 159
160 179
161 162
161 163
161 164
161 150
161 151
161 152
161 153
161 154
161 155
161 156
161 157
161 158
161 159
161 171
161 174
162 163
162 164
162 150
162 151
162 152
162 153
162 154
162 155
162 156
162 157
162 158
162 159
162 172
162 175
163 164
163 150
163 151
163 152
163 153
163 154
163 155
163 156
163 157
163 158
163 159
163 172
164 150
164 151
164 152
164 153
164 154
164 155
164 156
164 157
164 158
164 159
164 169
164 175
164 177
150 151
150 152
150 153
150 154
150 155
150 156
150 157
150 158
150 159
150 179
151 152
151 153
151 154
151 155
151 156
151 157
151 158
151 159
151 171
152 153
152 154
152 155
152 156
152 157
152 158
152 159
153 154
153 155
153 156
153 157
153 158
153 159
153 169
154 155
154 156
154 157
154 158
154 159
154 166
154 176
155 156
155 157
155 158
155 159
155 177
156 157
156 158
156 159
156 165
156 166
157 158
157 159
157 169
157 174
157 175
158 159
158 168
159 167
159 179
165 166
165 167
165 168
165 169
165 170
165 171
165 172
165 173
165 174
165 175
165 176
165 177
165 178
165 179
166 167
166 168
166 169
166 170
166 171
166 172
166 173
166 174
166 175
166 176
166 177
166 178
166 179
167 168
167 169
167 170
167 171
167 172
167 173
167 174
167 175
167 176
167 177
167 178
167 179
168 169
168 170
168 171
168 172
168 173
168 174
168 175
168 176
168 177
168 178
168 179
169 170
169 171
169 172
169 173
169 174
169 175
169 176
169 177
169 178
169 179
170 171
170 172
170 173
170 174
170 175
170 176
170 177
170 178
170 179
171 172
171 173
171 174
171 175
171 176
171 177
171 178
171 179
172 173
172 174
172 175
172 176
172 177
172 178
172 179
173 174
173 175
173 176
173 177
173 178
173 179
174 175
174 176
174 177
174 178
174 179
175 176
175 177
175 178
175 179
176 177
176 178
176 179
177 178
177 179
178 179
