# 7063 edges
0 1
0 2
0 3
0 4
0 5
0 6
0 7
0 8
0 9
0 10
0 11
0 12
0 13
0 14
0 15
0 16
0 17
0 18
0 19
0 57
0 67
0 73
0 81
0 88
0 101
0 112
0 128
0 131
0 137
0 151
0 156
0 160
0 177
0 178
0 186
0 189
0 194
0 195
0 201
0 202
0 227
0 238
0 250
0 275
0 282
0 290
1 2
1 3
1 4
1 5
1 6
1 7
1 8
1 9
1 10
1 11
1 12
1 13
1 14
1 15
1 16
1 17
1 18
1 19
1 26
1 42
1 102
1 122
1 126
1 129
1 136
1 140
1 149
1 159
1 206
1 207
1 224
1 228
1 231
1 237
1 241
1 245
1 254
1 259
1 262
1 280
1 284
1 290
1 296
2 3
2 4
2 5
2 6
2 7
2 8
2 9
2 10
2 11
2 12
2 13
2 14
2 15
2 16
2 17
2 18
2 19
2 25
2 36
2 41
2 55
2 66
2 70
2 77
2 114
2 120
2 147
2 150
2 167
2 170
2 172
2 180
2 201
2 206
2 221
2 239
2 241
2 245
2 258
2 264
2 268
2 272
2 277
2 279
2 282
2 284
2 287
3 4
3 5
3 6
3 7
3 8
3 9
3 10
3 11
3 12
3 13
3 14
3 15
3 16
3 17
3 18
3 19
3 39
3 68
3 99
3 106
3 126
3 143
3 166
3 169
3 180
3 188
3 196
3 233
3 241
3 257
3 260
3 261
3 271
3 279
3 281
3 283
3 284
4 5
4 6
4 7
4 8
4 9
4 10
4 11
4 12
4 13
4 14
4 15
4 16
4 17
4 18
4 19
4 37
4 51
4 56
4 64
4 92
4 101
4 124
4 129
4 138
4 156
4 162
4 169
4 188
4 192
4 200
4 201
4 217
4 232
4 252
4 257
4 259
4 262
4 264
4 270
4 299
5 6
5 7
5 8
5 9
5 10
5 11
5 12
5 13
5 14
5 15
5 16
5 17
5 18
5 19
5 52
5 56
5 79
5 82
5 89
5 108
5 125
5 134
5 139
5 145
5 159
5 165
5 171
5 175
5 183
5 211
5 232
5 239
5 250
5 263
5 271
6 7
6 8
6 9
6 10
6 11
6 12
6 13
6 14
6 15
6 16
6 17
6 18
6 19
6 21
6 37
6 39
6 44
6 58
6 77
6 83
6 94
6 98
6 102
6 112
6 115
6 117
6 128
6 143
6 163
6 168
6 176
6 178
6 181
6 184
6 186
6 204
6 214
6 217
6 229
6 233
6 237
6 243
6 246
6 247
6 251
6 270
6 285
6 289
6 294
6 295
6 296
6 298
7 8
7 9
7 10
7 11
7 12
7 13
7 14
7 15
7 16
7 17
7 18
7 19
7 26
7 27
7 36
7 49
7 51
7 78
7 83
7 84
7 91
7 96
7 106
7 108
7 116
7 122
7 125
7 130
7 158
7 192
7 196
7 201
7 203
7 215
7 219
7 228
7 234
7 243
7 244
7 249
7 255
7 264
7 274
8 9
8 10
8 11
8 12
8 13
8 14
8 15
8 16
8 17
8 18
8 19
8 27
8 33
8 63
8 82
8 94
8 96
8 104
8 108
8 117
8 131
8 150
8 152
8 171
8 172
8 177
8 183
8 191
8 196
8 205
8 212
8 223
8 228
8 273
8 294
8 298
9 10
9 11
9 12
9 13
9 14
9 15
9 16
9 17
9 18
9 19
9 22
9 24
9 29
9 49
9 53
9 57
9 61
9 69
9 74
9 95
9 96
9 117
9 120
9 137
9 142
9 163
9 166
9 167
9 221
9 224
9 262
9 282
9 290
9 296
10 11
10 12
10 13
10 14
10 15
10 16
10 17
10 18
10 19
10 40
10 41
10 43
10 52
10 66
10 68
10 90
10 95
10 101
10 119
10 129
10 132
10 139
10 144
10 170
10 174
10 177
10 196
10 212
10 217
10 221
10 232
10 248
10 250
10 258
10 262
10 266
10 275
10 296
10 297
11 12
11 13
11 14
11 15
11 16
11 17
11 18
11 19
11 21
11 23
11 28
11 32
11 44
11 46
11 53
11 57
11 61
11 67
11 78
11 97
11 101
11 103
11 115
11 118
11 135
11 149
11 156
11 157
11 160
11 162
11 183
11 196
11 219
11 227
11 243
11 252
11 258
11 269
11 270
11 274
11 281
11 285
11 286
12 13
12 14
12 15
12 16
12 17
12 18
12 19
12 39
12 43
12 53
12 110
12 111
12 115
12 125
12 126
12 127
12 128
12 136
12 143
12 151
12 152
12 158
12 165
12 182
12 196
12 204
12 206
12 220
12 250
12 288
12 294
13 14
13 15
13 16
13 17
13 18
13 19
13 24
13 64
13 69
13 71
13 88
13 91
13 96
13 128
13 133
13 148
13 156
13 172
13 180
13 204
13 213
13 218
13 222
13 253
13 268
13 272
13 275
13 278
13 282
13 291
14 15
14 16
14 17
14 18
14 19
14 42
14 55
14 59
14 60
14 63
14 91
14 93
14 94
14 108
14 109
14 124
14 125
14 126
14 130
14 138
14 152
14 154
14 164
14 182
14 189
14 197
14 226
14 227
14 233
14 237
14 243
14 247
14 251
14 288
14 298
15 16
15 17
15 18
15 19
15 37
15 45
15 55
15 64
15 85
15 89
15 91
15 93
15 120
15 127
15 135
15 141
15 148
15 168
15 172
15 182
15 218
15 228
15 229
15 266
15 267
15 269
15 273
15 276
15 282
15 289
15 294
15 296
15 298
16 17
16 18
16 19
16 22
16 27
16 30
16 35
16 45
16 51
16 64
16 68
16 77
16 87
16 106
16 107
16 109
16 116
16 123
16 130
16 137
16 156
16 163
16 169
16 171
16 172
16 174
16 176
16 190
16 199
16 237
16 240
16 241
16 279
16 296
17 18
17 19
17 20
17 26
17 30
17 40
17 45
17 65
17 74
17 76
17 81
17 98
17 129
17 137
17 153
17 165
17 183
17 185
17 186
17 191
17 222
17 249
17 250
17 251
17 252
17 256
17 267
17 272
17 274
17 279
18 19
18 35
18 77
18 94
18 100
18 101
18 106
18 131
18 141
18 150
18 151
18 157
18 160
18 171
18 175
18 177
18 180
18 196
18 202
18 204
18 212
18 228
18 235
18 238
18 242
18 278
18 292
19 32
19 35
19 38
19 45
19 48
19 54
19 55
19 62
19 88
19 100
19 109
19 114
19 115
19 116
19 131
19 133
19 139
19 144
19 146
19 162
19 188
19 206
19 215
19 224
19 244
19 257
19 269
19 271
19 273
19 297
20 21
20 22
20 23
20 24
20 25
20 26
20 27
20 28
20 29
20 30
20 31
20 32
20 33
20 34
20 35
20 36
20 37
20 38
20 39
20 54
20 75
20 77
20 81
20 91
20 95
20 122
20 123
20 139
20 156
20 182
20 189
20 222
20 229
20 233
20 259
20 262
20 267
20 268
21 22
21 23
21 24
21 25
21 26
21 27
21 28
21 29
21 30
21 31
21 32
21 33
21 34
21 35
21 36
21 37
21 38
21 39
21 51
21 52
21 58
21 59
21 62
21 75
21 77
21 78
21 87
21 103
21 108
21 112
21 119
21 138
21 146
21 176
21 209
21 216
21 217
21 242
21 246
21 248
21 276
21 279
22 23
22 24
22 25
22 26
22 27
22 28
22 29
22 30
22 31
22 32
22 33
22 34
22 35
22 36
22 37
22 38
22 39
22 42
22 46
22 48
22 63
22 67
22 72
22 79
22 86
22 95
22 104
22 105
22 107
22 113
22 116
22 124
22 128
22 132
22 138
22 163
22 167
22 170
22 185
22 187
22 196
22 205
22 206
22 207
22 209
22 210
22 223
22 225
22 236
22 240
22 259
22 267
22 285
22 288
22 295
22 297
23 24
23 25
23 26
23 27
23 28
23 29
23 30
23 31
23 32
23 33
23 34
23 35
23 36
23 37
23 38
23 39
23 43
23 47
23 53
23 54
23 56
23 63
23 84
23 93
23 95
23 106
23 122
23 136
23 146
23 149
23 154
23 178
23 190
23 195
23 198
23 199
23 201
23 218
23 225
23 244
23 251
23 257
24 25
24 26
24 27
24 28
24 29
24 30
24 31
24 32
24 33
24 34
24 35
24 36
24 37
24 38
24 39
24 40
24 42
24 47
24 50
24 54
24 58
24 76
24 80
24 91
24 116
24 121
24 135
24 139
24 154
24 163
24 166
24 169
24 189
24 199
24 235
24 243
24 246
24 260
24 264
24 265
24 271
25 26
25 27
25 28
25 29
25 30
25 31
25 32
25 33
25 34
25 35
25 36
25 37
25 38
25 39
25 78
25 82
25 83
25 103
25 104
25 123
25 125
25 134
25 141
25 159
25 162
25 170
25 189
25 203
25 213
25 250
26 27
26 28
26 29
26 30
26 31
26 32
26 33
26 34
26 35
26 36
26 37
26 38
26 39
26 67
26 79
26 80
26 147
26 163
26 165
26 167
26 174
26 175
26 177
26 182
26 183
26 188
26 200
26 217
26 219
26 221
26 244
26 259
26 272
27 28
27 29
27 30
27 31
27 32
27 33
27 34
27 35
27 36
27 37
27 38
27 39
27 50
27 70
27 77
27 98
27 119
27 128
27 129
27 138
27 176
27 184
27 190
27 228
27 243
27 256
27 260
27 272
27 285
27 293
27 297
27 299
28 29
28 30
28 31
28 32
28 33
28 34
28 35
28 36
28 37
28 38
28 39
28 43
28 62
28 78
28 93
28 97
28 103
28 106
28 125
28 128
28 135
28 139
28 145
28 147
28 152
28 154
28 155
28 173
28 177
28 183
28 184
28 187
28 188
28 193
28 202
28 205
28 223
28 224
28 230
28 231
28 232
28 249
28 257
28 260
28 278
29 30
29 31
29 32
29 33
29 34
29 35
29 36
29 37
29 38
29 39
29 40
29 48
29 50
29 70
29 74
29 85
29 86
29 97
29 117
29 128
29 129
29 130
29 131
29 135
29 141
29 151
29 182
29 196
29 201
29 207
29 212
29 217
29 232
29 238
29 242
29 245
29 252
29 253
29 258
29 261
29 262
29 286
29 290
30 31
30 32
30 33
30 34
30 35
30 36
30 37
30 38
30 39
30 41
30 44
30 64
30 84
30 86
30 118
30 130
30 131
30 148
30 163
30 177
30 178
30 183
30 191
30 224
30 230
30 245
30 251
30 254
30 267
30 283
31 32
31 33
31 34
31 35
31 36
31 37
31 38
31 39
31 47
31 53
31 59
31 75
31 78
31 80
31 81
31 83
31 90
31 93
31 95
31 97
31 104
31 115
31 125
31 129
31 134
31 138
31 155
31 159
31 165
31 169
31 171
31 173
31 176
31 180
31 191
31 198
31 202
31 207
31 215
31 217
31 230
31 250
31 254
31 277
31 278
31 280
31 281
31 288
31 298
32 33
32 34
32 35
32 36
32 37
32 38
32 39
32 47
32 48
32 54
32 63
32 68
32 74
32 87
32 94
32 97
32 117
32 127
32 129
32 141
32 159
32 181
32 194
32 204
32 208
32 216
32 219
32 222
32 239
32 243
32 248
32 256
32 268
32 282
32 288
32 289
33 34
33 35
33 36
33 37
33 38
33 39
33 40
33 48
33 55
33 57
33 95
33 107
33 120
33 138
33 141
33 154
33 162
33 180
33 181
33 183
33 190
33 195
33 198
33 204
33 205
33 210
33 219
33 225
33 226
33 243
33 252
33 253
33 276
33 281
33 287
34 35
34 36
34 37
34 38
34 39
34 59
34 62
34 65
34 90
34 103
34 116
34 123
34 136
34 144
34 145
34 171
34 179
34 184
34 185
34 210
34 215
34 220
34 234
34 243
34 254
34 256
34 281
34 289
35 36
35 37
35 38
35 39
35 44
35 63
35 64
35 80
35 85
35 95
35 101
35 103
35 115
35 125
35 130
35 140
35 147
35 165
35 168
35 169
35 172
35 178
35 190
35 194
35 203
35 208
35 211
35 224
35 232
35 248
35 255
35 262
35 267
35 269
35 277
35 282
35 294
35 295
36 37
36 38
36 39
36 40
36 57
36 77
36 83
36 85
36 88
36 91
36 97
36 103
36 104
36 106
36 128
36 133
36 138
36 153
36 154
36 165
36 197
36 209
36 233
36 241
36 250
36 256
36 285
36 298
37 38
37 39
37 43
37 77
37 79
37 89
37 92
37 93
37 101
37 108
37 112
37 118
37 120
37 129
37 141
37 148
37 176
37 182
37 191
37 210
37 213
37 228
37 249
37 257
37 270
37 288
38 39
38 44
38 48
38 60
38 70
38 75
38 81
38 84
38 93
38 103
38 111
38 117
38 119
38 121
38 124
38 127
38 168
38 171
38 174
38 180
38 205
38 215
38 230
38 240
38 267
38 269
38 287
38 297
38 298
39 44
39 46
39 49
39 56
39 89
39 93
39 129
39 136
39 138
39 139
39 149
39 159
39 192
39 212
39 226
39 231
39 232
39 269
39 275
39 299
40 41
40 42
40 43
40 44
40 45
40 46
40 47
40 48
40 49
40 50
40 51
40 52
40 53
40 54
40 55
40 56
40 57
40 58
40 59
40 68
40 77
40 91
40 95
40 96
40 98
40 101
40 114
40 115
40 121
40 128
40 134
40 136
40 143
40 147
40 153
40 157
40 158
40 163
40 166
40 175
40 179
40 180
40 182
40 193
40 205
40 216
40 245
40 251
40 254
40 259
40 268
40 278
41 42
41 43
41 44
41 45
41 46
41 47
41 48
41 49
41 50
41 51
41 52
41 53
41 54
41 55
41 56
41 57
41 58
41 59
41 65
41 75
41 82
41 84
41 100
41 113
41 119
41 139
41 156
41 163
41 164
41 169
41 179
41 182
41 192
41 236
41 241
41 252
41 271
41 272
41 284
42 43
42 44
42 45
42 46
42 47
42 48
42 49
42 50
42 51
42 52
42 53
42 54
42 55
42 56
42 57
42 58
42 59
42 68
42 83
42 90
42 96
42 103
42 115
42 117
42 132
42 144
42 166
42 169
42 173
42 216
42 230
42 248
42 252
42 256
42 269
42 292
43 44
43 45
43 46
43 47
43 48
43 49
43 50
43 51
43 52
43 53
43 54
43 55
43 56
43 57
43 58
43 59
43 75
43 81
43 92
43 98
43 104
43 118
43 123
43 130
43 136
43 173
43 194
43 199
43 201
43 206
43 212
43 234
43 245
43 248
43 250
43 252
43 259
43 282
43 292
43 297
44 45
44 46
44 47
44 48
44 49
44 50
44 51
44 52
44 53
44 54
44 55
44 56
44 57
44 58
44 59
44 64
44 81
44 100
44 103
44 109
44 116
44 117
44 142
44 144
44 149
44 170
44 174
44 179
44 228
44 235
44 239
44 242
44 243
44 254
44 264
44 274
44 278
44 286
45 46
45 47
45 48
45 49
45 50
45 51
45 52
45 53
45 54
45 55
45 56
45 57
45 58
45 59
45 71
45 74
45 86
45 101
45 102
45 120
45 121
45 134
45 148
45 152
45 157
45 170
45 172
45 179
45 183
45 194
45 218
45 219
45 225
45 228
45 238
45 243
45 247
45 252
45 257
45 260
45 264
45 279
45 283
45 295
45 299
46 47
46 48
46 49
46 50
46 51
46 52
46 53
46 54
46 55
46 56
46 57
46 58
46 59
46 81
46 90
46 98
46 99
46 103
46 129
46 139
46 145
46 153
46 155
46 165
46 191
46 192
46 236
46 237
46 241
46 250
46 260
46 267
46 272
46 285
46 293
47 48
47 49
47 50
47 51
47 52
47 53
47 54
47 55
47 56
47 57
47 58
47 59
47 66
47 71
47 73
47 97
47 109
47 138
47 140
47 142
47 146
47 172
47 194
47 204
47 210
47 220
47 223
47 244
47 247
47 252
47 257
47 274
47 275
48 49
48 50
48 51
48 52
48 53
48 54
48 55
48 56
48 57
48 58
48 59
48 60
48 84
48 98
48 102
48 111
48 117
48 121
48 122
48 152
48 158
48 164
48 188
48 192
48 193
48 199
48 203
48 261
48 264
48 274
48 276
48 277
48 284
48 289
48 290
49 50
49 51
49 52
49 53
49 54
49 55
49 56
49 57
49 58
49 59
49 75
49 78
49 79
49 111
49 113
49 131
49 138
49 139
49 159
49 161
49 191
49 193
49 226
49 234
49 246
49 257
49 282
49 284
49 291
49 295
49 296
50 51
50 52
50 53
50 54
50 55
50 56
50 57
50 58
50 59
50 90
50 98
50 105
50 128
50 142
50 153
50 154
50 169
50 172
50 173
50 187
50 222
50 224
50 225
50 229
50 230
50 245
50 254
50 271
50 273
50 281
50 287
51 52
51 53
51 54
51 55
51 56
51 57
51 58
51 59
51 78
51 100
51 105
51 115
51 139
51 153
51 164
51 172
51 180
51 213
51 229
51 231
51 233
51 235
51 238
51 241
51 295
52 53
52 54
52 55
52 56
52 57
52 58
52 59
52 60
52 78
52 94
52 109
52 131
52 132
52 135
52 145
52 163
52 174
52 182
52 189
52 190
52 192
52 197
52 219
52 224
52 229
52 243
52 264
52 275
52 282
52 283
52 299
53 54
53 55
53 56
53 57
53 58
53 59
53 68
53 69
53 78
53 79
53 87
53 93
53 110
53 138
53 139
53 174
53 190
53 195
53 202
53 231
53 242
53 267
53 287
53 289
53 293
54 55
54 56
54 57
54 58
54 59
54 62
54 76
54 80
54 84
54 102
54 104
54 108
54 115
54 119
54 123
54 125
54 127
54 135
54 158
54 165
54 169
54 174
54 193
54 212
54 213
54 229
54 240
54 244
54 258
54 281
54 285
54 287
54 293
54 294
54 295
54 297
55 56
55 57
55 58
55 59
55 61
55 63
55 68
55 71
55 81
55 93
55 100
55 101
55 105
55 117
55 146
55 158
55 163
55 166
55 168
55 170
55 174
55 178
55 180
55 206
55 214
55 219
55 230
55 239
55 244
55 251
55 299
56 57
56 58
56 59
56 66
56 94
56 106
56 116
56 132
56 135
56 136
56 154
56 159
56 160
56 168
56 182
56 194
56 209
56 216
56 219
56 232
56 235
56 247
56 259
56 265
56 267
56 278
56 290
57 58
57 59
57 77
57 83
57 89
57 94
57 98
57 132
57 133
57 144
57 151
57 158
57 163
57 165
57 168
57 182
57 186
57 196
57 197
57 198
57 203
57 213
57 236
57 246
57 254
57 279
57 285
58 59
58 64
58 66
58 73
58 76
58 96
58 97
58 98
58 116
58 129
58 132
58 133
58 142
58 146
58 148
58 154
58 167
58 187
58 194
58 196
58 198
58 199
58 224
58 226
58 243
58 257
58 273
58 292
59 65
59 75
59 86
59 91
59 101
59 117
59 139
59 148
59 150
59 153
59 158
59 168
59 170
59 189
59 195
59 198
59 208
59 216
59 224
59 247
59 255
59 276
59 277
59 288
59 294
60 61
60 62
60 63
60 64
60 65
60 66
60 67
60 68
60 69
60 70
60 71
60 72
60 73
60 74
60 75
60 76
60 77
60 78
60 79
60 100
60 109
60 117
60 126
60 138
60 142
60 145
60 149
60 157
60 171
60 173
60 176
60 190
60 198
60 208
60 210
60 215
60 229
60 232
60 239
60 246
60 247
60 249
60 262
60 271
60 280
60 284
60 294
61 62
61 63
61 64
61 65
61 66
61 67
61 68
61 69
61 70
61 71
61 72
61 73
61 74
61 75
61 76
61 77
61 78
61 79
61 84
61 89
61 96
61 100
61 107
61 126
61 131
61 133
61 138
61 149
61 154
61 176
61 196
61 198
61 206
61 214
61 228
61 230
61 235
61 237
61 244
61 246
61 265
61 285
61 293
61 294
62 63
62 64
62 65
62 66
62 67
62 68
62 69
62 70
62 71
62 72
62 73
62 74
62 75
62 76
62 77
62 78
62 79
62 98
62 99
62 107
62 109
62 119
62 121
62 124
62 126
62 138
62 147
62 180
62 185
62 190
62 197
62 205
62 207
62 208
62 213
62 248
62 265
62 268
62 284
62 285
62 287
62 291
63 64
63 65
63 66
63 67
63 68
63 69
63 70
63 71
63 72
63 73
63 74
63 75
63 76
63 77
63 78
63 79
63 91
63 94
63 96
63 103
63 104
63 105
63 109
63 113
63 127
63 129
63 133
63 136
63 140
63 148
63 149
63 157
63 164
63 170
63 178
63 191
63 207
63 234
63 254
63 258
63 276
63 286
63 291
63 296
63 299
64 65
64 66
64 67
64 68
64 69
64 70
64 71
64 72
64 73
64 74
64 75
64 76
64 77
64 78
64 79
64 103
64 105
64 107
64 109
64 131
64 134
64 135
64 142
64 151
64 154
64 185
64 193
64 199
64 203
64 205
64 206
64 215
64 223
64 229
64 239
64 244
64 267
64 272
64 280
64 289
64 296
64 297
64 298
65 66
65 67
65 68
65 69
65 70
65 71
65 72
65 73
65 74
65 75
65 76
65 77
65 78
65 79
65 94
65 97
65 99
65 100
65 108
65 109
65 131
65 155
65 163
65 168
65 173
65 174
65 175
65 188
65 204
65 212
65 215
65 224
65 228
65 229
65 236
65 240
65 241
65 256
65 263
65 290
66 67
66 68
66 69
66 70
66 71
66 72
66 73
66 74
66 75
66 76
66 77
66 78
66 79
66 83
66 85
66 86
66 88
66 91
66 119
66 122
66 123
66 131
66 137
66 140
66 145
66 147
66 149
66 158
66 177
66 185
66 190
66 203
66 211
66 214
66 218
66 222
66 223
66 244
66 247
66 263
66 265
66 267
66 268
66 274
66 299
67 68
67 69
67 70
67 71
67 72
67 73
67 74
67 75
67 76
67 77
67 78
67 79
67 95
67 96
67 101
67 104
67 118
67 132
67 144
67 152
67 153
67 163
67 190
67 222
67 229
67 233
67 235
67 239
67 240
67 257
67 259
67 263
67 289
67 297
68 69
68 70
68 71
68 72
68 73
68 74
68 75
68 76
68 77
68 78
68 79
68 82
68 87
68 94
68 96
68 100
68 104
68 110
68 120
68 141
68 145
68 147
68 163
68 199
68 211
68 213
68 219
68 240
68 246
68 256
68 261
68 266
68 286
69 70
69 71
69 72
69 73
69 74
69 75
69 76
69 77
69 78
69 79
69 82
69 84
69 94
69 124
69 128
69 130
69 132
69 154
69 177
69 180
69 205
69 212
69 217
69 219
69 220
69 225
69 233
69 234
69 240
69 241
69 247
69 255
69 259
70 71
70 72
70 73
70 74
70 75
70 76
70 77
70 78
70 79
70 93
70 96
70 107
70 119
70 127
70 131
70 143
70 145
70 155
70 158
70 163
70 164
70 165
70 195
70 209
70 210
70 216
70 219
70 247
70 257
70 259
70 268
70 278
71 72
71 73
71 74
71 75
71 76
71 77
71 78
71 79
71 100
71 107
71 110
71 111
71 127
71 132
71 133
71 135
71 137
71 142
71 157
71 160
71 164
71 174
71 178
71 184
71 185
71 218
71 220
71 225
71 229
71 233
71 240
71 245
71 271
71 278
71 297
72 73
72 74
72 75
72 76
72 77
72 78
72 79
72 84
72 100
72 102
72 120
72 127
72 137
72 138
72 140
72 142
72 146
72 149
72 169
72 181
72 182
72 185
72 199
72 203
72 208
72 211
72 216
72 225
72 238
72 242
72 245
72 247
72 250
72 253
72 262
72 274
72 275
72 279
72 281
73 74
73 75
73 76
73 77
73 78
73 79
73 91
73 92
73 101
73 116
73 137
73 159
73 162
73 172
73 177
73 195
73 205
73 227
73 228
73 239
73 243
73 247
73 283
73 286
73 289
73 296
74 75
74 76
74 77
74 78
74 79
74 80
74 83
74 88
74 99
74 106
74 115
74 129
74 138
74 139
74 144
74 152
74 154
74 159
74 162
74 184
74 197
74 211
74 227
74 231
74 234
74 244
74 273
74 281
74 287
74 294
75 76
75 77
75 78
75 79
75 81
75 97
75 101
75 102
75 105
75 118
75 136
75 145
75 161
75 169
75 172
75 175
75 176
75 183
75 186
75 195
75 208
75 234
75 248
75 253
75 258
75 285
75 297
75 298
76 77
76 78
76 79
76 84
76 100
76 124
76 129
76 135
76 137
76 144
76 145
76 163
76 167
76 168
76 173
76 176
76 178
76 184
76 196
76 200
76 223
76 225
76 227
76 233
76 243
76 246
76 255
76 260
76 261
76 269
76 276
76 278
77 78
77 79
77 95
77 96
77 99
77 107
77 112
77 125
77 143
77 165
77 172
77 182
77 188
77 191
77 199
77 201
77 219
77 220
77 249
77 270
77 275
77 296
77 299
78 79
78 88
78 97
78 107
78 109
78 157
78 159
78 163
78 171
78 176
78 184
78 197
78 199
78 209
78 252
78 258
78 259
78 267
78 280
78 299
79 86
79 89
79 90
79 93
79 106
79 117
79 120
79 126
79 135
79 145
79 166
79 169
79 174
79 176
79 182
79 206
79 214
79 224
79 226
79 235
79 237
79 243
79 262
79 279
79 284
79 287
80 81
80 82
80 83
80 84
80 85
80 86
80 87
80 88
80 89
80 90
80 91
80 92
80 93
80 94
80 95
80 96
80 97
80 98
80 99
80 100
80 116
80 120
80 121
80 123
80 130
80 140
80 143
80 156
80 166
80 169
80 196
80 204
80 208
80 209
80 210
80 229
80 241
80 245
80 254
80 266
80 275
80 289
81 82
81 83
81 84
81 85
81 86
81 87
81 88
81 89
81 90
81 91
81 92
81 93
81 94
81 95
81 96
81 97
81 98
81 99
81 103
81 135
81 143
81 144
81 172
81 198
81 212
81 214
81 216
81 224
81 262
81 277
81 293
81 297
81 299
82 83
82 84
82 85
82 86
82 87
82 88
82 89
82 90
82 91
82 92
82 93
82 94
82 95
82 96
82 97
82 98
82 99
82 110
82 123
82 135
82 136
82 153
82 155
82 165
82 174
82 195
82 198
82 208
82 231
82 233
82 239
82 252
82 261
82 266
82 283
82 290
83 84
83 85
83 86
83 87
83 88
83 89
83 90
83 91
83 92
83 93
83 94
83 95
83 96
83 97
83 98
83 99
83 102
83 106
83 117
83 119
83 128
83 131
83 135
83 141
83 143
83 149
83 164
83 175
83 182
83 187
83 196
83 200
83 207
83 227
83 250
83 251
83 270
83 271
83 274
83 282
83 286
84 85
84 86
84 87
84 88
84 89
84 90
84 91
84 92
84 93
84 94
84 95
84 96
84 97
84 98
84 99
84 113
84 137
84 147
84 150
84 157
84 158
84 163
84 169
84 172
84 177
84 178
84 201
84 203
84 223
84 236
84 238
84 241
84 243
84 244
84 275
84 283
84 297
85 86
85 87
85 88
85 89
85 90
85 91
85 92
85 93
85 94
85 95
85 96
85 97
85 98
85 99
85 103
85 143
85 158
85 178
85 190
85 195
85 206
85 239
85 249
85 252
85 260
85 262
85 266
85 282
86 87
86 88
86 89
86 90
86 91
86 92
86 93
86 94
86 95
86 96
86 97
86 98
86 99
86 113
86 135
86 142
86 149
86 165
86 172
86 179
86 214
86 236
86 266
86 286
87 88
87 89
87 90
87 91
87 92
87 93
87 94
87 95
87 96
87 97
87 98
87 99
87 107
87 108
87 109
87 118
87 126
87 127
87 129
87 131
87 134
87 166
87 172
87 197
87 199
87 206
87 243
87 256
87 265
87 270
87 281
87 283
87 289
87 299
88 89
88 90
88 91
88 92
88 93
88 94
88 95
88 96
88 97
88 98
88 99
88 115
88 116
88 118
88 129
88 130
88 157
88 194
88 205
88 214
88 220
88 227
88 241
88 263
88 275
88 284
88 289
88 296
89 90
89 91
89 92
89 93
89 94
89 95
89 96
89 97
89 98
89 99
89 115
89 117
89 121
89 124
89 163
89 164
89 166
89 170
89 186
89 227
89 232
89 243
89 251
89 257
89 268
89 271
89 277
89 285
89 293
90 91
90 92
90 93
90 94
90 95
90 96
90 97
90 98
90 99
90 115
90 137
90 144
90 145
90 148
90 158
90 165
90 167
90 173
90 186
90 188
90 195
90 211
90 224
90 226
90 227
90 234
90 253
90 259
90 270
90 280
90 284
90 288
90 296
91 92
91 93
91 94
91 95
91 96
91 97
91 98
91 99
91 101
91 105
91 117
91 124
91 129
91 138
91 141
91 166
91 172
91 173
91 189
91 195
91 199
91 219
91 263
91 265
91 271
91 274
91 288
91 292
92 93
92 94
92 95
92 96
92 97
92 98
92 99
92 120
92 145
92 149
92 150
92 152
92 166
92 172
92 189
92 194
92 195
92 208
92 227
92 233
92 248
92 251
92 266
92 279
92 295
93 94
93 95
93 96
93 97
93 98
93 99
93 106
93 108
93 109
93 120
93 123
93 129
93 133
93 144
93 163
93 181
93 182
93 185
93 196
93 205
93 207
93 213
93 214
93 237
93 262
93 268
93 294
94 95
94 96
94 97
94 98
94 99
94 111
94 146
94 147
94 171
94 175
94 193
94 202
94 227
94 228
94 260
94 263
95 96
95 97
95 98
95 99
95 101
95 105
95 107
95 111
95 126
95 134
95 148
95 158
95 164
95 167
95 175
95 177
95 178
95 186
95 195
95 199
95 222
95 223
95 239
95 259
95 283
96 97
96 98
96 99
96 102
96 109
96 110
96 117
96 124
96 145
96 149
96 167
96 168
96 172
96 192
96 196
96 200
96 202
96 213
96 226
96 228
96 257
96 273
96 276
96 278
97 98
97 99
97 101
97 107
97 123
97 125
97 139
97 142
97 156
97 165
97 192
97 197
97 207
97 215
97 218
97 220
97 234
97 236
97 247
97 251
97 252
97 271
97 281
97 284
98 99
98 106
98 118
98 127
98 134
98 155
98 157
98 160
98 162
98 167
98 175
98 193
98 210
98 227
98 236
98 258
98 279
99 124
99 128
99 131
99 132
99 138
99 144
99 151
99 163
99 168
99 174
99 193
99 197
99 201
99 203
99 210
99 223
99 228
99 235
99 239
99 253
99 282
100 101
100 102
100 103
100 104
100 105
100 106
100 107
100 108
100 109
100 110
100 111
100 112
100 113
100 114
100 115
100 116
100 117
100 118
100 119
100 130
100 141
100 156
100 192
100 193
100 201
100 202
100 216
100 225
100 236
100 249
100 256
100 266
100 271
100 275
100 282
100 289
100 291
100 296
100 299
101 102
101 103
101 104
101 105
101 106
101 107
101 108
101 109
101 110
101 111
101 112
101 113
101 114
101 115
101 116
101 117
101 118
101 119
101 123
101 124
101 156
101 160
101 163
101 169
101 180
101 184
101 207
101 210
101 223
101 224
101 235
101 245
101 255
101 257
101 262
101 264
101 282
102 103
102 104
102 105
102 106
102 107
102 108
102 109
102 110
102 111
102 112
102 113
102 114
102 115
102 116
102 117
102 118
102 119
102 130
102 141
102 153
102 161
102 169
102 193
102 201
102 204
102 220
102 234
102 249
102 254
102 257
102 266
102 277
102 284
103 104
103 105
103 106
103 107
103 108
103 109
103 110
103 111
103 112
103 113
103 114
103 115
103 116
103 117
103 118
103 119
103 142
103 157
103 168
103 193
103 194
103 210
103 238
103 239
103 245
103 256
103 262
103 265
103 271
103 289
103 290
104 105
104 106
104 107
104 108
104 109
104 110
104 111
104 112
104 113
104 114
104 115
104 116
104 117
104 118
104 119
104 122
104 123
104 124
104 127
104 131
104 140
104 144
104 146
104 166
104 170
104 180
104 185
104 198
104 202
104 221
104 223
104 229
104 249
104 251
104 263
104 264
104 276
104 290
104 297
105 106
105 107
105 108
105 109
105 110
105 111
105 112
105 113
105 114
105 115
105 116
105 117
105 118
105 119
105 123
105 126
105 128
105 132
105 164
105 179
105 194
105 197
105 212
105 213
105 218
105 228
105 237
105 240
105 282
105 283
106 107
106 108
106 109
106 110
106 111
106 112
106 113
106 114
106 115
106 116
106 117
106 118
106 119
106 131
106 138
106 143
106 148
106 157
106 162
106 169
106 173
106 191
106 194
106 198
106 199
106 203
106 220
106 225
106 228
106 230
106 232
106 241
106 248
106 249
106 269
106 270
106 277
106 279
107 108
107 109
107 110
107 111
107 112
107 113
107 114
107 115
107 116
107 117
107 118
107 119
107 145
107 146
107 156
107 185
107 192
107 199
107 211
107 216
107 218
107 220
107 228
107 239
107 254
107 256
107 278
107 295
107 297
108 109
108 110
108 111
108 112
108 113
108 114
108 115
108 116
108 117
108 118
108 119
108 122
108 129
108 130
108 135
108 143
108 163
108 185
108 196
108 225
108 241
108 252
108 263
108 276
108 279
108 282
108 285
108 299
109 110
109 111
109 112
109 113
109 114
109 115
109 116
109 117
109 118
109 119
109 121
109 133
109 141
109 167
109 179
109 185
109 194
109 200
109 203
109 206
109 228
109 233
109 250
109 278
109 293
109 298
110 111
110 112
110 113
110 114
110 115
110 116
110 117
110 118
110 119
110 128
110 146
110 171
110 199
110 202
110 236
110 261
110 264
110 281
110 287
110 296
111 112
111 113
111 114
111 115
111 116
111 117
111 118
111 119
111 120
111 126
111 148
111 151
111 183
111 200
111 201
111 209
111 213
111 220
111 221
111 223
111 237
111 242
111 259
111 265
111 276
111 277
111 285
111 299
112 113
112 114
112 115
112 116
112 117
112 118
112 119
112 142
112 151
112 154
112 157
112 168
112 189
112 196
112 210
112 221
112 245
112 256
112 258
112 261
112 264
112 268
112 270
112 272
112 287
112 296
113 114
113 115
113 116
113 117
113 118
113 119
113 126
113 147
113 148
113 152
113 166
113 174
113 179
113 193
113 196
113 210
113 214
113 220
113 234
113 235
113 237
113 241
113 259
113 270
113 278
113 286
113 291
113 293
114 115
114 116
114 117
114 118
114 119
114 121
114 131
114 136
114 139
114 179
114 194
114 203
114 217
114 232
114 236
114 241
114 247
114 265
114 284
114 287
114 294
115 116
115 117
115 118
115 119
115 121
115 143
115 150
115 155
115 175
115 182
115 198
115 200
115 207
115 229
115 232
115 233
115 236
115 237
115 241
115 254
115 255
115 265
115 269
115 285
115 287
115 289
116 117
116 118
116 119
116 135
116 140
116 143
116 161
116 173
116 177
116 179
116 196
116 198
116 216
116 219
116 225
116 234
116 261
116 299
117 118
117 119
117 135
117 148
117 155
117 157
117 168
117 178
117 181
117 184
117 185
117 194
117 195
117 197
117 207
117 216
117 223
117 244
117 249
117 253
117 255
117 265
117 279
117 295
118 119
118 134
118 150
118 151
118 165
118 167
118 174
118 176
118 182
118 221
118 237
118 258
118 277
119 121
119 167
119 177
119 179
119 183
119 200
119 205
119 208
119 232
119 260
119 281
128 129
128 130
128 131
128 132
128 133
128 134
128 135
128 136
128 137
128 138
128 139
128 120
128 121
128 122
128 123
128 124
128 125
128 126
128 127
128 142
128 143
128 145
128 150
128 151
128 156
128 158
128 171
128 184
128 185
128 188
128 191
128 196
128 203
128 204
128 210
128 230
128 232
128 253
128 256
128 282
128 285
128 299
129 130
129 131
129 132
129 133
129 134
129 135
129 136
129 137
129 138
129 139
129 120
129 121
129 122
129 123
129 124
129 125
129 126
129 127
129 156
129 182
129 191
129 199
129 204
129 221
129 230
129 241
129 246
129 247
129 262
129 265
129 283
130 131
130 132
130 133
130 134
130 135
130 136
130 137
130 138
130 139
130 120
130 121
130 122
130 123
130 124
130 125
130 126
130 127
130 141
130 147
130 165
130 168
130 173
130 187
130 191
130 198
130 207
130 210
130 239
130 268
130 278
130 279
130 287
131 132
131 133
131 134
131 135
131 136
131 137
131 138
131 139
131 120
131 121
131 122
131 123
131 124
131 125
131 126
131 127
131 155
131 156
131 183
131 212
131 242
131 243
131 245
131 261
131 279
131 283
132 133
132 134
132 135
132 136
132 137
132 138
132 139
132 120
132 121
132 122
132 123
132 124
132 125
132 126
132 127
132 152
132 156
132 157
132 169
132 171
132 184
132 193
132 217
132 231
132 245
132 257
132 281
132 287
133 134
133 135
133 136
133 137
133 138
133 139
133 120
133 121
133 122
133 123
133 124
133 125
133 126
133 127
133 149
133 183
133 200
133 213
133 246
133 259
133 262
133 263
133 273
133 274
133 289
133 297
134 135
134 136
134 137
134 138
134 139
134 120
134 121
134 122
134 123
134 124
134 125
134 126
134 127
134 143
134 144
134 149
134 150
134 156
134 165
134 173
134 188
134 194
134 195
134 213
134 214
134 216
134 218
134 227
134 233
134 244
134 246
134 260
134 268
134 270
134 271
134 277
134 288
135 136
135 137
135 138
135 139
135 120
135 121
135 122
135 123
135 124
135 125
135 126
135 127
135 154
135 157
135 161
135 175
135 204
135 205
135 213
135 231
135 250
135 255
135 260
135 261
135 267
135 282
135 292
135 298
136 137
136 138
136 139
136 120
136 121
136 122
136 123
136 124
136 125
136 126
136 127
136 177
136 182
136 196
136 201
136 202
136 205
136 217
136 220
136 223
136 231
136 242
136 254
136 267
136 274
136 288
136 290
136 293
136 297
137 138
137 139
137 120
137 121
137 122
137 123
137 124
137 125
137 126
137 127
137 153
137 156
137 159
137 172
137 188
137 190
137 193
137 211
137 217
137 218
137 227
137 240
137 241
137 243
137 245
137 259
137 268
137 269
137 274
137 281
137 283
137 286
137 299
138 139
138 120
138 121
138 122
138 123
138 124
138 125
138 126
138 127
138 146
138 152
138 182
138 203
138 216
138 217
138 234
138 252
138 259
138 263
138 270
138 287
138 291
139 120
139 121
139 122
139 123
139 124
139 125
139 126
139 127
139 152
139 159
139 188
139 190
139 194
139 199
139 211
139 217
139 220
139 224
139 234
139 250
139 280
139 291
139 295
120 121
120 122
120 123
120 124
120 125
120 126
120 127
120 147
120 177
120 180
120 188
120 192
120 197
120 218
120 269
120 274
120 291
120 294
121 122
121 123
121 124
121 125
121 126
121 127
121 142
121 147
121 167
121 177
121 190
121 204
121 214
121 222
121 236
121 237
121 252
121 257
121 279
121 291
122 123
122 124
122 125
122 126
122 127
122 144
122 148
122 154
122 157
122 163
122 164
122 169
122 180
122 182
122 183
122 198
122 216
122 224
122 225
122 237
122 263
122 293
122 296
123 124
123 125
123 126
123 127
123 164
123 180
123 190
123 215
123 219
123 227
123 236
123 240
123 243
123 247
123 272
123 275
123 288
123 291
124 125
124 126
124 127
124 143
124 150
124 155
124 156
124 178
124 181
124 187
124 203
124 210
124 221
124 223
124 225
124 231
124 239
124 245
124 260
124 267
124 273
125 126
125 127
125 156
125 180
125 181
125 187
125 189
125 190
125 211
125 214
125 228
125 248
125 259
125 260
125 262
125 268
125 276
125 283
125 288
125 298
126 127
126 163
126 169
126 173
126 198
126 205
126 223
126 229
126 238
126 239
126 253
126 272
126 284
126 288
126 293
126 294
127 146
127 165
127 176
127 187
127 199
127 209
127 216
127 225
127 226
127 255
127 258
127 260
127 265
127 267
127 269
127 270
127 277
127 288
127 289
127 299
140 141
140 142
140 143
140 144
140 145
140 146
140 147
140 148
140 149
140 150
140 151
140 152
140 153
140 154
140 155
140 156
140 157
140 158
140 159
140 170
140 179
140 187
140 193
140 204
140 206
140 211
140 225
140 265
140 288
140 298
141 142
141 143
141 144
141 145
141 146
141 147
141 148
141 149
141 150
141 151
141 152
141 153
141 154
141 155
141 156
141 157
141 158
141 159
141 162
141 182
141 206
141 208
141 209
141 210
141 214
141 224
141 229
141 252
141 254
141 262
141 288
142 143
142 144
142 145
142 146
142 147
142 148
142 149
142 150
142 151
142 152
142 153
142 154
142 155
142 156
142 157
142 158
142 159
142 160
142 181
142 205
142 214
142 217
142 221
142 236
142 237
142 247
142 261
142 281
142 287
142 296
143 144
143 145
143 146
143 147
143 148
143 149
143 150
143 151
143 152
143 153
143 154
143 155
143 156
143 157
143 158
143 159
143 166
143 176
143 185
143 190
143 192
143 206
143 208
143 231
143 240
143 248
143 258
143 264
143 268
143 284
143 292
144 145
144 146
144 147
144 148
144 149
144 150
144 151
144 152
144 153
144 154
144 155
144 156
144 157
144 158
144 159
144 161
144 173
144 176
144 183
144 211
144 217
144 218
144 249
144 259
144 263
145 146
145 147
145 148
145 149
145 150
145 151
145 152
145 153
145 154
145 155
145 156
145 157
145 158
145 159
145 171
145 191
145 192
145 193
145 196
145 202
145 205
145 206
145 220
145 240
145 253
145 264
145 275
145 283
145 289
145 292
146 147
146 148
146 149
146 150
146 151
146 152
146 153
146 154
146 155
146 156
146 157
146 158
146 159
146 161
146 163
146 165
146 166
146 167
146 173
146 187
146 188
146 194
146 197
146 201
146 213
146 231
146 257
146 260
146 264
146 268
146 274
146 278
146 294
146 296
146 298
146 299
147 148
147 149
147 150
147 151
147 152
147 153
147 154
147 155
147 156
147 157
147 158
147 159
147 164
147 184
147 222
147 243
147 265
147 273
147 274
147 280
147 281
148 149
148 150
148 151
148 152
148 153
148 154
148 155
148 156
148 157
148 158
148 159
148 161
148 174
148 190
148 196
148 197
148 200
148 201
148 219
148 228
148 246
148 255
148 268
148 276
148 287
149 150
149 151
149 152
149 153
149 154
149 155
149 156
149 157
149 158
149 159
149 214
149 219
149 229
149 234
149 246
149 259
149 263
149 274
149 276
149 285
149 286
149 289
150 151
150 152
150 153
150 154
150 155
150 156
150 157
150 158
150 159
150 160
150 165
150 172
150 186
150 200
150 205
150 215
150 220
150 235
150 243
150 276
150 278
150 286
150 289
150 290
150 294
151 152
151 153
151 154
151 155
151 156
151 157
151 158
151 159
151 160
151 164
151 179
151 192
151 195
151 200
151 219
151 239
151 250
151 275
151 284
151 295
152 153
152 154
152 155
152 156
152 157
152 158
152 159
152 162
152 167
152 168
152 176
152 184
152 188
152 189
152 197
152 209
152 211
152 228
152 250
152 253
152 264
152 270
152 279
153 154
153 155
153 156
153 157
153 158
153 159
153 161
153 168
153 180
153 184
153 196
153 220
153 226
153 235
153 239
153 243
153 247
153 258
153 264
153 271
154 155
154 156
154 157
154 158
154 159
154 160
154 162
154 182
154 183
154 202
154 209
154 214
154 216
154 220
154 247
154 257
154 271
154 273
154 286
154 297
155 156
155 157
155 158
155 159
155 161
155 163
155 164
155 165
155 168
155 199
155 201
155 207
155 216
155 222
155 224
155 225
155 227
155 245
155 252
155 264
155 268
155 295
156 157
156 158
156 159
156 185
156 194
156 206
156 215
156 241
156 246
156 251
156 258
156 293
156 295
156 296
157 158
157 159
157 165
157 173
157 181
157 186
157 197
157 240
157 256
157 267
157 288
157 292
158 159
158 170
158 181
158 227
158 238
158 239
158 255
158 270
158 286
159 168
159 171
159 180
159 192
159 200
159 207
159 219
159 227
159 230
159 233
159 239
159 253
159 282
159 292
160 161
160 162
160 163
160 164
160 165
160 166
160 167
160 168
160 169
160 170
160 171
160 172
160 173
160 174
160 175
160 176
160 177
160 178
160 179
160 186
160 193
160 205
160 224
160 227
160 243
160 244
160 248
160 266
160 282
160 283
160 284
160 291
160 296
161 162
161 163
161 164
161 165
161 166
161 167
161 168
161 169
161 170
161 171
161 172
161 173
161 174
161 175
161 176
161 177
161 178
161 179
161 182
161 189
161 193
161 205
161 207
161 213
161 222
161 226
161 236
161 269
161 278
161 291
161 296
161 298
162 163
162 164
162 165
162 166
162 167
162 168
162 169
162 170
162 171
162 172
162 173
162 174
162 175
162 176
162 177
162 178
162 179
162 198
162 211
162 218
162 247
162 249
162 253
162 260
162 262
162 269
162 278
162 281
162 295
162 297
163 164
163 165
163 166
163 167
163 168
163 169
163 170
163 171
163 172
163 173
163 174
163 175
163 176
163 177
163 178
163 179
163 189
163 207
163 211
163 220
163 230
163 240
163 244
163 267
163 271
163 294
164 165
164 166
164 167
164 168
164 169
164 170
164 171
164 172
164 173
164 174
164 175
164 176
164 177
164 178
164 179
164 202
164 212
164 213
164 223
164 238
164 247
164 258
164 264
164 272
164 273
164 289
165 166
165 167
165 168
165 169
165 170
165 171
165 172
165 173
165 174
165 175
165 176
165 177
165 178
165 179
165 204
165 240
165 244
166 167
166 168
166 169
166 170
166 171
166 172
166 173
166 174
166 175
166 176
166 177
166 178
166 179
166 194
166 217
166 249
166 254
166 278
166 282
166 284
166 287
166 289
167 168
167 169
167 170
167 171
167 172
167 173
167 174
167 175
167 176
167 177
167 178
167 179
167 191
167 194
167 195
167 225
167 232
167 236
167 243
167 262
167 272
167 273
167 287
167 290
168 169
168 170
168 171
168 172
168 173
168 174
168 175
168 176
168 177
168 178
168 179
168 181
168 184
168 200
168 214
168 221
168 244
168 246
168 260
168 268
168 269
168 292
168 294
169 170
169 171
169 172
169 173
169 174
169 175
169 176
169 177
169 178
169 179
169 184
169 186
169 245
169 256
169 267
169 272
169 283
169 298
170 171
170 172
170 173
170 174
170 175
170 176
170 177
170 178
170 179
170 190
170 197
170 200
170 207
170 208
170 223
170 224
170 225
170 231
170 238
170 239
170 245
170 264
170 265
170 271
170 277
170 278
170 294
171 172
171 173
171 174
171 175
171 176
171 177
171 178
171 179
171 208
171 220
171 226
171 243
171 264
171 279
171 285
171 289
171 294
171 297
171 298
172 173
172 174
172 175
172 176
172 177
172 178
172 179
172 182
172 190
172 192
172 195
172 199
172 201
172 204
172 210
172 221
172 228
172 231
172 248
172 258
173 174
173 175
173 176
173 177
173 178
173 179
173 180
173 189
173 190
173 192
173 195
173 203
173 244
173 259
173 299
174 175
174 176
174 177
174 178
174 179
174 180
174 186
174 238
174 257
174 259
174 269
174 277
174 287
174 290
175 176
175 177
175 178
175 179
175 191
175 204
175 212
175 226
175 229
175 234
175 238
175 243
175 254
175 265
176 177
176 178
176 179
176 200
176 235
176 249
176 262
176 282
176 289
176 295
177 178
177 179
177 181
177 192
177 195
177 199
177 207
177 210
177 211
177 217
177 229
177 247
177 253
177 259
177 271
177 278
177 288
178 179
178 180
178 192
178 201
178 202
178 204
178 214
178 216
178 223
178 231
178 250
178 263
178 269
178 281
178 284
178 288
179 185
179 188
179 191
179 192
179 194
179 203
179 212
179 223
179 229
179 239
179 242
179 244
179 254
179 277
179 278
179 285
180 181
180 182
180 183
180 184
180 185
180 186
180 187
180 188
180 189
180 190
180 191
180 192
180 193
180 194
180 195
180 196
180 197
180 198
180 199
180 204
180 206
180 219
180 230
180 270
180 280
180 283
180 285
180 290
180 298
181 182
181 183
181 184
181 185
181 186
181 187
181 188
181 189
181 190
181 191
181 192
181 193
181 194
181 195
181 196
181 197
181 198
181 199
181 203
181 204
181 226
181 230
181 234
181 238
181 273
181 278
182 183
182 184
182 185
182 186
182 187
182 188
182 189
182 190
182 191
182 192
182 193
182 194
182 195
182 196
182 197
182 198
182 199
182 201
182 209
182 214
182 222
182 239
182 252
182 260
182 263
182 280
182 285
182 290
182 292
182 295
182 297
183 184
183 185
183 186
183 187
183 188
183 189
183 190
183 191
183 192
183 193
183 194
183 195
183 196
183 197
183 198
183 199
183 202
183 204
183 208
183 213
183 222
183 233
183 251
183 255
183 259
183 264
183 286
183 287
183 293
184 185
184 186
184 187
184 188
184 189
184 190
184 191
184 192
184 193
184 194
184 195
184 196
184 197
184 198
184 199
184 208
184 209
184 215
184 218
184 219
184 248
184 286
184 293
185 186
185 187
185 188
185 189
185 190
185 191
185 192
185 193
185 194
185 195
185 196
185 197
185 198
185 199
185 201
185 210
185 220
185 256
185 295
186 187
186 188
186 189
186 190
186 191
186 192
186 193
186 194
186 195
186 196
186 197
186 198
186 199
186 216
186 235
186 238
186 278
186 279
186 289
186 295
187 188
187 189
187 190
187 191
187 192
187 193
187 194
187 195
187 196
187 197
187 198
187 199
187 214
187 220
187 244
187 265
187 270
187 275
187 278
187 285
188 189
188 190
188 191
188 192
188 193
188 194
188 195
188 196
188 197
188 198
188 199
188 217
188 220
188 227
188 236
188 242
188 247
188 250
188 255
188 271
188 275
188 276
188 279
188 281
188 282
189 190
189 191
189 192
189 193
189 194
189 195
189 196
189 197
189 198
189 199
189 201
189 202
189 216
189 242
189 249
189 261
189 263
189 269
189 290
189 296
190 191
190 192
190 193
190 194
190 195
190 196
190 197
190 198
190 199
190 202
190 203
190 219
190 221
190 234
190 235
190 256
190 259
190 273
190 283
190 294
190 298
191 192
191 193
191 194
191 195
191 196
191 197
191 198
191 199
191 202
191 205
191 208
191 209
191 214
191 229
191 243
191 252
191 265
191 271
191 272
191 280
192 193
192 194
192 195
192 196
192 197
192 198
192 199
192 222
192 224
192 236
192 238
192 247
192 270
192 280
192 297
193 194
193 195
193 196
193 197
193 198
193 199
193 215
193 221
193 223
193 227
193 233
193 237
193 248
193 259
193 279
193 297
194 195
194 196
194 197
194 198
194 199
194 205
194 214
194 229
194 231
194 246
194 252
194 256
194 271
194 278
194 291
194 292
194 294
195 196
195 197
195 198
195 199
195 208
195 221
195 262
195 283
195 284
195 294
196 197
196 198
196 199
196 207
196 209
196 215
196 223
196 253
196 256
197 198
197 199
197 200
197 205
197 209
197 216
197 219
197 223
197 230
197 235
197 241
197 247
197 248
197 256
197 286
197 292
197 295
198 199
198 202
198 208
198 216
198 221
198 229
198 238
198 268
198 276
198 279
198 286
199 205
199 212
199 242
199 245
199 247
199 249
199 251
199 261
199 268
199 274
199 287
200 201
200 202
200 203
200 204
200 205
200 206
200 207
200 208
200 209
200 210
200 211
200 212
200 213
200 214
200 215
200 216
200 217
200 218
200 219
200 233
200 239
200 243
200 253
200 255
200 260
200 291
200 298
201 202
201 203
201 204
201 205
201 206
201 207
201 208
201 209
201 210
201 211
201 212
201 213
201 214
201 215
201 216
201 217
201 218
201 219
201 228
201 235
201 238
201 252
201 257
201 297
201 299
202 203
202 204
202 205
202 206
202 207
202 208
202 209
202 210
202 211
202 212
202 213
202 214
202 215
202 216
202 217
202 218
202 219
202 240
202 251
202 260
202 270
202 276
203 204
203 205
203 206
203 207
203 208
203 209
203 210
203 211
203 212
203 213
203 214
203 215
203 216
203 217
203 218
203 219
203 224
203 227
203 230
203 248
203 254
203 257
203 258
203 282
203 292
203 295
204 205
204 206
204 207
204 208
204 209
204 210
204 211
204 212
204 213
204 214
204 215
204 216
204 217
204 218
204 219
204 220
204 243
204 251
204 257
204 272
204 282
204 291
204 294
204 296
205 206
205 207
205 208
205 209
205 210
205 211
205 212
205 213
205 214
205 215
205 216
205 217
205 218
205 219
205 226
205 234
205 235
205 251
205 258
205 293
205 295
206 207
206 208
206 209
206 210
206 211
206 212
206 213
206 214
206 215
206 216
206 217
206 218
206 219
206 221
206 228
206 271
206 273
206 277
206 298
207 208
207 209
207 210
207 211
207 212
207 213
207 214
207 215
207 216
207 217
207 218
207 219
207 235
207 236
207 245
207 246
207 259
207 282
208 209
208 210
208 211
208 212
208 213
208 214
208 215
208 216
208 217
208 218
208 219
208 221
208 222
208 226
208 227
208 233
208 243
208 249
208 253
208 264
208 271
208 276
208 277
208 281
208 288
208 289
208 290
208 292
208 296
208 298
208 299
209 210
209 211
209 212
209 213
209 214
209 215
209 216
209 217
209 218
209 219
209 220
209 234
209 238
209 263
209 264
209 283
209 286
209 289
209 294
209 296
209 297
210 211
210 212
210 213
210 214
210 215
210 216
210 217
210 218
210 219
210 224
210 248
210 254
210 265
210 294
210 298
211 212
211 213
211 214
211 215
211 216
211 217
211 218
211 219
211 233
211 255
211 271
211 275
211 278
211 284
212 213
212 214
212 215
212 216
212 217
212 218
212 219
212 221
212 233
212 250
212 278
212 289
213 214
213 215
213 216
213 217
213 218
213 219
213 222
213 240
213 267
213 278
213 292
214 215
214 216
214 217
214 218
214 219
214 228
214 236
214 240
214 250
214 253
214 268
214 276
214 286
215 216
215 217
215 218
215 219
215 222
215 227
215 236
215 258
215 274
215 279
215 288
215 289
216 217
216 218
216 219
216 224
216 230
216 261
216 292
216 295
217 218
217 219
217 245
217 248
217 250
217 254
217 255
217 272
217 278
217 284
218 219
218 242
218 246
218 247
218 251
218 254
218 272
218 283
218 289
219 221
219 248
219 255
219 260
219 261
219 263
219 272
219 284
219 289
219 292
220 221
220 222
220 223
220 224
220 225
220 226
220 227
220 228
220 229
220 230
220 231
220 232
220 233
220 234
220 235
220 236
220 237
220 238
220 239
220 241
220 251
220 255
220 266
220 277
220 288
221 222
221 223
221 224
221 225
221 226
221 227
221 228
221 229
221 230
221 231
221 232
221 233
221 234
221 235
221 236
221 237
221 238
221 239
221 241
221 245
221 252
221 256
221 285
221 296
222 223
222 224
222 225
222 226
222 227
222 228
222 229
222 230
222 231
222 232
222 233
222 234
222 235
222 236
222 237
222 238
222 239
223 224
223 225
223 226
223 227
223 228
223 229
223 230
223 231
223 232
223 233
223 234
223 235
223 236
223 237
223 238
223 239
223 251
223 253
223 260
223 273
223 282
223 291
224 225
224 226
224 227
224 228
224 229
224 230
224 231
224 232
224 233
224 234
224 235
224 236
224 237
224 238
224 239
224 247
224 256
224 265
224 291
224 293
224 294
224 295
224 297
225 226
225 227
225 228
225 229
225 230
225 231
225 232
225 233
225 234
225 235
225 236
225 237
225 238
225 239
225 243
225 248
225 259
225 266
225 269
225 282
226 227
226 228
226 229
226 230
226 231
226 232
226 233
226 234
226 235
226 236
226 237
226 238
226 239
226 261
226 264
226 279
226 284
226 286
226 289
226 296
227 228
227 229
227 230
227 231
227 232
227 233
227 234
227 235
227 236
227 237
227 238
227 239
227 241
227 242
227 246
227 247
227 253
227 260
227 295
228 229
228 230
228 231
228 232
228 233
228 234
228 235
228 236
228 237
228 238
228 239
228 241
228 243
228 244
228 263
228 273
228 278
229 230
229 231
229 232
229 233
229 234
229 235
229 236
229 237
229 238
229 239
230 231
230 232
230 233
230 234
230 235
230 236
230 237
230 238
230 239
230 247
230 259
230 266
230 275
230 281
230 287
230 288
231 232
231 233
231 234
231 235
231 236
231 237
231 238
231 239
231 246
231 247
231 258
231 287
231 296
232 233
232 234
232 235
232 236
232 237
232 238
232 239
232 241
232 245
232 252
232 258
232 285
232 288
233 234
233 235
233 236
233 237
233 238
233 239
233 292
233 293
234 235
234 236
234 237
234 238
234 239
234 242
234 262
234 280
234 282
234 283
234 285
235 236
235 237
235 238
235 239
235 252
235 284
235 286
236 237
236 238
236 239
236 252
236 258
236 262
236 265
236 267
236 286
236 288
236 297
237 238
237 239
237 241
237 288
237 290
238 239
238 243
238 280
238 294
238 297
239 244
239 248
239 263
239 282
239 285
239 295
256 257
256 258
256 259
256 240
256 241
256 242
256 243
256 244
256 245
256 246
256 247
256 248
256 249
256 250
256 251
256 252
256 253
256 254
256 255
256 263
256 279
256 290
256 292
257 258
257 259
257 240
257 241
257 242
257 243
257 244
257 245
257 246
257 247
257 248
257 249
257 250
257 251
257 252
257 253
257 254
257 255
257 262
257 266
257 269
257 274
257 286
257 292
258 259
258 240
258 241
258 242
258 243
258 244
258 245
258 246
258 247
258 248
258 249
258 250
258 251
258 252
258 253
258 254
258 255
258 290
259 240
259 241
259 242
259 243
259 244
259 245
259 246
259 247
259 248
259 249
259 250
259 251
259 252
259 253
259 254
259 255
259 272
259 287
259 292
240 241
240 242
240 243
240 244
240 245
240 246
240 247
240 248
240 249
240 250
240 251
240 252
240 253
240 254
240 255
240 262
240 266
240 269
240 276
240 286
240 294
240 296
241 242
241 243
241 244
241 245
241 246
241 247
241 248
241 249
241 250
241 251
241 252
241 253
241 254
241 255
241 260
241 263
241 282
241 285
241 294
242 243
242 244
242 245
242 246
242 247
242 248
242 249
242 250
242 251
242 252
242 253
242 254
242 255
242 262
242 274
242 283
242 289
242 290
242 295
243 244
243 245
243 246
243 247
243 248
243 249
243 250
243 251
243 252
243 253
243 254
243 255
243 277
243 285
243 289
243 292
243 293
244 245
244 246
244 247
244 248
244 249
244 250
244 251
244 252
244 253
244 254
244 255
244 264
244 265
244 278
244 287
244 296
244 297
245 246
245 247
245 248
245 249
245 250
245 251
245 252
245 253
245 254
245 255
245 279
245 281
246 247
246 248
246 249
246 250
246 251
246 252
246 253
246 254
246 255
246 262
246 265
246 269
247 248
247 249
247 250
247 251
247 252
247 253
247 254
247 255
247 261
247 266
247 268
247 298
248 249
248 250
248 251
248 252
248 253
248 254
248 255
248 284
249 250
249 251
249 252
249 253
249 254
249 255
249 260
249 276
249 278
250 251
250 252
250 253
250 254
250 255
250 265
250 280
251 252
251 253
251 254
251 255
251 262
251 283
251 294
252 253
252 254
252 255
252 266
252 270
252 277
252 295
253 254
253 255
253 263
253 265
253 266
253 278
253 291
253 293
254 255
254 267
254 276
254 281
254 287
254 295
255 273
255 278
255 297
255 299
260 261
260 262
260 263
260 264
260 265
260 266
260 267
260 268
260 269
260 270
260 271
260 272
260 273
260 274
260 275
260 276
260 277
260 278
260 279
260 284
260 286
260 291
260 296
261 262
261 263
261 264
261 265
261 266
261 267
261 268
261 269
261 270
261 271
261 272
261 273
261 274
261 275
261 276
261 277
261 278
261 279
261 280
261 287
262 263
262 264
262 265
262 266
262 267
262 268
262 269
262 270
262 271
262 272
262 273
262 274
262 275
262 276
262 277
262 278
262 279
262 283
262 290
262 295
262 297
263 264
263 265
263 266
263 267
263 268
263 269
263 270
263 271
263 272
263 273
263 274
263 275
263 276
263 277
263 278
263 279
263 280
263 285
264 265
264 266
264 267
264 268
264 269
264 270
264 271
264 272
264 273
264 274
264 275
264 276
264 277
264 278
264 279
264 284
264 286
264 293
264 298
265 266
265 267
265 268
265 269
265 270
265 271
265 272
265 273
265 274
265 275
265 276
265 277
265 278
265 279
265 280
265 287
265 296
266 267
266 268
266 269
266 270
266 271
266 272
266 273
266 274
266 275
266 276
266 277
266 278
266 279
266 290
267 268
267 269
267 270
267 271
267 272
267 273
267 274
267 275
267 276
267 277
267 278
267 279
268 269
268 270
268 271
268 272
268 273
268 274
268 275
268 276
268 277
268 278
268 279
268 290
268 295
268 297
269 270
269 271
269 272
269 273
269 274
269 275
269 276
269 277
269 278
269 279
269 284
269 292
269 298
270 271
270 272
270 273
270 274
270 275
270 276
270 277
270 278
270 279
270 294
270 297
271 272
271 273
271 274
271 275
271 276
271 277
271 278
271 279
271 281
271 288
271 291
272 273
272 274
272 275
272 276
272 277
272 278
272 279
272 291
273 274
273 275
273 276
273 277
273 278
273 279
273 288
274 275
274 276
274 277
274 278
274 279
274 288
274 294
274 295
275 276
275 277
275 278
275 279
275 286
275 291
275 293
276 277
276 278
276 279
277 278
277 279
277 287
277 290
278 279
279 280
280 281
280 282
280 283
280 284
280 285
280 286
280 287
280 288
280 289
280 290
280 291
280 292
280 293
280 294
280 295
280 296
280 297
280 298
280 299
281 282
281 283
281 284
281 285
281 286
281 287
281 288
281 289
281 290
281 291
281 292
281 293
281 294
281 295
281 296
281 297
281 298
281 299
282 283
282 284
282 285
282 286
282 287
282 288
282 289
282 290
282 291
282 292
282 293
282 294
282 295
282 296
282 297
282 298
282 299
283 284
283 285
283 286
283 287
283 288
283 289
283 290
283 291
283 292
283 293
283 294
283 295
283 296
283 297
283 298
283 299
284 285
284 286
284 287
284 288
284 289
284 290
284 291
284 292
284 293
284 294
284 295
284 296
284 297
284 298
284 299
285 286
285 287
285 288
285 289
285 290
285 291
285 292
285 293
285 294
285 295
285 296
285 297
285 298
285 299
286 287
286 288
286 289
286 290
286 291
286 292
286 293
286 294
286 295
286 296
286 297
286 298
286 299
287 288
287 289
287 290
287 291
287 292
287 293
287 294
287 295
287 296
287 297
287 298
287 299
288 289
288 290
288 291
288 292
288 293
288 294
288 295
288 296
288 297
288 298
288 299
289 290
289 291
289 292
289 293
289 294
289 295
289 296
289 297
289 298
289 299
290 291
290 292
290 293
290 294
290 295
290 296
290 297
290 298
290 299
291 292
291 293
291 294
291 295
291 296
291 297
291 298
291 299
292 293
292 294
292 295
292 296
292 297
292 298
292 299
293 294
293 295
293 296
293 297
293 298
293 299
294 295
294 296
294 297
294 298
294 299
295 296
295 297
295 298
295 299
296 297
296 298
296 299
297 298
297 299
298 299
