# 1890 edges
0 1
0 2
0 3
0 4
0 5
0 6
0 7
0 8
0 9
0 19
0 21
0 23
0 45
0 47
0 49
0 57
0 58
0 59
0 62
0 63
0 65
0 66
0 67
0 71
0 78
0 82
0 88
0 89
0 91
0 99
0 102
0 112
0 118
1 2
1 3
1 4
1 5
1 6
1 7
1 8
1 9
1 10
1 11
1 17
1 18
1 25
1 26
1 28
1 31
1 34
1 36
1 40
1 46
1 56
1 57
1 58
1 66
1 69
1 74
1 75
1 81
1 82
1 84
1 90
1 103
1 107
1 116
1 117
1 118
2 3
2 4
2 5
2 6
2 7
2 8
2 9
2 20
2 21
2 27
2 36
2 38
2 40
2 45
2 49
2 52
2 53
2 55
2 56
2 60
2 76
2 83
2 84
2 88
2 92
2 109
2 117
3 4
3 5
3 6
3 7
3 8
3 9
3 18
3 32
3 39
3 41
3 42
3 43
3 45
3 54
3 62
3 64
3 66
3 67
3 68
3 69
3 75
3 76
3 78
3 80
3 83
3 89
3 91
3 92
3 98
3 99
3 115
3 119
4 5
4 6
4 7
4 8
4 9
4 22
4 30
4 36
4 37
4 38
4 46
4 53
4 54
4 58
4 61
4 67
4 71
4 75
4 79
4 84
4 87
4 89
4 91
4 92
4 99
4 110
4 114
4 117
5 6
5 7
5 8
5 9
5 10
5 16
5 23
5 24
5 25
5 34
5 36
5 41
5 45
5 51
5 55
5 59
5 62
5 66
5 70
5 73
5 77
5 99
5 110
5 114
6 7
6 8
6 9
6 10
6 27
6 29
6 32
6 34
6 37
6 38
6 40
6 57
6 60
6 62
6 64
6 70
6 91
6 94
6 96
6 111
6 115
7 8
7 9
7 19
7 21
7 22
7 25
7 27
7 31
7 33
7 38
7 44
7 48
7 52
7 57
7 59
7 62
7 64
7 67
7 99
7 101
8 9
8 18
8 23
8 29
8 30
8 49
8 56
8 59
8 66
8 67
8 75
8 76
8 77
8 82
8 86
8 93
8 99
8 100
8 115
8 116
8 119
9 20
9 28
9 30
9 36
9 44
9 54
9 56
9 61
9 68
9 73
9 81
9 97
9 100
9 101
9 104
9 111
9 119
10 11
10 12
10 13
10 14
10 15
10 16
10 17
10 18
10 19
10 21
10 23
10 24
10 26
10 32
10 37
10 56
10 57
10 66
10 70
10 71
10 74
10 76
10 84
10 89
10 112
10 115
11 12
11 13
11 14
11 15
11 16
11 17
11 18
11 19
11 20
11 21
11 26
11 44
11 49
11 58
11 69
11 76
11 82
11 87
11 89
11 91
11 106
11 108
11 110
11 112
12 13
12 14
12 15
12 16
12 17
12 18
12 19
12 20
12 21
12 22
12 23
12 25
12 29
12 34
12 37
12 39
12 40
12 49
12 52
12 55
12 62
12 65
12 68
12 71
12 72
12 77
12 78
12 79
12 82
12 84
12 90
12 110
12 112
12 115
12 116
12 119
13 14
13 15
13 16
13 17
13 18
13 19
13 29
13 36
13 43
13 48
13 51
13 52
13 56
13 69
13 79
13 82
13 83
13 87
13 89
13 92
13 97
13 103
13 104
13 105
13 106
13 108
13 119
14 15
14 16
14 17
14 18
14 19
14 21
14 25
14 34
14 39
14 44
14 45
14 59
14 64
14 65
14 71
14 75
14 79
14 83
14 93
14 105
14 111
14 114
15 16
15 17
15 18
15 19
15 27
15 29
15 32
15 34
15 36
15 39
15 43
15 46
15 50
15 63
15 67
15 71
15 74
15 83
15 94
15 101
15 115
15 117
15 119
16 17
16 18
16 19
16 20
16 24
16 27
16 30
16 38
16 41
16 52
16 57
16 63
16 68
16 74
16 76
16 78
16 82
16 86
16 92
16 95
16 97
16 102
16 108
16 114
17 18
17 19
17 23
17 25
17 34
17 43
17 48
17 52
17 55
17 56
17 58
17 61
17 64
17 66
17 76
17 79
17 84
17 87
17 94
17 97
17 99
17 101
17 109
17 113
17 117
18 19
18 23
18 25
18 26
18 27
18 31
18 33
18 44
18 48
18 50
18 61
18 65
18 69
18 74
18 75
18 76
18 78
18 79
18 84
18 86
18 87
18 96
18 109
18 111
18 119
19 23
19 32
19 33
19 37
19 38
19 40
19 43
19 44
19 47
19 48
19 50
19 51
19 56
19 66
19 68
19 70
19 74
19 76
19 82
19 83
19 85
19 90
19 99
19 103
19 106
19 110
19 111
19 113
19 116
19 118
20 21
20 22
20 23
20 24
20 25
20 26
20 27
20 28
20 29
20 43
20 51
20 62
20 66
20 71
20 73
20 84
20 85
20 89
20 91
20 93
20 98
20 104
20 111
20 113
20 114
20 119
21 22
21 23
21 24
21 25
21 26
21 27
21 28
21 29
21 31
21 35
21 39
21 40
21 42
21 44
21 45
21 54
21 71
21 76
21 77
21 81
21 83
21 87
21 92
21 93
21 106
21 108
22 23
22 24
22 25
22 26
22 27
22 28
22 29
22 31
22 33
22 34
22 37
22 45
22 47
22 52
22 53
22 64
22 66
22 74
22 78
22 87
22 100
22 101
22 108
22 116
23 24
23 25
23 26
23 27
23 28
23 29
23 30
23 32
23 36
23 46
23 51
23 52
23 55
23 57
23 63
23 71
23 76
23 79
23 85
23 86
23 92
23 103
23 106
23 108
24 25
24 26
24 27
24 28
24 29
24 33
24 41
24 48
24 49
24 50
24 57
24 60
24 63
24 84
24 87
24 88
24 91
24 92
24 94
24 95
24 99
24 104
24 108
24 117
24 119
25 26
25 27
25 28
25 29
25 33
25 37
25 41
25 49
25 50
25 54
25 59
25 68
25 75
25 76
25 91
25 97
25 100
25 103
25 117
26 27
26 28
26 29
26 32
26 36
26 46
26 47
26 53
26 56
26 57
26 60
26 62
26 75
26 82
26 85
26 90
26 111
26 113
26 114
27 28
27 29
27 36
27 54
27 62
27 72
27 77
27 82
27 83
27 90
27 96
27 99
27 101
27 103
27 112
28 29
28 30
28 31
28 33
28 38
28 42
28 44
28 51
28 56
28 58
28 66
28 70
28 74
28 75
28 80
28 82
28 85
28 91
28 95
28 98
28 109
28 110
28 119
29 32
29 35
29 39
29 44
29 56
29 58
29 69
29 70
29 74
29 77
29 83
29 84
29 85
29 92
29 96
29 112
29 117
29 118
32 33
32 34
32 35
32 36
32 37
32 38
32 39
32 30
32 31
32 41
32 43
32 51
32 55
32 56
32 58
32 73
32 75
32 82
32 88
32 89
32 96
32 97
32 100
32 102
32 104
32 107
32 119
33 34
33 35
33 36
33 37
33 38
33 39
33 30
33 31
33 43
33 56
33 61
33 67
33 73
33 79
33 87
33 89
33 95
33 99
33 100
33 103
33 112
33 118
33 119
34 35
34 36
34 37
34 38
34 39
34 30
34 31
34 40
34 49
34 50
34 54
34 58
34 59
34 61
34 65
34 66
34 88
34 96
34 99
34 103
34 113
34 119
35 36
35 37
35 38
35 39
35 30
35 31
35 48
35 50
35 66
35 79
35 85
35 89
35 90
35 91
35 95
35 100
35 105
35 106
35 107
35 108
35 109
35 116
36 37
36 38
36 39
36 30
36 31
36 43
36 49
36 51
36 52
36 55
36 57
36 58
36 64
36 65
36 66
36 75
36 76
36 78
36 82
36 85
36 96
36 97
36 104
36 106
36 108
36 113
37 38
37 39
37 30
37 31
37 40
37 42
37 60
37 61
37 70
37 71
37 82
37 96
37 108
37 112
37 113
37 114
38 39
38 30
38 31
38 40
38 44
38 46
38 54
38 63
38 75
38 82
38 84
38 89
38 91
38 98
38 108
38 110
38 111
38 116
39 30
39 31
39 41
39 42
39 46
39 55
39 68
39 70
39 73
39 74
39 79
39 83
39 88
39 92
39 95
39 96
39 99
39 112
39 115
39 118
30 31
30 41
30 52
30 60
30 68
30 70
30 73
30 75
30 78
30 80
30 82
30 86
30 95
30 98
30 99
30 115
30 116
30 117
31 41
31 43
31 48
31 52
31 64
31 65
31 66
31 71
31 73
31 74
31 77
31 81
31 84
31 87
31 96
31 98
31 101
31 103
31 117
40 41
40 42
40 43
40 44
40 45
40 46
40 47
40 48
40 49
40 50
40 73
40 74
40 76
40 83
40 88
40 92
40 100
40 116
41 42
41 43
41 44
41 45
41 46
41 47
41 48
41 49
41 53
41 66
41 68
41 72
41 75
41 78
41 82
41 86
41 91
41 93
41 94
41 112
41 119
42 43
42 44
42 45
42 46
42 47
42 48
42 49
42 52
42 55
42 61
42 65
42 69
42 70
42 73
42 80
42 87
42 101
42 103
42 104
42 110
42 111
42 118
42 119
43 44
43 45
43 46
43 47
43 48
43 49
43 64
43 65
43 66
43 70
43 71
43 78
43 82
43 84
43 92
43 94
43 104
43 113
43 116
43 117
44 45
44 46
44 47
44 48
44 49
44 52
44 53
44 56
44 59
44 61
44 63
44 67
44 72
44 77
44 84
44 95
44 96
44 97
44 101
44 103
44 107
44 113
44 114
44 117
45 46
45 47
45 48
45 49
45 51
45 53
45 72
45 88
45 95
45 98
45 105
45 117
46 47
46 48
46 49
46 53
46 55
46 56
46 59
46 65
46 71
46 74
46 77
46 82
46 92
46 95
46 99
46 100
46 101
46 103
46 107
46 112
47 48
47 49
47 58
47 60
47 67
47 69
47 75
47 81
47 87
47 88
47 95
47 98
47 103
47 108
47 110
47 112
47 115
47 117
48 49
48 50
48 52
48 53
48 62
48 68
48 75
48 76
48 77
48 82
48 84
48 88
48 98
48 99
48 100
48 105
48 108
48 110
48 111
49 56
49 66
49 67
49 69
49 73
49 76
49 80
49 82
49 87
49 88
49 89
49 92
49 93
49 94
49 96
49 98
49 102
49 107
49 110
49 112
49 115
49 116
50 51
50 52
50 53
50 54
50 55
50 56
50 57
50 58
50 59
50 62
50 65
50 71
50 73
50 84
50 87
50 88
50 97
50 107
50 119
51 52
51 53
51 54
51 55
51 56
51 57
51 58
51 59
51 62
51 66
51 67
51 69
51 76
51 83
51 89
51 90
51 97
51 98
51 103
51 105
51 108
51 111
51 114
51 116
52 53
52 54
52 55
52 56
52 57
52 58
52 59
52 60
52 63
52 66
52 69
52 71
52 72
52 74
52 76
52 86
52 90
52 91
52 94
52 96
52 99
52 106
52 109
53 54
53 55
53 56
53 57
53 58
53 59
53 62
53 64
53 65
53 76
53 77
53 79
53 80
53 81
53 95
53 99
53 102
53 115
53 119
54 55
54 56
54 57
54 58
54 59
54 76
54 80
54 83
54 86
54 89
54 90
54 100
54 105
54 107
55 56
55 57
55 58
55 59
55 65
55 74
55 76
55 81
55 86
55 90
55 94
55 98
55 103
56 57
56 58
56 59
56 64
56 66
56 69
56 77
56 80
56 92
56 93
56 97
56 104
56 105
56 107
56 115
56 118
57 58
57 59
57 62
57 63
57 65
57 66
57 71
57 72
57 74
57 98
57 102
57 107
58 59
58 63
58 66
58 69
58 70
58 71
58 72
58 76
58 87
58 92
58 94
58 95
58 99
58 104
58 107
58 115
59 75
59 80
59 92
59 116
59 117
64 65
64 66
64 67
64 68
64 69
64 60
64 61
64 62
64 63
64 73
64 82
64 102
64 105
64 108
64 115
64 118
65 66
65 67
65 68
65 69
65 60
65 61
65 62
65 63
65 72
65 74
65 75
65 79
65 82
65 86
65 87
65 97
65 108
66 67
66 68
66 69
66 60
66 61
66 62
66 63
66 70
66 72
66 79
66 83
66 84
66 85
66 86
66 96
66 97
66 101
66 103
66 109
66 114
66 116
67 68
67 69
67 60
67 61
67 62
67 63
67 70
67 79
67 82
67 86
67 95
67 108
67 117
68 69
68 60
68 61
68 62
68 63
68 73
68 76
68 85
68 94
68 101
68 104
68 108
68 109
68 114
68 117
69 60
69 61
69 62
69 63
69 77
69 86
69 88
69 89
69 91
69 93
69 117
60 61
60 62
60 63
60 70
60 73
60 79
60 84
60 85
60 86
60 90
60 91
60 92
60 96
60 101
61 62
61 63
61 71
61 75
61 78
61 81
61 89
61 90
61 91
61 92
61 97
61 100
61 103
61 107
61 111
61 115
61 117
61 118
62 63
62 70
62 75
62 83
62 84
62 86
62 90
62 92
62 94
62 102
62 104
62 110
62 118
62 119
63 75
63 78
63 79
63 82
63 95
63 101
63 110
63 118
70 71
70 72
70 73
70 74
70 75
70 76
70 77
70 78
70 79
70 83
70 94
70 108
70 114
70 115
70 116
70 117
71 72
71 73
71 74
71 75
71 76
71 77
71 78
71 79
71 81
71 83
71 91
71 95
71 108
71 117
72 73
72 74
72 75
72 76
72 77
72 78
72 79
72 82
72 83
72 99
72 109
72 110
72 116
73 74
73 75
73 76
73 77
73 78
73 79
73 97
73 102
73 106
73 107
73 108
73 109
73 113
74 75
74 76
74 77
74 78
74 79
74 85
74 88
74 94
74 99
74 102
74 103
74 106
74 109
74 113
74 116
75 76
75 77
75 78
75 79
75 82
75 99
75 102
75 107
75 108
76 77
76 78
76 79
76 99
76 101
76 111
76 112
76 115
76 118
76 119
77 78
77 79
77 81
77 82
77 87
77 89
77 95
77 97
77 98
77 105
77 107
77 113
78 79
78 83
78 88
78 92
78 99
78 101
78 118
79 85
79 86
79 87
79 116
80 81
80 82
80 83
80 84
80 85
80 86
80 87
80 88
80 89
80 97
80 107
80 114
80 117
80 119
81 82
81 83
81 84
81 85
81 86
81 87
81 88
81 89
81 96
81 97
81 99
81 110
82 83
82 84
82 85
82 86
82 87
82 88
82 89
82 92
82 96
82 97
82 98
82 99
82 102
83 84
83 85
83 86
83 87
83 88
83 89
83 95
83 96
83 99
83 103
83 111
83 116
84 85
84 86
84 87
84 88
84 89
84 92
84 96
84 98
84 111
84 113
84 117
85 86
85 87
85 88
85 89
85 92
85 94
85 97
85 99
85 101
85 106
85 114
85 115
85 116
85 117
86 87
86 88
86 89
86 94
86 95
86 97
86 102
86 103
86 106
86 107
86 111
86 114
86 118
87 88
87 89
87 92
87 95
87 98
87 102
87 105
87 110
88 89
88 93
88 97
88 100
88 108
88 110
88 115
88 117
89 95
89 96
89 105
89 106
89 107
89 109
89 110
89 112
89 119
96 97
96 98
96 99
96 90
96 91
96 92
96 93
96 94
96 95
96 104
96 110
96 113
96 115
96 119
97 98
97 99
97 90
97 91
97 92
97 93
97 94
97 95
97 103
97 106
97 114
98 99
98 90
98 91
98 92
98 93
98 94
98 95
98 102
98 106
98 112
98 116
98 118
99 90
99 91
99 92
99 93
99 94
99 95
99 106
99 109
99 114
99 115
90 91
90 92
90 93
90 94
90 95
90 103
90 105
90 113
90 115
90 116
91 92
91 93
91 94
91 95
91 100
91 101
91 112
91 117
91 119
92 93
92 94
92 95
92 107
92 113
93 94
93 95
93 100
93 102
93 104
93 105
93 108
93 115
93 117
94 95
94 103
94 107
94 110
94 113
94 114
94 116
94 117
94 119
95 103
95 104
95 112
95 116
95 118
100 101
100 102
100 103
100 104
100 105
100 106
100 107
100 108
100 109
101 102
101 103
101 104
101 105
101 106
101 107
101 108
101 109
101 115
101 118
102 103
102 104
102 105
102 106
102 107
102 108
102 109
102 110
102 113
103 104
103 105
103 106
103 107
103 108
103 109
103 110
103 113
103 115
103 118
103 119
104 105
104 106
104 107
104 108
104 109
104 110
104 111
104 112
104 114
104 119
105 106
105 107
105 108
105 109
105 118
106 107
106 108
106 109
106 111
106 115
106 116
107 108
107 109
108 109
108 114
108 118
109 111
109 113
109 117
110 111
110 112
110 113
110 114
110 115
110 116
110 117
110 118
110 119
111 112
111 113
111 114
111 115
111 116
111 117
111 118
111 119
112 113
112 114
112 115
112 116
112 117
112 118
112 119
113 114
113 115
113 116
113 117
113 118
113 119
114 115
114 116
114 117
114 118
114 119
115 116
115 117
115 118
115 119
116 117
116 118
116 119
117 118
117 119
118 119
