# 4282 edges
0 1
0 2
0 3
0 4
0 5
0 6
0 7
0 8
0 9
0 10
0 11
0 12
0 13
0 14
0 24
0 26
0 28
0 50
0 52
0 54
0 62
0 63
0 64
0 67
0 68
0 70
0 71
0 72
0 76
0 83
0 87
0 93
0 94
0 96
0 104
0 107
0 117
0 123
0 125
0 126
0 132
0 133
0 140
0 141
0 143
0 146
0 149
0 151
0 155
0 161
0 171
0 172
0 173
1 2
1 3
1 4
1 5
1 6
1 7
1 8
1 9
1 10
1 11
1 12
1 13
1 14
1 16
1 19
1 24
1 25
1 31
1 32
1 34
1 40
1 53
1 57
1 66
1 67
1 68
1 80
1 81
1 87
1 96
1 98
1 100
1 105
1 109
1 112
1 113
1 115
1 116
1 120
1 136
1 143
1 144
1 148
1 152
1 169
1 177
2 3
2 4
2 5
2 6
2 7
2 8
2 9
2 10
2 11
2 12
2 13
2 14
2 23
2 37
2 44
2 46
2 47
2 48
2 50
2 59
2 67
2 69
2 71
2 72
2 73
2 74
2 80
2 81
2 83
2 85
2 88
2 94
2 96
2 97
2 103
2 104
2 120
2 124
2 137
2 145
2 151
2 152
2 153
2 161
2 168
2 169
2 173
2 176
3 4
3 5
3 6
3 7
3 8
3 9
3 10
3 11
3 12
3 13
3 14
3 17
3 21
3 25
3 29
3 34
3 37
3 39
3 41
3 42
3 49
3 60
3 64
3 67
3 70
3 76
3 83
3 84
3 85
3 94
3 96
3 101
3 105
3 111
3 115
3 119
3 122
3 126
3 130
3 133
3 137
3 159
3 170
3 174
4 5
4 6
4 7
4 8
4 9
4 10
4 11
4 12
4 13
4 14
4 15
4 32
4 34
4 37
4 39
4 42
4 43
4 45
4 62
4 65
4 67
4 69
4 75
4 96
4 99
4 101
4 116
4 120
4 134
4 136
4 137
4 140
4 142
4 146
4 148
4 153
4 159
4 163
4 167
4 172
4 174
4 177
4 179
5 6
5 7
5 8
5 9
5 10
5 11
5 12
5 13
5 14
5 17
5 49
5 51
5 78
5 83
5 89
5 90
5 109
5 116
5 119
5 126
5 127
5 135
5 136
5 137
5 142
5 146
5 153
5 159
5 160
5 175
5 176
5 179
6 7
6 8
6 9
6 10
6 11
6 12
6 13
6 14
6 25
6 33
6 35
6 41
6 49
6 59
6 61
6 66
6 73
6 78
6 86
6 102
6 105
6 106
6 109
6 116
6 124
6 126
6 128
6 129
6 131
6 137
6 142
6 161
6 162
6 171
6 175
6 176
6 179
7 8
7 9
7 10
7 11
7 12
7 13
7 14
7 16
7 24
7 29
7 52
7 55
7 60
7 61
7 66
7 84
7 89
7 98
7 109
7 116
7 122
7 127
7 129
7 131
7 146
7 148
7 150
7 152
7 160
7 161
7 162
7 163
7 165
7 169
7 174
7 177
7 179
8 9
8 10
8 11
8 12
8 13
8 14
8 15
8 24
8 27
8 30
8 37
8 40
8 43
8 46
8 47
8 52
8 53
8 54
8 57
8 59
8 65
8 85
8 87
8 90
8 91
8 94
8 104
8 111
8 118
8 123
8 126
8 127
8 131
8 144
8 154
8 157
8 158
8 162
8 164
8 167
8 172
8 178
8 179
9 10
9 11
9 12
9 13
9 14
9 15
9 16
9 18
9 29
9 31
9 35
9 44
9 49
9 54
9 55
9 69
9 74
9 75
9 81
9 85
9 89
9 93
9 103
9 115
9 121
9 124
9 137
9 139
9 142
9 144
9 146
9 149
9 153
9 156
9 160
9 173
9 177
10 11
10 12
10 13
10 14
10 16
10 19
10 28
10 39
10 46
10 60
10 62
10 64
10 65
10 69
10 72
10 75
10 83
10 86
10 97
10 102
10 108
10 113
10 119
10 121
10 123
10 127
10 131
10 137
10 140
10 142
10 147
10 153
10 159
10 168
10 170
10 179
11 12
11 13
11 14
11 23
11 28
11 32
11 35
11 36
11 38
11 41
11 44
11 46
11 56
11 59
11 64
11 67
11 74
11 77
11 79
11 81
11 89
11 93
11 97
11 103
11 105
11 106
11 107
11 111
11 113
11 124
11 128
11 130
11 141
11 145
11 149
11 154
11 155
11 156
11 158
11 159
11 164
11 166
11 167
11 176
12 13
12 14
12 24
12 26
12 34
12 38
12 47
12 48
12 52
12 53
12 55
12 58
12 59
12 62
12 63
12 65
12 66
12 71
12 81
12 83
12 85
12 89
12 91
12 97
12 98
12 100
12 105
12 114
12 118
12 121
12 125
12 126
12 128
12 131
12 133
12 148
12 156
12 167
12 171
12 176
12 178
13 14
13 24
13 25
13 29
13 31
13 33
13 38
13 44
13 51
13 53
13 54
13 59
13 61
13 65
13 69
13 70
13 72
13 74
13 75
13 84
13 101
13 106
13 107
13 111
13 113
13 117
13 122
13 123
13 136
13 138
13 151
13 153
13 154
13 157
13 165
13 167
13 172
13 173
14 19
14 21
14 29
14 33
14 42
14 55
14 56
14 63
14 71
14 75
14 77
14 81
14 91
14 96
14 97
14 100
14 102
14 108
14 116
14 121
14 124
14 130
14 131
14 137
14 148
14 151
14 153
14 168
14 176
15 16
15 17
15 18
15 19
15 20
15 21
15 22
15 23
15 24
15 25
15 26
15 27
15 28
15 29
15 33
15 34
15 35
15 42
15 45
15 48
15 69
15 72
15 73
15 76
15 77
15 79
15 80
15 84
15 89
15 93
15 102
15 104
15 108
15 112
15 116
15 124
15 125
15 129
15 134
15 143
15 150
15 151
15 166
15 172
15 175
15 178
16 17
16 18
16 19
16 20
16 21
16 22
16 23
16 24
16 25
16 26
16 27
16 28
16 29
16 42
16 47
16 51
16 61
16 62
16 68
16 71
16 72
16 75
16 77
16 90
16 97
16 100
16 105
16 126
16 128
16 129
16 141
16 159
16 167
16 177
17 18
17 19
17 20
17 21
17 22
17 23
17 24
17 25
17 26
17 27
17 28
17 29
17 32
17 37
17 38
17 45
17 51
17 54
17 56
17 58
17 67
17 75
17 76
17 78
17 83
17 87
17 89
17 96
17 101
17 103
17 111
17 115
17 119
17 120
17 125
17 127
17 130
17 136
17 140
17 143
17 154
17 155
17 164
17 167
17 170
17 174
17 179
18 19
18 20
18 21
18 22
18 23
18 24
18 25
18 26
18 27
18 28
18 29
18 41
18 43
18 54
18 55
18 59
18 62
18 68
18 69
18 70
18 77
18 81
18 97
18 102
18 103
18 106
18 117
18 125
18 133
18 135
18 138
18 140
18 143
18 145
18 147
18 151
18 160
18 163
18 164
19 20
19 21
19 22
19 23
19 24
19 25
19 26
19 27
19 28
19 29
19 30
19 31
19 32
19 36
19 38
19 43
19 47
19 59
19 60
19 61
19 66
19 68
19 69
19 72
19 76
19 79
19 82
19 91
19 93
19 96
19 98
19 112
19 116
19 118
19 126
19 130
19 131
19 133
19 148
19 150
19 157
19 163
19 164
19 171
19 172
19 175
19 177
19 179
20 21
20 22
20 23
20 24
20 25
20 26
20 27
20 28
20 29
20 32
20 44
20 48
20 61
20 66
20 72
20 78
20 84
20 92
20 94
20 100
20 104
20 105
20 108
20 117
20 123
20 124
20 125
20 134
20 135
20 139
20 143
20 144
20 146
20 150
20 151
20 173
21 22
21 23
21 24
21 25
21 26
21 27
21 28
21 29
21 31
21 34
21 38
21 48
21 54
21 63
21 65
21 81
21 94
21 100
21 104
21 105
21 106
21 110
21 115
21 120
21 121
21 122
21 123
21 124
21 131
21 138
21 144
21 146
21 147
21 150
21 152
21 153
21 159
21 160
21 161
21 170
21 171
21 173
21 177
22 23
22 24
22 25
22 26
22 27
22 28
22 29
22 30
22 41
22 42
22 49
22 51
22 53
22 58
22 65
22 67
22 85
22 86
22 95
22 96
22 107
22 121
22 133
22 137
22 138
22 139
22 145
22 149
22 151
22 159
22 168
23 24
23 25
23 26
23 27
23 28
23 29
23 30
23 37
23 39
23 44
23 46
23 53
23 63
23 65
23 66
23 71
23 76
23 77
23 81
23 90
23 103
23 105
23 108
23 109
23 114
23 118
23 123
23 127
23 130
23 131
23 134
23 147
23 150
23 153
23 155
23 178
23 179
24 25
24 26
24 27
24 28
24 29
24 31
24 38
24 43
24 47
24 55
24 71
24 78
24 91
24 93
24 97
24 100
24 103
24 107
24 111
24 116
24 118
24 119
24 137
24 144
24 147
24 150
24 156
24 160
24 164
24 165
24 168
24 175
25 26
25 27
25 28
25 29
25 32
25 46
25 48
25 49
25 55
25 56
25 63
25 64
25 79
25 80
25 81
25 85
25 86
25 93
25 97
25 99
25 107
25 109
25 119
25 128
25 131
25 132
25 137
25 138
25 141
25 144
25 146
25 148
25 152
25 157
25 162
25 169
26 27
26 28
26 29
26 30
26 31
26 32
26 36
26 38
26 42
26 48
26 49
26 52
26 56
26 58
26 77
26 93
26 100
26 103
26 110
26 122
26 128
26 130
26 131
26 134
26 140
26 146
26 149
26 152
26 157
26 167
26 170
26 174
26 175
26 176
26 178
27 28
27 29
27 32
27 37
27 53
27 55
27 62
27 64
27 70
27 76
27 82
27 83
27 90
27 93
27 98
27 103
27 105
27 107
27 110
27 112
27 115
27 117
27 118
27 127
27 133
27 140
27 141
27 142
27 147
27 149
27 153
27 163
27 164
27 165
27 170
27 173
27 175
27 176
28 29
28 41
28 51
28 52
28 54
28 58
28 61
28 65
28 67
28 72
28 73
28 74
28 77
28 78
28 79
28 81
28 83
28 87
28 92
28 95
28 97
28 100
28 101
28 107
28 110
28 116
28 118
28 129
28 132
28 133
28 142
28 152
28 164
28 167
28 171
28 172
28 174
29 31
29 38
29 44
29 45
29 52
29 53
29 58
29 60
29 63
29 66
29 69
29 71
29 75
29 78
29 81
29 84
29 86
29 87
29 89
29 91
29 101
29 105
29 106
29 109
29 111
29 114
29 121
29 124
29 137
29 139
29 140
29 151
29 152
29 154
29 155
29 156
29 170
29 174
29 177
32 33
32 34
32 35
32 36
32 37
32 38
32 39
32 40
32 41
32 42
32 43
32 44
32 30
32 31
32 46
32 57
32 62
32 64
32 65
32 69
32 74
32 77
32 85
32 105
32 110
32 122
32 146
32 147
32 150
32 153
32 159
32 164
32 165
32 166
32 170
32 171
32 172
32 176
33 34
33 35
33 36
33 37
33 38
33 39
33 40
33 41
33 42
33 43
33 44
33 30
33 31
33 46
33 66
33 70
33 73
33 76
33 84
33 85
33 86
33 87
33 92
33 95
33 98
33 102
33 106
33 110
33 112
33 113
33 115
33 120
33 128
33 129
33 131
33 135
33 137
33 139
33 147
33 149
33 155
33 163
33 164
33 170
33 173
33 174
33 177
34 35
34 36
34 37
34 38
34 39
34 40
34 41
34 42
34 43
34 44
34 30
34 31
34 55
34 61
34 70
34 78
34 83
34 92
34 112
34 115
34 118
34 125
34 128
34 132
34 134
34 135
34 139
34 142
34 146
34 147
34 157
34 168
35 36
35 37
35 38
35 39
35 40
35 41
35 42
35 43
35 44
35 30
35 31
35 45
35 47
35 54
35 58
35 59
35 60
35 61
35 71
35 72
35 76
35 78
35 84
35 89
35 91
35 95
35 104
35 107
35 111
35 120
35 133
35 142
35 148
35 151
35 160
35 169
35 176
35 179
36 37
36 38
36 39
36 40
36 41
36 42
36 43
36 44
36 30
36 31
36 48
36 49
36 54
36 57
36 67
36 76
36 78
36 79
36 81
36 83
36 107
36 113
36 124
36 138
36 144
36 145
36 146
36 147
36 151
36 153
36 161
36 165
36 178
37 38
37 39
37 40
37 41
37 42
37 43
37 44
37 30
37 31
37 52
37 57
37 58
37 74
37 84
37 85
37 91
37 112
37 117
37 121
37 122
37 123
37 124
37 128
37 140
37 143
37 149
37 154
37 157
37 158
37 161
37 164
37 168
37 171
37 177
38 39
38 40
38 41
38 42
38 43
38 44
38 30
38 31
38 59
38 62
38 67
38 68
38 99
38 101
38 111
38 112
38 115
38 118
38 119
38 121
38 122
38 127
38 129
38 135
38 137
38 138
38 145
38 147
38 153
38 163
38 168
38 172
38 179
39 40
39 41
39 42
39 43
39 44
39 30
39 31
39 46
39 63
39 70
39 71
39 72
39 101
39 112
39 122
39 129
39 132
39 134
39 141
39 142
39 144
39 155
39 167
39 171
39 172
39 173
39 174
39 177
40 41
40 42
40 43
40 44
40 30
40 31
40 65
40 66
40 69
40 73
40 81
40 86
40 92
40 96
40 98
40 111
40 113
40 117
40 122
40 124
40 127
40 129
40 131
40 136
40 144
40 145
40 146
40 147
40 154
40 155
40 157
40 162
40 163
40 166
40 167
40 171
40 174
40 178
41 42
41 43
41 44
41 30
41 31
41 47
41 50
41 53
41 57
41 60
41 65
41 78
41 82
41 85
41 93
41 95
41 100
41 102
41 110
41 111
41 120
41 121
41 122
41 124
41 125
41 127
41 134
41 138
41 140
41 148
41 150
41 151
41 155
41 156
41 167
41 172
41 174
42 43
42 44
42 30
42 31
42 47
42 53
42 60
42 62
42 64
42 65
42 68
42 75
42 77
42 83
42 87
42 90
42 93
42 94
42 96
42 97
42 99
42 103
42 104
42 112
42 116
42 118
42 124
42 130
42 133
42 135
42 139
42 143
42 146
42 154
42 162
42 166
42 172
42 176
42 178
43 44
43 30
43 31
43 51
43 54
43 59
43 60
43 80
43 83
43 85
43 88
43 95
43 98
43 100
43 103
43 104
43 105
43 106
43 107
43 109
43 114
43 123
43 126
43 130
43 131
43 149
43 153
43 156
43 158
43 162
43 165
43 168
44 30
44 31
44 54
44 57
44 60
44 66
44 67
44 70
44 72
44 77
44 80
44 84
44 85
44 88
44 98
44 105
44 106
44 110
44 112
44 121
44 146
44 151
44 158
44 165
44 169
44 172
44 173
44 174
30 31
30 55
30 59
30 76
30 80
30 83
30 86
30 89
30 90
30 100
30 105
30 107
30 125
30 134
30 136
30 141
30 146
30 150
30 154
30 158
30 163
31 49
31 51
31 54
31 62
31 65
31 77
31 78
31 82
31 89
31 90
31 92
31 100
31 103
31 107
31 108
31 110
31 111
31 116
31 117
31 119
31 143
31 147
31 152
31 168
31 171
31 174
31 175
31 176
31 177
45 46
45 47
45 48
45 49
45 50
45 51
45 52
45 53
45 54
45 55
45 56
45 57
45 58
45 59
45 64
45 73
45 76
45 79
45 80
45 82
45 85
45 99
45 104
45 107
45 109
45 111
45 121
45 144
45 145
45 153
45 156
45 159
45 166
45 169
45 170
45 173
45 174
45 175
45 178
46 47
46 48
46 49
46 50
46 51
46 52
46 53
46 54
46 55
46 56
46 57
46 58
46 59
46 60
46 61
46 77
46 113
46 120
46 128
46 132
46 133
46 135
46 144
46 153
46 154
46 157
46 173
46 175
47 48
47 49
47 50
47 51
47 52
47 53
47 54
47 55
47 56
47 57
47 58
47 59
47 64
47 67
47 71
47 75
47 78
47 85
47 89
47 92
47 96
47 100
47 105
47 107
47 119
47 133
47 143
47 149
47 169
47 171
48 49
48 50
48 51
48 52
48 53
48 54
48 55
48 56
48 57
48 58
48 59
48 60
48 78
48 83
48 88
48 89
48 113
48 131
48 137
48 139
48 140
48 145
48 149
48 150
48 159
48 179
49 50
49 51
49 52
49 53
49 54
49 55
49 56
49 57
49 58
49 59
49 73
49 81
49 82
49 86
49 97
49 113
49 115
49 116
49 117
49 118
49 124
49 125
49 127
49 129
49 130
49 132
49 133
49 134
49 138
49 150
49 161
49 167
49 169
49 170
49 171
50 51
50 52
50 53
50 54
50 55
50 56
50 57
50 58
50 59
50 68
50 74
50 77
50 81
50 89
50 102
50 128
50 129
50 140
50 150
50 160
50 163
50 164
50 167
51 52
51 53
51 54
51 55
51 56
51 57
51 58
51 59
51 68
51 80
51 81
51 83
51 89
51 98
51 99
51 108
51 114
51 125
51 141
51 146
51 153
51 154
51 159
51 160
51 172
51 179
52 53
52 54
52 55
52 56
52 57
52 58
52 59
52 71
52 78
52 82
52 84
52 92
52 93
52 102
52 106
52 110
52 114
52 116
52 122
52 135
52 143
52 147
52 149
52 153
52 154
52 157
52 165
52 172
52 173
52 177
53 54
53 55
53 56
53 57
53 58
53 59
53 66
53 68
53 69
53 83
53 87
53 88
53 91
53 93
53 96
53 115
53 116
53 118
53 122
53 125
53 129
53 133
53 135
53 137
53 142
53 144
53 145
53 147
53 159
53 160
53 163
53 165
53 167
53 173
53 174
53 177
53 178
54 55
54 56
54 57
54 58
54 59
54 62
54 63
54 71
54 72
54 75
54 78
54 89
54 93
54 94
54 95
54 96
54 100
54 101
54 102
54 107
54 114
54 119
54 124
54 127
54 130
54 133
54 134
54 140
54 148
54 150
54 159
54 165
54 170
54 178
55 56
55 57
55 58
55 59
55 60
55 63
55 70
55 76
55 77
55 80
55 84
55 90
55 95
55 96
55 107
55 114
55 127
55 128
55 129
55 130
55 131
55 136
55 137
55 138
55 139
55 140
55 141
55 145
55 147
55 148
55 151
55 156
55 157
55 158
55 161
55 165
55 167
55 168
55 173
56 57
56 58
56 59
56 66
56 67
56 69
56 72
56 77
56 78
56 86
56 91
56 97
56 102
56 107
56 116
56 118
56 122
56 128
56 132
56 135
56 142
56 143
56 148
56 151
56 152
56 164
56 173
56 176
57 58
57 59
57 60
57 71
57 74
57 78
57 94
57 102
57 105
57 114
57 116
57 120
57 121
57 133
57 148
57 154
57 160
57 161
57 168
57 171
57 175
57 176
57 178
58 59
58 66
58 70
58 73
58 81
58 87
58 88
58 91
58 93
58 101
58 103
58 111
58 116
58 126
58 134
58 140
58 142
58 155
58 161
58 164
58 165
58 166
58 168
58 177
59 61
59 68
59 71
59 73
59 78
59 85
59 93
59 97
59 103
59 109
59 121
59 125
59 128
59 130
59 131
59 133
59 134
59 140
59 143
59 145
59 147
59 154
59 159
59 165
59 174
59 175
59 178
59 179
64 65
64 66
64 67
64 68
64 69
64 70
64 71
64 72
64 73
64 74
64 60
64 61
64 62
64 63
64 76
64 82
64 85
64 86
64 90
64 93
64 96
64 100
64 102
64 108
64 109
64 133
64 135
64 140
64 152
64 159
64 165
64 169
64 173
65 66
65 67
65 68
65 69
65 70
65 71
65 72
65 73
65 74
65 60
65 61
65 62
65 63
65 78
65 81
65 84
65 85
65 89
65 92
65 94
65 102
65 120
65 121
65 123
65 125
65 130
65 135
65 137
65 138
65 144
65 145
65 150
65 158
65 159
65 162
65 165
65 166
66 67
66 68
66 69
66 70
66 71
66 72
66 73
66 74
66 60
66 61
66 62
66 63
66 78
66 80
66 82
66 84
66 87
66 88
66 110
66 111
66 114
66 116
66 117
66 121
66 122
66 125
66 132
66 144
66 154
66 157
66 160
66 162
67 68
67 69
67 70
67 71
67 72
67 73
67 74
67 60
67 61
67 62
67 63
67 80
67 83
67 87
67 93
67 100
67 106
67 113
67 114
67 126
67 134
67 135
67 149
67 150
67 153
67 159
67 161
67 164
67 166
67 169
67 174
67 175
67 178
67 179
68 69
68 70
68 71
68 72
68 73
68 74
68 60
68 61
68 62
68 63
68 77
68 80
68 86
68 88
68 95
68 100
68 105
68 107
68 109
68 119
68 128
68 139
68 141
68 155
68 166
68 167
68 169
68 173
68 174
68 179
69 70
69 71
69 72
69 73
69 74
69 60
69 61
69 62
69 63
69 84
69 99
69 103
69 104
69 108
69 120
69 122
69 125
69 126
69 132
69 135
69 139
69 141
69 143
69 149
69 155
69 165
69 170
69 173
69 178
70 71
70 72
70 73
70 74
70 60
70 61
70 62
70 63
70 75
70 80
70 82
70 90
70 97
70 100
70 103
70 104
70 107
70 110
70 113
70 119
70 125
70 129
70 133
70 134
70 135
70 137
70 138
70 143
70 146
70 151
70 159
70 162
70 165
70 167
70 169
71 72
71 73
71 74
71 60
71 61
71 62
71 63
71 78
71 82
71 83
71 85
71 87
71 92
71 97
71 99
71 100
71 103
71 107
71 112
71 123
71 124
71 125
71 130
71 137
71 138
71 147
71 150
71 161
71 167
71 173
71 175
71 178
72 73
72 74
72 60
72 61
72 62
72 63
72 76
72 82
72 85
72 86
72 88
72 89
72 91
72 92
72 93
72 113
72 118
72 123
72 126
72 128
72 133
72 138
72 139
72 145
72 149
72 150
72 175
72 176
73 74
73 60
73 61
73 62
73 63
73 77
73 81
73 89
73 100
73 103
73 105
73 113
73 121
73 124
73 127
73 130
73 132
73 136
73 144
73 165
73 170
73 178
74 60
74 61
74 62
74 63
74 75
74 78
74 92
74 94
74 100
74 103
74 106
74 107
74 112
74 114
74 124
74 125
74 127
74 128
74 136
74 143
74 144
74 147
74 153
74 155
74 161
74 162
74 164
74 167
74 172
74 176
60 61
60 62
60 63
60 79
60 80
60 82
60 83
60 100
60 104
60 106
60 110
60 114
60 116
60 118
60 121
60 125
60 133
60 135
60 136
60 137
60 143
60 147
60 150
60 152
60 155
60 160
60 161
60 162
60 171
60 175
60 178
61 62
61 63
61 76
61 90
61 94
61 97
61 103
61 104
61 105
61 107
61 117
61 118
61 120
61 121
61 126
61 128
61 138
61 147
61 148
61 151
61 154
61 156
61 163
61 164
61 168
61 169
61 171
61 174
62 63
62 81
62 82
62 89
62 92
62 96
62 102
62 108
62 112
62 122
62 124
62 125
62 128
62 136
62 145
62 154
62 155
62 160
62 164
62 176
63 81
63 84
63 90
63 91
63 94
63 98
63 101
63 103
63 106
63 109
63 112
63 129
63 130
63 131
63 133
63 138
63 146
63 158
63 172
63 176
63 177
63 178
63 179
75 76
75 77
75 78
75 79
75 80
75 81
75 82
75 83
75 84
75 85
75 86
75 87
75 88
75 89
75 93
75 104
75 106
75 111
75 117
75 118
75 119
75 121
75 127
75 130
75 136
75 146
75 149
75 155
75 158
75 160
75 168
75 173
75 175
76 77
76 78
76 79
76 80
76 81
76 82
76 83
76 84
76 85
76 86
76 87
76 88
76 89
76 91
76 101
76 104
76 105
76 106
76 110
76 112
76 116
76 125
76 127
76 128
76 129
76 130
76 131
76 143
76 144
76 145
76 154
76 159
76 163
76 165
76 171
76 174
76 175
77 78
77 79
77 80
77 81
77 82
77 83
77 84
77 85
77 86
77 87
77 88
77 89
77 95
77 100
77 106
77 109
77 113
77 118
77 128
77 133
77 134
77 136
77 141
77 142
77 144
77 146
77 149
77 152
77 156
77 162
78 79
78 80
78 81
78 82
78 83
78 84
78 85
78 86
78 87
78 88
78 89
78 92
78 103
78 106
78 109
78 115
78 118
78 140
78 149
78 150
78 157
78 163
78 164
78 165
78 166
78 175
78 179
79 80
79 81
79 82
79 83
79 84
79 85
79 86
79 87
79 88
79 89
79 103
79 110
79 112
79 114
79 129
79 131
79 132
79 142
79 143
79 144
79 149
79 151
79 153
79 154
79 161
79 170
79 172
79 174
80 81
80 82
80 83
80 84
80 85
80 86
80 87
80 88
80 89
80 98
80 101
80 104
80 108
80 117
80 121
80 122
80 133
80 142
80 144
80 145
80 146
80 151
80 153
80 154
80 162
80 164
80 170
80 174
81 82
81 83
81 84
81 85
81 86
81 87
81 88
81 89
81 106
81 108
81 114
81 117
81 127
81 128
81 130
81 137
81 141
81 150
81 151
81 156
81 157
81 161
81 171
81 177
82 83
82 84
82 85
82 86
82 87
82 88
82 89
82 91
82 104
82 110
82 134
82 143
82 152
82 153
82 166
82 170
82 171
82 172
82 173
82 175
82 176
83 84
83 85
83 86
83 87
83 88
83 89
83 91
83 97
83 99
83 100
83 106
83 107
83 109
83 113
83 119
83 121
83 126
83 128
83 132
83 138
83 141
83 142
83 143
83 144
83 146
83 147
83 148
83 151
83 155
83 158
83 160
83 164
83 165
83 167
83 178
84 85
84 86
84 87
84 88
84 89
84 90
84 99
84 100
84 110
84 111
84 124
84 133
84 138
84 140
84 141
84 146
84 149
84 154
84 158
84 163
84 164
84 173
84 176
85 86
85 87
85 88
85 89
85 98
85 110
85 120
85 127
85 129
85 139
85 140
85 145
85 148
85 150
85 152
85 155
85 158
85 161
85 164
85 170
86 87
86 88
86 89
86 94
86 109
86 111
86 118
86 119
86 123
86 124
86 128
86 132
86 134
86 135
86 137
86 143
86 147
86 171
86 176
87 88
87 89
87 101
87 102
87 106
87 117
87 122
87 136
87 137
87 138
87 139
87 149
87 150
87 162
87 173
88 89
88 94
88 98
88 100
88 102
88 105
88 107
88 111
88 118
88 130
88 132
88 147
88 159
88 166
88 174
88 178
89 91
89 94
89 98
89 110
89 116
89 121
89 129
89 140
89 141
89 152
89 155
89 158
89 173
89 174
89 175
89 177
89 179
96 97
96 98
96 99
96 100
96 101
96 102
96 103
96 104
96 90
96 91
96 92
96 93
96 94
96 95
96 108
96 110
96 114
96 115
96 118
96 119
96 122
96 123
96 125
96 132
96 134
96 143
96 144
96 146
96 152
96 154
96 155
96 158
96 166
97 98
97 99
97 100
97 101
97 102
97 103
97 104
97 90
97 91
97 92
97 93
97 94
97 95
97 107
97 108
97 116
97 119
97 127
97 131
97 146
97 147
97 155
97 156
97 161
97 165
97 166
97 171
97 173
97 179
98 99
98 100
98 101
98 102
98 103
98 104
98 90
98 91
98 92
98 93
98 94
98 95
98 108
98 118
98 122
98 127
98 140
98 142
98 149
98 153
98 154
98 161
98 164
98 175
99 100
99 101
99 102
99 103
99 104
99 90
99 91
99 92
99 93
99 94
99 95
99 108
99 113
99 114
99 120
99 123
99 133
99 136
99 137
99 138
99 139
99 141
99 142
99 147
99 151
99 152
99 155
99 159
99 168
99 174
99 178
100 101
100 102
100 103
100 104
100 90
100 91
100 92
100 93
100 94
100 95
100 115
100 116
100 118
100 119
100 120
100 129
100 141
100 149
100 150
100 158
100 159
100 161
100 163
100 171
100 172
100 173
100 177
101 102
101 103
101 104
101 90
101 91
101 92
101 93
101 94
101 95
101 112
101 113
101 114
101 115
101 124
101 130
101 136
101 138
101 140
101 141
101 143
101 148
101 150
101 155
101 160
101 161
101 164
101 166
101 176
101 177
101 178
102 103
102 104
102 90
102 91
102 92
102 93
102 94
102 95
102 114
102 117
102 120
102 131
102 133
102 137
102 139
102 146
102 147
102 149
102 151
102 155
102 159
102 160
102 170
102 176
102 177
103 104
103 90
103 91
103 92
103 93
103 94
103 95
103 107
103 120
103 128
103 132
103 133
103 136
103 141
103 143
103 146
103 148
103 149
103 166
103 169
103 172
103 174
104 90
104 91
104 92
104 93
104 94
104 95
104 109
104 123
104 126
104 129
104 138
104 140
104 142
104 146
104 148
104 157
104 172
104 174
104 176
90 91
90 92
90 93
90 94
90 95
90 106
90 119
90 120
90 121
90 126
90 139
90 141
90 142
90 154
90 160
90 163
90 165
90 171
90 173
91 92
91 93
91 94
91 95
91 105
91 107
91 113
91 119
91 122
91 133
91 138
91 145
91 146
91 151
91 152
91 154
91 155
91 174
91 177
91 179
92 93
92 94
92 95
92 113
92 118
92 127
92 132
92 134
92 139
92 141
92 146
92 149
92 152
92 156
92 158
92 174
93 94
93 95
93 110
93 112
93 113
93 115
93 117
93 124
93 127
93 133
93 136
93 147
93 157
93 162
93 166
93 168
93 169
93 172
94 95
94 111
94 128
94 129
94 130
94 131
94 133
94 139
94 143
94 146
94 147
94 164
94 172
94 174
94 178
94 179
95 115
95 119
95 125
95 129
95 134
95 155
95 157
95 159
95 161
95 165
95 167
95 170
95 173
105 106
105 107
105 108
105 109
105 110
105 111
105 112
105 113
105 114
105 115
105 116
105 117
105 118
105 119
105 134
105 136
105 144
105 150
105 160
105 163
105 175
105 176
106 107
106 108
106 109
106 110
106 111
106 112
106 113
106 114
106 115
106 116
106 117
106 118
106 119
106 124
106 127
106 131
106 132
106 137
106 150
106 154
106 155
107 108
107 109
107 110
107 111
107 112
107 113
107 114
107 115
107 116
107 117
107 118
107 119
107 120
107 124
107 127
107 129
107 136
107 144
107 154
107 158
107 159
107 162
107 164
107 170
107 171
107 177
108 109
108 110
108 111
108 112
108 113
108 114
108 115
108 116
108 117
108 118
108 119
108 121
108 122
108 124
108 129
108 133
108 134
108 137
108 152
108 156
108 158
108 164
108 171
108 177
109 110
109 111
109 112
109 113
109 114
109 115
109 116
109 117
109 118
109 119
109 127
109 128
109 129
109 132
109 133
109 139
109 142
109 143
109 145
109 152
109 153
109 161
109 162
109 178
110 111
110 112
110 113
110 114
110 115
110 116
110 117
110 118
110 119
110 121
110 126
110 132
110 136
110 141
110 144
110 154
110 156
110 157
110 161
110 163
110 164
110 166
110 169
110 170
110 172
110 175
111 112
111 113
111 114
111 115
111 116
111 117
111 118
111 119
111 128
111 135
111 138
111 139
111 142
111 146
111 155
111 158
111 171
111 173
112 113
112 114
112 115
112 116
112 117
112 118
112 119
112 120
112 125
112 126
112 130
112 131
112 137
112 138
112 139
112 149
112 156
112 159
112 161
112 173
113 114
113 115
113 116
113 117
113 118
113 119
113 120
113 121
113 129
113 131
113 133
113 156
113 162
113 166
113 167
113 174
113 178
114 115
114 116
114 117
114 118
114 119
114 123
114 125
114 126
114 131
114 136
114 137
114 139
114 140
114 146
114 155
114 161
114 162
114 164
114 171
114 175
114 176
114 179
115 116
115 117
115 118
115 119
115 121
115 130
115 150
115 158
115 165
115 169
116 117
116 118
116 119
116 121
116 125
116 126
116 128
116 142
116 153
116 154
116 157
116 167
116 169
116 172
116 173
116 174
117 118
117 119
117 127
117 145
117 157
117 162
117 164
117 165
117 169
117 170
117 179
118 119
118 125
118 128
118 134
118 150
118 151
118 152
118 153
118 161
118 167
118 179
119 129
119 138
119 144
119 160
119 162
119 163
119 165
119 171
119 175
128 129
128 130
128 131
128 132
128 133
128 134
128 120
128 121
128 122
128 123
128 124
128 125
128 126
128 127
128 138
128 140
128 143
128 153
128 159
128 164
128 166
128 169
128 170
128 174
128 175
128 177
128 178
129 130
129 131
129 132
129 133
129 134
129 120
129 121
129 122
129 123
129 124
129 125
129 126
129 127
129 137
129 149
129 152
129 153
129 158
129 159
129 167
129 168
129 169
129 177
129 178
129 179
130 131
130 132
130 133
130 134
130 120
130 121
130 122
130 123
130 124
130 125
130 126
130 127
130 138
130 139
130 155
130 178
130 179
131 132
131 133
131 134
131 120
131 121
131 122
131 123
131 124
131 125
131 126
131 127
131 138
131 139
131 145
131 147
131 148
131 154
131 167
131 174
132 133
132 134
132 120
132 121
132 122
132 123
132 124
132 125
132 126
132 127
132 140
132 145
132 147
132 150
132 151
132 157
132 158
132 167
133 134
133 120
133 121
133 122
133 123
133 124
133 125
133 126
133 127
133 139
133 141
133 147
133 152
133 173
133 174
133 177
134 120
134 121
134 122
134 123
134 124
134 125
134 126
134 127
134 152
134 154
134 158
134 164
134 167
134 172
120 121
120 122
120 123
120 124
120 125
120 126
120 127
120 138
120 150
120 153
120 154
120 165
120 168
120 173
120 175
120 178
120 179
121 122
121 123
121 124
121 125
121 126
121 127
121 142
121 144
121 145
121 146
121 150
121 173
122 123
122 124
122 125
122 126
122 127
122 135
122 138
122 147
122 154
122 156
122 158
122 160
122 161
122 163
122 166
122 170
123 124
123 125
123 126
123 127
123 143
123 146
123 147
123 155
123 160
123 165
123 169
123 172
123 174
123 175
123 177
124 125
124 126
124 127
124 135
124 137
124 144
124 150
124 153
124 163
124 169
124 175
124 179
125 126
125 127
125 139
125 140
125 143
125 157
125 158
125 161
125 162
125 165
125 169
125 175
125 179
126 127
126 135
126 141
126 148
126 149
126 159
126 167
126 169
126 174
126 175
126 177
127 137
127 149
127 159
127 162
127 164
127 167
127 169
135 136
135 137
135 138
135 139
135 140
135 141
135 142
135 143
135 144
135 145
135 146
135 147
135 148
135 149
135 151
135 155
135 158
135 159
135 172
135 177
135 179
136 137
136 138
136 139
136 140
136 141
136 142
136 143
136 144
136 145
136 146
136 147
136 148
136 149
136 153
136 156
136 160
136 161
136 164
136 168
136 170
136 172
136 178
137 138
137 139
137 140
137 141
137 142
137 143
137 144
137 145
137 146
137 147
137 148
137 149
137 150
137 156
137 157
137 161
137 170
137 173
138 139
138 140
138 141
138 142
138 143
138 144
138 145
138 146
138 147
138 148
138 149
138 150
138 154
138 159
138 161
138 169
138 173
138 178
139 140
139 141
139 142
139 143
139 144
139 145
139 146
139 147
139 148
139 149
139 159
139 167
139 168
139 169
139 171
140 141
140 142
140 143
140 144
140 145
140 146
140 147
140 148
140 149
140 154
140 156
140 165
140 167
140 169
140 174
140 175
140 178
141 142
141 143
141 144
141 145
141 146
141 147
141 148
141 149
141 150
141 153
141 156
141 160
141 162
141 174
141 176
141 177
141 178
142 143
142 144
142 145
142 146
142 147
142 148
142 149
142 150
142 152
142 155
142 158
142 159
142 160
142 162
142 166
142 168
142 173
142 174
142 176
143 144
143 145
143 146
143 147
143 148
143 149
143 152
143 156
143 168
143 175
143 176
143 177
144 145
144 146
144 147
144 148
144 149
144 150
144 154
144 162
144 169
145 146
145 147
145 148
145 149
145 153
145 161
145 163
145 172
145 173
145 178
146 147
146 148
146 149
146 151
146 153
146 155
146 158
146 159
146 162
146 163
146 165
147 148
147 149
147 150
147 157
147 158
147 160
147 161
147 162
147 168
147 169
147 174
148 149
148 152
148 155
148 157
148 162
148 164
148 169
148 176
149 159
149 164
160 161
160 162
160 163
160 164
160 150
160 151
160 152
160 153
160 154
160 155
160 156
160 157
160 158
160 159
160 171
160 172
160 179
161 162
161 163
161 164
161 150
161 151
161 152
161 153
161 154
161 155
161 156
161 157
161 158
161 159
161 171
161 173
161 174
162 163
162 164
162 150
162 151
162 152
162 153
162 154
162 155
162 156
162 157
162 158
162 159
162 167
162 169
162 172
162 175
163 164
163 150
163 151
163 152
163 153
163 154
163 155
163 156
163 157
163 158
163 159
163 172
163 176
163 177
164 150
164 151
164 152
164 153
164 154
164 155
164 156
164 157
164 158
164 159
164 165
164 169
164 175
164 177
150 151
150 152
150 153
150 154
150 155
150 156
150 157
150 158
150 159
150 179
151 152
151 153
151 154
151 155
151 156
151 157
151 158
151 159
151 171
151 176
152 153
152 154
152 155
152 156
152 157
152 158
152 159
152 166
152 167
152 173
152 174
153 154
153 155
153 156
153 157
153 158
153 159
153 169
154 155
154 156
154 157
154 158
154 159
154 166
154 176
154 179
155 156
155 157
155 158
155 159
155 177
156 157
156 158
156 159
156 165
156 166
157 158
157 159
157 169
157 170
157 174
157 175
157 178
158 159
158 167
158 168
158 171
158 175
159 167
159 169
159 178
159 179
165 166
165 167
165 168
165 169
165 170
165 171
165 172
165 173
165 174
165 175
165 176
165 177
165 178
165 179
166 167
166 168
166 169
166 170
166 171
166 172
166 173
166 174
166 175
166 176
166 177
166 178
166 179
167 168
167 169
167 170
167 171
167 172
167 173
167 174
167 175
167 176
167 177
167 178
167 179
168 169
168 170
168 171
168 172
168 173
168 174
168 175
168 176
168 177
168 178
168 179
169 170
169 171
169 172
169 173
169 174
169 175
169 176
169 177
169 178
169 179
170 171
170 172
170 173
170 174
170 175
170 176
170 177
170 178
170 179
171 172
171 173
171 174
171 175
171 176
171 177
171 178
171 179
172 173
172 174
172 175
172 176
172 177
172 178
172 179
173 174
173 175
173 176
173 177
173 178
173 179
174 175
174 176
174 177
174 178
174 179
175 176
175 177
175 178
175 179
176 177
176 178
176 179
177 178
177 179
178 179
