# 5761 edges
0 1
0 2
0 3
0 4
0 5
0 6
0 7
0 8
0 9
0 10
0 11
0 12
0 13
0 14
0 21
0 24
0 26
0 28
0 34
0 49
0 50
0 52
0 54
0 58
0 62
0 63
0 64
0 66
0 67
0 68
0 70
0 71
0 72
0 74
0 76
0 82
0 83
0 87
0 88
0 93
0 94
0 95
0 96
0 104
0 107
0 108
0 117
0 118
0 119
0 123
0 125
0 126
0 132
0 133
0 135
0 138
0 140
0 141
0 143
0 146
0 149
0 151
0 155
0 156
0 161
0 162
0 171
0 172
0 173
1 2
1 3
1 4
1 5
1 6
1 7
1 8
1 9
1 10
1 11
1 12
1 13
1 14
1 16
1 19
1 24
1 25
1 27
1 29
1 31
1 32
1 34
1 40
1 53
1 56
1 57
1 58
1 59
1 66
1 67
1 68
1 74
1 78
1 80
1 81
1 83
1 85
1 87
1 96
1 98
1 100
1 102
1 105
1 109
1 112
1 113
1 115
1 116
1 119
1 120
1 134
1 136
1 137
1 143
1 144
1 148
1 152
1 154
1 156
1 158
1 169
1 172
1 173
1 177
2 3
2 4
2 5
2 6
2 7
2 8
2 9
2 10
2 11
2 12
2 13
2 14
2 23
2 34
2 37
2 44
2 46
2 47
2 48
2 50
2 53
2 55
2 58
2 59
2 62
2 63
2 67
2 69
2 71
2 72
2 73
2 74
2 76
2 80
2 81
2 83
2 85
2 88
2 89
2 92
2 94
2 96
2 97
2 103
2 104
2 116
2 120
2 124
2 137
2 142
2 144
2 145
2 146
2 151
2 152
2 153
2 158
2 161
2 166
2 168
2 169
2 173
2 176
3 4
3 5
3 6
3 7
3 8
3 9
3 10
3 11
3 12
3 13
3 14
3 17
3 18
3 20
3 21
3 24
3 25
3 29
3 33
3 34
3 37
3 39
3 40
3 41
3 42
3 45
3 47
3 48
3 49
3 50
3 51
3 57
3 60
3 64
3 67
3 70
3 76
3 79
3 83
3 84
3 85
3 89
3 91
3 94
3 96
3 101
3 105
3 107
3 111
3 112
3 115
3 119
3 122
3 123
3 126
3 130
3 131
3 133
3 137
3 146
3 154
3 159
3 167
3 170
3 173
3 174
3 175
3 177
4 5
4 6
4 7
4 8
4 9
4 10
4 11
4 12
4 13
4 14
4 15
4 16
4 32
4 34
4 37
4 39
4 42
4 43
4 45
4 51
4 62
4 65
4 66
4 67
4 69
4 74
4 75
4 96
4 99
4 100
4 101
4 104
4 108
4 115
4 116
4 119
4 120
4 124
4 125
4 131
4 134
4 136
4 137
4 139
4 140
4 142
4 144
4 146
4 148
4 150
4 153
4 159
4 160
4 163
4 166
4 167
4 172
4 174
4 177
4 179
5 6
5 7
5 8
5 9
5 10
5 11
5 12
5 13
5 14
5 17
5 30
5 36
5 43
5 45
5 48
5 49
5 51
5 56
5 58
5 78
5 82
5 83
5 89
5 90
5 92
5 103
5 109
5 111
5 116
5 119
5 120
5 126
5 127
5 135
5 136
5 137
5 142
5 146
5 150
5 153
5 154
5 159
5 160
5 161
5 170
5 171
5 174
5 175
5 176
5 179
6 7
6 8
6 9
6 10
6 11
6 12
6 13
6 14
6 17
6 22
6 23
6 25
6 27
6 28
6 33
6 35
6 38
6 39
6 41
6 49
6 52
6 55
6 59
6 61
6 63
6 66
6 68
6 73
6 76
6 78
6 83
6 85
6 86
6 93
6 96
6 99
6 102
6 105
6 106
6 109
6 116
6 117
6 124
6 126
6 128
6 129
6 130
6 131
6 137
6 138
6 142
6 154
6 161
6 162
6 170
6 171
6 175
6 176
6 177
6 179
7 8
7 9
7 10
7 11
7 12
7 13
7 14
7 16
7 17
7 24
7 28
7 29
7 32
7 34
7 44
7 52
7 55
7 57
7 59
7 60
7 61
7 66
7 80
7 84
7 87
7 89
7 98
7 105
7 107
7 108
7 109
7 115
7 116
7 122
7 127
7 128
7 129
7 131
7 146
7 147
7 148
7 150
7 152
7 160
7 161
7 162
7 163
7 165
7 169
7 174
7 177
7 178
7 179
8 9
8 10
8 11
8 12
8 13
8 14
8 15
8 24
8 27
8 29
8 30
8 37
8 40
8 42
8 43
8 44
8 46
8 47
8 52
8 53
8 54
8 57
8 59
8 65
8 80
8 85
8 87
8 90
8 91
8 94
8 104
8 108
8 111
8 112
8 118
8 122
8 123
8 126
8 127
8 128
8 131
8 138
8 139
8 144
8 147
8 154
8 157
8 158
8 160
8 161
8 162
8 164
8 167
8 171
8 172
8 178
8 179
9 10
9 11
9 12
9 13
9 14
9 15
9 16
9 17
9 18
9 24
9 25
9 29
9 30
9 31
9 35
9 40
9 44
9 47
9 49
9 54
9 55
9 67
9 68
9 69
9 74
9 75
9 81
9 82
9 83
9 85
9 89
9 93
9 97
9 102
9 103
9 108
9 111
9 114
9 115
9 121
9 124
9 127
9 135
9 137
9 139
9 142
9 144
9 146
9 149
9 153
9 156
9 158
9 160
9 168
9 169
9 171
9 173
9 176
9 177
9 179
10 11
10 12
10 13
10 14
10 16
10 19
10 21
10 25
10 28
10 32
10 36
10 38
10 39
10 41
10 45
10 46
10 56
10 60
10 62
10 64
10 65
10 69
10 72
10 73
10 75
10 83
10 86
10 97
10 100
10 102
10 108
10 113
10 114
10 119
10 121
10 123
10 126
10 127
10 129
10 131
10 137
10 140
10 142
10 143
10 147
10 153
10 159
10 163
10 168
10 170
10 179
11 12
11 13
11 14
11 23
11 24
11 25
11 28
11 32
11 35
11 36
11 38
11 41
11 44
11 46
11 47
11 51
11 56
11 59
11 60
11 63
11 64
11 67
11 72
11 73
11 74
11 77
11 78
11 79
11 81
11 89
11 90
11 92
11 93
11 95
11 97
11 101
11 103
11 105
11 106
11 107
11 111
11 113
11 124
11 128
11 130
11 131
11 139
11 141
11 145
11 146
11 149
11 154
11 155
11 156
11 158
11 159
11 164
11 166
11 167
11 176
12 13
12 14
12 17
12 24
12 26
12 34
12 38
12 39
12 47
12 48
12 52
12 53
12 55
12 56
12 58
12 59
12 62
12 63
12 65
12 66
12 71
12 74
12 75
12 77
12 81
12 83
12 85
12 89
12 91
12 92
12 97
12 98
12 100
12 105
12 114
12 117
12 118
12 121
12 125
12 126
12 128
12 131
12 133
12 137
12 138
12 148
12 156
12 165
12 167
12 168
12 171
12 176
12 178
13 14
13 16
13 17
13 24
13 25
13 29
13 31
13 33
13 38
13 39
13 43
13 44
13 51
13 53
13 54
13 56
13 59
13 61
13 65
13 69
13 70
13 71
13 72
13 74
13 75
13 78
13 84
13 98
13 101
13 106
13 107
13 109
13 111
13 113
13 117
13 119
13 122
13 123
13 127
13 130
13 136
13 138
13 140
13 142
13 144
13 146
13 151
13 153
13 154
13 157
13 165
13 166
13 167
13 172
13 173
13 174
14 16
14 19
14 21
14 29
14 33
14 35
14 39
14 42
14 55
14 56
14 59
14 63
14 67
14 71
14 75
14 77
14 79
14 81
14 91
14 96
14 97
14 99
14 100
14 102
14 106
14 108
14 116
14 121
14 124
14 125
14 130
14 131
14 133
14 135
14 137
14 148
14 151
14 153
14 158
14 168
14 176
15 16
15 17
15 18
15 19
15 20
15 21
15 22
15 23
15 24
15 25
15 26
15 27
15 28
15 29
15 33
15 34
15 35
15 40
15 42
15 43
15 45
15 48
15 50
15 51
15 69
15 72
15 73
15 76
15 77
15 79
15 80
15 83
15 84
15 85
15 89
15 93
15 100
15 102
15 104
15 106
15 108
15 112
15 114
15 115
15 116
15 121
15 124
15 125
15 129
15 130
15 134
15 143
15 145
15 148
15 150
15 151
15 164
15 166
15 168
15 172
15 175
15 178
16 17
16 18
16 19
16 20
16 21
16 22
16 23
16 24
16 25
16 26
16 27
16 28
16 29
16 33
16 38
16 42
16 47
16 50
16 51
16 53
16 61
16 62
16 67
16 68
16 71
16 72
16 75
16 77
16 79
16 82
16 90
16 92
16 97
16 100
16 105
16 119
16 126
16 128
16 129
16 132
16 134
16 137
16 139
16 141
16 146
16 148
16 152
16 159
16 167
16 177
17 18
17 19
17 20
17 21
17 22
17 23
17 24
17 25
17 26
17 27
17 28
17 29
17 32
17 37
17 38
17 45
17 51
17 54
17 56
17 58
17 63
17 67
17 68
17 69
17 71
17 72
17 75
17 76
17 78
17 83
17 86
17 87
17 88
17 89
17 92
17 96
17 100
17 101
17 103
17 110
17 111
17 113
17 115
17 118
17 119
17 120
17 125
17 127
17 130
17 136
17 139
17 140
17 143
17 144
17 148
17 150
17 152
17 153
17 154
17 155
17 156
17 157
17 160
17 164
17 167
17 168
17 170
17 174
17 179
18 19
18 20
18 21
18 22
18 23
18 24
18 25
18 26
18 27
18 28
18 29
18 41
18 43
18 47
18 49
18 51
18 54
18 55
18 58
18 59
18 62
18 63
18 65
18 66
18 68
18 69
18 70
18 77
18 79
18 81
18 83
18 90
18 92
18 96
18 97
18 102
18 103
18 106
18 107
18 117
18 125
18 128
18 129
18 133
18 135
18 137
18 138
18 140
18 143
18 145
18 147
18 149
18 151
18 152
18 159
18 160
18 163
18 164
18 167
18 177
18 178
19 20
19 21
19 22
19 23
19 24
19 25
19 26
19 27
19 28
19 29
19 30
19 31
19 32
19 34
19 36
19 38
19 42
19 43
19 47
19 50
19 54
19 59
19 60
19 61
19 62
19 63
19 66
19 68
19 69
19 71
19 72
19 76
19 79
19 82
19 91
19 93
19 96
19 97
19 98
19 102
19 112
19 116
19 118
19 123
19 126
19 130
19 131
19 133
19 148
19 150
19 152
19 157
19 163
19 164
19 167
19 168
19 171
19 172
19 175
19 177
19 179
20 21
20 22
20 23
20 24
20 25
20 26
20 27
20 28
20 29
20 31
20 32
20 41
20 44
20 48
20 56
20 59
20 61
20 66
20 72
20 73
20 78
20 80
20 84
20 92
20 94
20 97
20 98
20 100
20 103
20 104
20 105
20 108
20 110
20 117
20 123
20 124
20 125
20 129
20 134
20 135
20 139
20 143
20 144
20 146
20 147
20 148
20 150
20 151
20 155
20 160
20 173
20 176
20 177
21 22
21 23
21 24
21 25
21 26
21 27
21 28
21 29
21 30
21 31
21 34
21 38
21 48
21 53
21 54
21 62
21 63
21 64
21 65
21 66
21 81
21 94
21 96
21 98
21 100
21 102
21 104
21 105
21 106
21 110
21 112
21 115
21 117
21 120
21 121
21 122
21 123
21 124
21 127
21 131
21 138
21 144
21 146
21 147
21 150
21 151
21 152
21 153
21 157
21 159
21 160
21 161
21 170
21 171
21 173
21 176
21 177
21 179
22 23
22 24
22 25
22 26
22 27
22 28
22 29
22 30
22 41
22 42
22 49
22 51
22 53
22 58
22 60
22 65
22 67
22 75
22 85
22 86
22 87
22 95
22 96
22 105
22 107
22 118
22 121
22 132
22 133
22 137
22 138
22 139
22 145
22 149
22 151
22 154
22 158
22 159
22 164
22 168
22 172
22 174
22 179
23 24
23 25
23 26
23 27
23 28
23 29
23 30
23 37
23 39
23 44
23 46
23 53
23 57
23 63
23 65
23 66
23 71
23 74
23 76
23 77
23 78
23 81
23 90
23 91
23 93
23 103
23 105
23 108
23 109
23 114
23 116
23 118
23 123
23 127
23 130
23 131
23 134
23 136
23 147
23 150
23 151
23 153
23 155
23 178
23 179
24 25
24 26
24 27
24 28
24 29
24 31
24 37
24 38
24 41
24 43
24 45
24 47
24 52
24 53
24 55
24 60
24 71
24 73
24 78
24 87
24 91
24 93
24 97
24 100
24 103
24 106
24 107
24 111
24 116
24 117
24 118
24 119
24 127
24 137
24 139
24 143
24 144
24 147
24 150
24 156
24 158
24 160
24 164
24 165
24 168
24 171
24 175
24 178
25 26
25 27
25 28
25 29
25 32
25 33
25 46
25 47
25 48
25 49
25 55
25 56
25 57
25 63
25 64
25 69
25 73
25 79
25 80
25 81
25 85
25 86
25 90
25 93
25 97
25 99
25 105
25 107
25 109
25 119
25 128
25 129
25 131
25 132
25 136
25 137
25 138
25 141
25 144
25 146
25 147
25 148
25 152
25 154
25 155
25 157
25 162
25 169
25 175
25 179
26 27
26 28
26 29
26 30
26 31
26 32
26 36
26 38
26 42
26 48
26 49
26 51
26 52
26 56
26 57
26 58
26 72
26 77
26 82
26 93
26 100
26 103
26 108
26 109
26 110
26 116
26 122
26 123
26 128
26 130
26 131
26 134
26 140
26 146
26 148
26 149
26 152
26 157
26 163
26 167
26 170
26 173
26 174
26 175
26 176
26 178
27 28
27 29
27 31
27 32
27 37
27 48
27 53
27 55
27 62
27 64
27 66
27 70
27 76
27 82
27 83
27 84
27 90
27 92
27 93
27 97
27 98
27 103
27 105
27 106
27 107
27 110
27 112
27 113
27 115
27 117
27 118
27 121
27 124
27 127
27 133
27 140
27 141
27 142
27 147
27 149
27 153
27 158
27 163
27 164
27 165
27 167
27 170
27 173
27 175
27 176
28 29
28 38
28 41
28 42
28 51
28 52
28 54
28 58
28 60
28 61
28 65
28 67
28 70
28 72
28 73
28 74
28 77
28 78
28 79
28 81
28 83
28 84
28 87
28 92
28 95
28 97
28 99
28 100
28 101
28 106
28 107
28 110
28 116
28 118
28 125
28 128
28 129
28 131
28 132
28 133
28 137
28 142
28 152
28 157
28 164
28 167
28 171
28 172
28 174
28 176
29 31
29 38
29 43
29 44
29 45
29 52
29 53
29 55
29 57
29 58
29 60
29 63
29 66
29 69
29 71
29 75
29 78
29 81
29 84
29 86
29 87
29 89
29 91
29 100
29 101
29 103
29 105
29 106
29 109
29 111
29 114
29 121
29 124
29 128
29 130
29 135
29 137
29 139
29 140
29 145
29 151
29 152
29 154
29 155
29 156
29 166
29 170
29 172
29 173
29 174
29 177
32 33
32 34
32 35
32 36
32 37
32 38
32 39
32 40
32 41
32 42
32 43
32 44
32 30
32 31
32 46
32 57
32 62
32 64
32 65
32 69
32 71
32 74
32 77
32 85
32 91
32 92
32 104
32 105
32 110
32 117
32 119
32 121
32 122
32 123
32 131
32 144
32 146
32 147
32 150
32 153
32 159
32 164
32 165
32 166
32 168
32 169
32 170
32 171
32 172
32 176
32 179
33 34
33 35
33 36
33 37
33 38
33 39
33 40
33 41
33 42
33 43
33 44
33 30
33 31
33 46
33 49
33 58
33 66
33 70
33 73
33 76
33 78
33 79
33 84
33 85
33 86
33 87
33 91
33 92
33 95
33 96
33 98
33 102
33 103
33 106
33 110
33 112
33 113
33 115
33 120
33 124
33 128
33 129
33 131
33 135
33 136
33 137
33 139
33 143
33 147
33 148
33 149
33 155
33 163
33 164
33 168
33 170
33 172
33 173
33 174
33 177
34 35
34 36
34 37
34 38
34 39
34 40
34 41
34 42
34 43
34 44
34 30
34 31
34 54
34 55
34 61
34 70
34 73
34 78
34 83
34 87
34 92
34 105
34 106
34 112
34 115
34 118
34 121
34 125
34 128
34 132
34 134
34 135
34 139
34 141
34 142
34 146
34 147
34 155
34 157
34 161
34 163
34 168
34 171
34 175
34 178
35 36
35 37
35 38
35 39
35 40
35 41
35 42
35 43
35 44
35 30
35 31
35 45
35 47
35 54
35 58
35 59
35 60
35 61
35 62
35 71
35 72
35 76
35 78
35 84
35 89
35 91
35 95
35 104
35 107
35 109
35 111
35 119
35 120
35 133
35 138
35 142
35 148
35 151
35 155
35 160
35 166
35 169
35 171
35 176
35 179
36 37
36 38
36 39
36 40
36 41
36 42
36 43
36 44
36 30
36 31
36 48
36 49
36 54
36 57
36 64
36 67
36 68
36 76
36 78
36 79
36 81
36 83
36 92
36 107
36 113
36 124
36 133
36 135
36 138
36 141
36 142
36 144
36 145
36 146
36 147
36 151
36 152
36 153
36 155
36 161
36 164
36 165
36 171
36 178
37 38
37 39
37 40
37 41
37 42
37 43
37 44
37 30
37 31
37 52
37 57
37 58
37 61
37 67
37 74
37 83
37 84
37 85
37 86
37 91
37 96
37 107
37 112
37 117
37 118
37 121
37 122
37 123
37 124
37 128
37 132
37 138
37 140
37 143
37 147
37 149
37 154
37 157
37 158
37 161
37 164
37 168
37 169
37 171
37 177
38 39
38 40
38 41
38 42
38 43
38 44
38 30
38 31
38 59
38 61
38 62
38 66
38 67
38 68
38 72
38 73
38 89
38 99
38 101
38 111
38 112
38 115
38 118
38 119
38 121
38 122
38 126
38 127
38 129
38 135
38 137
38 138
38 145
38 147
38 149
38 153
38 155
38 163
38 168
38 172
38 176
38 178
38 179
39 40
39 41
39 42
39 43
39 44
39 30
39 31
39 46
39 52
39 53
39 63
39 67
39 70
39 71
39 72
39 81
39 82
39 85
39 86
39 91
39 99
39 100
39 101
39 112
39 122
39 129
39 132
39 134
39 137
39 141
39 142
39 144
39 147
39 151
39 155
39 167
39 171
39 172
39 173
39 174
39 175
39 177
40 41
40 42
40 43
40 44
40 30
40 31
40 48
40 64
40 65
40 66
40 69
40 73
40 80
40 81
40 84
40 86
40 87
40 92
40 96
40 98
40 108
40 109
40 111
40 112
40 113
40 117
40 122
40 124
40 127
40 129
40 131
40 136
40 142
40 144
40 145
40 146
40 147
40 150
40 154
40 155
40 157
40 162
40 163
40 166
40 167
40 171
40 174
40 178
41 42
41 43
41 44
41 30
41 31
41 47
41 50
41 53
41 57
41 58
41 59
41 60
41 65
41 66
41 78
41 82
41 85
41 86
41 89
41 90
41 93
41 95
41 100
41 102
41 109
41 110
41 111
41 120
41 121
41 122
41 124
41 125
41 127
41 134
41 136
41 138
41 139
41 140
41 148
41 150
41 151
41 155
41 156
41 158
41 161
41 163
41 167
41 170
41 171
41 172
41 174
42 43
42 44
42 30
42 31
42 45
42 47
42 53
42 57
42 59
42 60
42 61
42 62
42 64
42 65
42 68
42 71
42 73
42 75
42 77
42 83
42 87
42 88
42 90
42 91
42 93
42 94
42 96
42 97
42 98
42 99
42 101
42 102
42 103
42 104
42 110
42 112
42 116
42 118
42 124
42 126
42 130
42 133
42 135
42 139
42 142
42 143
42 146
42 148
42 153
42 154
42 156
42 157
42 162
42 166
42 172
42 176
42 177
42 178
43 44
43 30
43 31
43 48
43 49
43 51
43 53
43 54
43 59
43 60
43 75
43 77
43 80
43 83
43 85
43 88
43 94
43 95
43 98
43 100
43 103
43 104
43 105
43 106
43 107
43 109
43 110
43 114
43 117
43 123
43 126
43 127
43 128
43 130
43 131
43 135
43 139
43 143
43 146
43 149
43 153
43 155
43 156
43 158
43 162
43 164
43 165
43 168
43 170
43 171
43 172
44 30
44 31
44 48
44 54
44 55
44 57
44 60
44 66
44 67
44 70
44 72
44 77
44 78
44 80
44 84
44 85
44 86
44 87
44 88
44 89
44 90
44 91
44 98
44 100
44 105
44 106
44 107
44 108
44 110
44 112
44 119
44 121
44 126
44 127
44 143
44 145
44 146
44 150
44 151
44 158
44 159
44 165
44 167
44 169
44 172
44 173
44 174
44 177
30 31
30 48
30 53
30 55
30 59
30 68
30 69
30 76
30 80
30 83
30 84
30 86
30 89
30 90
30 97
30 100
30 105
30 106
30 107
30 115
30 118
30 121
30 125
30 129
30 130
30 134
30 136
30 141
30 143
30 146
30 150
30 154
30 158
30 159
30 163
30 164
30 171
30 175
31 49
31 51
31 54
31 62
31 64
31 65
31 77
31 78
31 82
31 89
31 90
31 92
31 98
31 100
31 103
31 107
31 108
31 109
31 110
31 111
31 112
31 116
31 117
31 119
31 130
31 134
31 143
31 147
31 152
31 167
31 168
31 171
31 174
31 175
31 176
31 177
45 46
45 47
45 48
45 49
45 50
45 51
45 52
45 53
45 54
45 55
45 56
45 57
45 58
45 59
45 64
45 71
45 73
45 76
45 77
45 78
45 79
45 80
45 82
45 85
45 89
45 90
45 93
45 98
45 99
45 102
45 104
45 107
45 109
45 111
45 121
45 142
45 144
45 145
45 153
45 155
45 156
45 159
45 166
45 168
45 169
45 170
45 173
45 174
45 175
45 178
46 47
46 48
46 49
46 50
46 51
46 52
46 53
46 54
46 55
46 56
46 57
46 58
46 59
46 60
46 61
46 62
46 64
46 75
46 77
46 87
46 97
46 108
46 113
46 120
46 124
46 128
46 132
46 133
46 135
46 138
46 144
46 153
46 154
46 156
46 157
46 173
46 175
47 48
47 49
47 50
47 51
47 52
47 53
47 54
47 55
47 56
47 57
47 58
47 59
47 60
47 64
47 67
47 69
47 71
47 72
47 74
47 75
47 78
47 82
47 85
47 89
47 92
47 96
47 100
47 105
47 107
47 109
47 119
47 121
47 123
47 128
47 133
47 137
47 140
47 142
47 143
47 145
47 149
47 150
47 151
47 164
47 169
47 171
47 174
47 176
47 178
47 179
48 49
48 50
48 51
48 52
48 53
48 54
48 55
48 56
48 57
48 58
48 59
48 60
48 61
48 67
48 70
48 72
48 78
48 83
48 86
48 88
48 89
48 93
48 94
48 113
48 115
48 120
48 124
48 125
48 131
48 137
48 139
48 140
48 145
48 149
48 150
48 151
48 154
48 159
48 160
48 174
48 179
49 50
49 51
49 52
49 53
49 54
49 55
49 56
49 57
49 58
49 59
49 73
49 74
49 76
49 78
49 81
49 82
49 86
49 97
49 106
49 110
49 113
49 115
49 116
49 117
49 118
49 119
49 120
49 124
49 125
49 127
49 128
49 129
49 130
49 132
49 133
49 134
49 138
49 146
49 149
49 150
49 152
49 161
49 167
49 169
49 170
49 171
50 51
50 52
50 53
50 54
50 55
50 56
50 57
50 58
50 59
50 65
50 66
50 67
50 68
50 71
50 73
50 74
50 77
50 81
50 89
50 93
50 102
50 119
50 128
50 129
50 134
50 140
50 142
50 143
50 150
50 155
50 156
50 160
50 163
50 164
50 165
50 167
51 52
51 53
51 54
51 55
51 56
51 57
51 58
51 59
51 60
51 62
51 68
51 80
51 81
51 83
51 84
51 89
51 90
51 98
51 99
51 108
51 114
51 121
51 125
51 134
51 136
51 141
51 146
51 153
51 154
51 159
51 160
51 161
51 172
51 173
51 174
51 179
52 53
52 54
52 55
52 56
52 57
52 58
52 59
52 67
52 71
52 74
52 78
52 81
52 82
52 84
52 87
52 92
52 93
52 95
52 100
52 101
52 102
52 103
52 106
52 108
52 110
52 114
52 116
52 122
52 125
52 135
52 141
52 143
52 147
52 149
52 152
52 153
52 154
52 157
52 159
52 164
52 165
52 167
52 172
52 173
52 177
53 54
53 55
53 56
53 57
53 58
53 59
53 64
53 66
53 68
53 69
53 76
53 80
53 82
53 83
53 87
53 88
53 89
53 91
53 93
53 94
53 96
53 100
53 114
53 115
53 116
53 117
53 118
53 121
53 122
53 125
53 129
53 133
53 135
53 137
53 142
53 144
53 145
53 147
53 149
53 159
53 160
53 163
53 165
53 166
53 167
53 170
53 173
53 174
53 177
53 178
54 55
54 56
54 57
54 58
54 59
54 61
54 62
54 63
54 64
54 71
54 72
54 75
54 78
54 89
54 93
54 94
54 95
54 96
54 100
54 101
54 102
54 107
54 111
54 114
54 115
54 116
54 117
54 119
54 120
54 122
54 124
54 127
54 130
54 133
54 134
54 136
54 140
54 143
54 146
54 148
54 150
54 154
54 156
54 159
54 160
54 162
54 165
54 170
54 176
54 178
55 56
55 57
55 58
55 59
55 60
55 63
55 66
55 70
55 71
55 73
55 74
55 76
55 77
55 80
55 84
55 90
55 95
55 96
55 107
55 114
55 125
55 127
55 128
55 129
55 130
55 131
55 135
55 136
55 137
55 138
55 139
55 140
55 141
55 145
55 147
55 148
55 151
55 154
55 156
55 157
55 158
55 160
55 161
55 163
55 164
55 165
55 167
55 168
55 173
56 57
56 58
56 59
56 66
56 67
56 68
56 69
56 72
56 76
56 77
56 78
56 80
56 85
56 86
56 89
56 91
56 97
56 102
56 107
56 116
56 118
56 120
56 122
56 126
56 128
56 132
56 134
56 135
56 139
56 142
56 143
56 146
56 148
56 151
56 152
56 155
56 157
56 163
56 164
56 173
56 176
57 58
57 59
57 60
57 65
57 71
57 73
57 74
57 77
57 78
57 82
57 94
57 102
57 105
57 114
57 116
57 120
57 121
57 128
57 132
57 133
57 148
57 150
57 154
57 155
57 160
57 161
57 168
57 171
57 174
57 175
57 176
57 178
58 59
58 61
58 66
58 70
58 73
58 75
58 81
58 83
58 87
58 88
58 89
58 90
58 91
58 93
58 101
58 102
58 103
58 111
58 116
58 126
58 131
58 134
58 140
58 142
58 148
58 150
58 153
58 155
58 161
58 164
58 165
58 166
58 168
58 177
59 61
59 68
59 71
59 73
59 78
59 79
59 85
59 86
59 93
59 97
59 101
59 103
59 109
59 110
59 121
59 125
59 128
59 130
59 131
59 133
59 134
59 140
59 142
59 143
59 145
59 147
59 154
59 159
59 165
59 174
59 175
59 178
59 179
64 65
64 66
64 67
64 68
64 69
64 70
64 71
64 72
64 73
64 74
64 60
64 61
64 62
64 63
64 76
64 80
64 82
64 83
64 85
64 86
64 87
64 90
64 93
64 94
64 96
64 100
64 102
64 108
64 109
64 128
64 133
64 135
64 140
64 149
64 152
64 159
64 164
64 165
64 166
64 168
64 169
64 172
64 173
64 179
65 66
65 67
65 68
65 69
65 70
65 71
65 72
65 73
65 74
65 60
65 61
65 62
65 63
65 78
65 81
65 84
65 85
65 87
65 89
65 92
65 94
65 102
65 103
65 120
65 121
65 123
65 125
65 126
65 130
65 135
65 137
65 138
65 144
65 145
65 148
65 149
65 150
65 158
65 159
65 160
65 162
65 165
65 166
65 179
66 67
66 68
66 69
66 70
66 71
66 72
66 73
66 74
66 60
66 61
66 62
66 63
66 77
66 78
66 80
66 82
66 84
66 87
66 88
66 92
66 98
66 110
66 111
66 114
66 115
66 116
66 117
66 121
66 122
66 125
66 128
66 132
66 138
66 140
66 144
66 147
66 148
66 151
66 154
66 157
66 160
66 162
66 167
66 176
66 179
67 68
67 69
67 70
67 71
67 72
67 73
67 74
67 60
67 61
67 62
67 63
67 80
67 83
67 87
67 90
67 93
67 96
67 100
67 106
67 107
67 113
67 114
67 115
67 118
67 121
67 125
67 126
67 134
67 135
67 149
67 150
67 153
67 157
67 159
67 161
67 164
67 165
67 166
67 169
67 174
67 175
67 178
67 179
68 69
68 70
68 71
68 72
68 73
68 74
68 60
68 61
68 62
68 63
68 77
68 79
68 80
68 86
68 88
68 95
68 100
68 105
68 107
68 108
68 109
68 111
68 119
68 122
68 128
68 139
68 141
68 142
68 146
68 155
68 156
68 166
68 167
68 169
68 173
68 174
68 177
68 179
69 70
69 71
69 72
69 73
69 74
69 60
69 61
69 62
69 63
69 81
69 84
69 99
69 101
69 103
69 104
69 108
69 109
69 120
69 122
69 123
69 125
69 126
69 132
69 135
69 137
69 139
69 141
69 142
69 143
69 146
69 149
69 154
69 155
69 165
69 169
69 170
69 173
69 178
70 71
70 72
70 73
70 74
70 60
70 61
70 62
70 63
70 75
70 80
70 82
70 88
70 90
70 97
70 100
70 103
70 104
70 105
70 107
70 108
70 110
70 113
70 114
70 117
70 119
70 120
70 122
70 125
70 129
70 132
70 133
70 134
70 135
70 137
70 138
70 143
70 146
70 150
70 151
70 154
70 155
70 158
70 159
70 162
70 165
70 167
70 169
70 177
71 72
71 73
71 74
71 60
71 61
71 62
71 63
71 78
71 79
71 82
71 83
71 85
71 87
71 88
71 90
71 92
71 97
71 99
71 100
71 103
71 107
71 112
71 117
71 123
71 124
71 125
71 127
71 130
71 132
71 137
71 138
71 144
71 147
71 149
71 150
71 154
71 161
71 167
71 173
71 174
71 175
71 178
72 73
72 74
72 60
72 61
72 62
72 63
72 76
72 82
72 85
72 86
72 88
72 89
72 91
72 92
72 93
72 110
72 113
72 117
72 118
72 123
72 126
72 128
72 133
72 135
72 138
72 139
72 141
72 145
72 149
72 150
72 159
72 160
72 163
72 165
72 168
72 169
72 171
72 175
72 176
73 74
73 60
73 61
73 62
73 63
73 77
73 81
73 85
73 89
73 90
73 91
73 100
73 102
73 103
73 105
73 109
73 113
73 119
73 121
73 124
73 127
73 130
73 132
73 133
73 136
73 144
73 146
73 165
73 170
73 178
73 179
74 60
74 61
74 62
74 63
74 75
74 77
74 78
74 92
74 94
74 100
74 102
74 103
74 106
74 107
74 112
74 114
74 124
74 125
74 127
74 128
74 134
74 136
74 137
74 141
74 143
74 144
74 147
74 153
74 155
74 159
74 161
74 162
74 164
74 167
74 172
74 176
60 61
60 62
60 63
60 77
60 79
60 80
60 81
60 82
60 83
60 89
60 90
60 95
60 99
60 100
60 104
60 106
60 108
60 110
60 111
60 112
60 114
60 116
60 118
60 121
60 122
60 123
60 125
60 133
60 135
60 136
60 137
60 141
60 142
60 143
60 147
60 150
60 152
60 155
60 160
60 161
60 162
60 171
60 172
60 174
60 175
60 178
61 62
61 63
61 76
61 81
61 83
61 89
61 90
61 94
61 97
61 98
61 99
61 103
61 104
61 105
61 107
61 115
61 117
61 118
61 120
61 121
61 126
61 128
61 136
61 138
61 139
61 147
61 148
61 151
61 154
61 156
61 163
61 164
61 167
61 168
61 169
61 171
61 174
61 175
62 63
62 81
62 82
62 89
62 91
62 92
62 96
62 98
62 102
62 108
62 112
62 122
62 124
62 125
62 128
62 129
62 132
62 136
62 145
62 150
62 153
62 154
62 155
62 158
62 160
62 162
62 164
62 166
62 176
63 75
63 81
63 83
63 84
63 86
63 87
63 89
63 90
63 91
63 94
63 98
63 99
63 101
63 102
63 103
63 106
63 108
63 109
63 112
63 121
63 129
63 130
63 131
63 133
63 135
63 138
63 143
63 146
63 154
63 156
63 158
63 171
63 172
63 176
63 177
63 178
63 179
75 76
75 77
75 78
75 79
75 80
75 81
75 82
75 83
75 84
75 85
75 86
75 87
75 88
75 89
75 93
75 94
75 102
75 104
75 106
75 107
75 110
75 111
75 117
75 118
75 119
75 121
75 127
75 130
75 134
75 136
75 139
75 141
75 146
75 149
75 155
75 157
75 158
75 160
75 161
75 168
75 169
75 173
75 175
76 77
76 78
76 79
76 80
76 81
76 82
76 83
76 84
76 85
76 86
76 87
76 88
76 89
76 91
76 94
76 95
76 96
76 101
76 102
76 103
76 104
76 105
76 106
76 110
76 112
76 116
76 125
76 127
76 128
76 129
76 130
76 131
76 137
76 143
76 144
76 145
76 146
76 149
76 154
76 159
76 163
76 164
76 165
76 169
76 170
76 171
76 174
76 175
76 176
77 78
77 79
77 80
77 81
77 82
77 83
77 84
77 85
77 86
77 87
77 88
77 89
77 95
77 100
77 106
77 108
77 109
77 113
77 118
77 120
77 122
77 128
77 133
77 134
77 136
77 138
77 141
77 142
77 144
77 146
77 148
77 149
77 152
77 156
77 157
77 162
77 163
77 166
77 169
77 173
77 175
78 79
78 80
78 81
78 82
78 83
78 84
78 85
78 86
78 87
78 88
78 89
78 92
78 99
78 103
78 104
78 106
78 109
78 113
78 115
78 118
78 122
78 129
78 134
78 140
78 146
78 149
78 150
78 157
78 163
78 164
78 165
78 166
78 168
78 175
78 179
79 80
79 81
79 82
79 83
79 84
79 85
79 86
79 87
79 88
79 89
79 101
79 103
79 105
79 107
79 110
79 112
79 114
79 128
79 129
79 131
79 132
79 138
79 140
79 142
79 143
79 144
79 146
79 148
79 149
79 151
79 153
79 154
79 161
79 169
79 170
79 172
79 174
80 81
80 82
80 83
80 84
80 85
80 86
80 87
80 88
80 89
80 91
80 96
80 98
80 101
80 102
80 104
80 108
80 117
80 119
80 121
80 122
80 133
80 142
80 144
80 145
80 146
80 151
80 153
80 154
80 161
80 162
80 164
80 168
80 170
80 173
80 174
80 179
81 82
81 83
81 84
81 85
81 86
81 87
81 88
81 89
81 98
81 101
81 104
81 106
81 108
81 114
81 117
81 120
81 123
81 127
81 128
81 130
81 137
81 141
81 150
81 151
81 156
81 157
81 161
81 169
81 171
81 172
81 173
81 176
81 177
82 83
82 84
82 85
82 86
82 87
82 88
82 89
82 90
82 91
82 96
82 101
82 104
82 110
82 119
82 124
82 134
82 143
82 144
82 146
82 150
82 152
82 153
82 159
82 163
82 166
82 170
82 171
82 172
82 173
82 174
82 175
82 176
83 84
83 85
83 86
83 87
83 88
83 89
83 91
83 97
83 99
83 100
83 103
83 106
83 107
83 109
83 112
83 113
83 118
83 119
83 121
83 126
83 128
83 129
83 132
83 138
83 141
83 142
83 143
83 144
83 145
83 146
83 147
83 148
83 151
83 154
83 155
83 158
83 160
83 163
83 164
83 165
83 167
83 170
83 175
83 177
83 178
84 85
84 86
84 87
84 88
84 89
84 90
84 91
84 94
84 99
84 100
84 105
84 110
84 111
84 113
84 120
84 124
84 131
84 133
84 138
84 139
84 140
84 141
84 146
84 149
84 152
84 154
84 158
84 160
84 163
84 164
84 165
84 170
84 173
84 176
84 178
85 86
85 87
85 88
85 89
85 94
85 95
85 98
85 108
85 110
85 119
85 120
85 126
85 127
85 129
85 130
85 139
85 140
85 141
85 145
85 146
85 148
85 150
85 152
85 153
85 155
85 156
85 158
85 160
85 161
85 164
85 165
85 170
85 172
85 173
85 175
85 176
86 87
86 88
86 89
86 92
86 94
86 95
86 97
86 104
86 109
86 111
86 117
86 118
86 119
86 123
86 124
86 128
86 132
86 134
86 135
86 137
86 143
86 147
86 154
86 161
86 162
86 163
86 166
86 171
86 173
86 176
87 88
87 89
87 101
87 102
87 106
87 116
87 117
87 119
87 122
87 123
87 127
87 134
87 136
87 137
87 138
87 139
87 142
87 147
87 149
87 150
87 154
87 161
87 162
87 173
87 179
88 89
88 92
88 94
88 95
88 98
88 100
88 102
88 105
88 107
88 111
88 118
88 121
88 130
88 132
88 134
88 136
88 147
88 151
88 153
88 159
88 164
88 166
88 173
88 174
88 178
89 91
89 94
89 98
89 110
89 116
89 121
89 129
89 140
89 141
89 143
89 150
89 152
89 153
89 155
89 156
89 158
89 172
89 173
89 174
89 175
89 177
89 179
96 97
96 98
96 99
96 100
96 101
96 102
96 103
96 104
96 90
96 91
96 92
96 93
96 94
96 95
96 108
96 110
96 114
96 115
96 118
96 119
96 122
96 123
96 125
96 132
96 134
96 143
96 144
96 145
96 146
96 152
96 154
96 155
96 158
96 163
96 166
96 171
97 98
97 99
97 100
97 101
97 102
97 103
97 104
97 90
97 91
97 92
97 93
97 94
97 95
97 105
97 107
97 108
97 116
97 119
97 122
97 127
97 131
97 146
97 147
97 149
97 155
97 156
97 161
97 165
97 166
97 170
97 171
97 173
97 179
98 99
98 100
98 101
98 102
98 103
98 104
98 90
98 91
98 92
98 93
98 94
98 95
98 108
98 109
98 118
98 122
98 127
98 135
98 140
98 142
98 149
98 151
98 153
98 154
98 161
98 164
98 173
98 175
98 176
98 177
99 100
99 101
99 102
99 103
99 104
99 90
99 91
99 92
99 93
99 94
99 95
99 106
99 108
99 113
99 114
99 117
99 120
99 123
99 125
99 128
99 131
99 132
99 133
99 136
99 137
99 138
99 139
99 141
99 142
99 144
99 146
99 147
99 151
99 152
99 155
99 159
99 168
99 174
99 178
99 179
100 101
100 102
100 103
100 104
100 90
100 91
100 92
100 93
100 94
100 95
100 111
100 115
100 116
100 118
100 119
100 120
100 125
100 129
100 141
100 149
100 150
100 158
100 159
100 160
100 161
100 163
100 171
100 172
100 173
100 175
100 177
101 102
101 103
101 104
101 90
101 91
101 92
101 93
101 94
101 95
101 112
101 113
101 114
101 115
101 124
101 125
101 128
101 130
101 136
101 138
101 140
101 141
101 143
101 148
101 150
101 154
101 155
101 157
101 160
101 161
101 164
101 166
101 168
101 176
101 177
101 178
102 103
102 104
102 90
102 91
102 92
102 93
102 94
102 95
102 110
102 112
102 113
102 114
102 116
102 117
102 120
102 131
102 133
102 136
102 137
102 139
102 146
102 147
102 149
102 150
102 151
102 155
102 157
102 159
102 160
102 162
102 170
102 171
102 174
102 176
102 177
103 104
103 90
103 91
103 92
103 93
103 94
103 95
103 107
103 120
103 128
103 131
103 132
103 133
103 136
103 141
103 143
103 146
103 148
103 149
103 150
103 151
103 153
103 155
103 157
103 158
103 160
103 166
103 169
103 172
103 174
103 177
104 90
104 91
104 92
104 93
104 94
104 95
104 107
104 109
104 119
104 123
104 124
104 126
104 129
104 138
104 140
104 142
104 146
104 148
104 157
104 162
104 164
104 166
104 172
104 174
104 176
90 91
90 92
90 93
90 94
90 95
90 106
90 108
90 119
90 120
90 121
90 124
90 126
90 131
90 139
90 141
90 142
90 144
90 147
90 151
90 154
90 160
90 163
90 165
90 171
90 173
91 92
91 93
91 94
91 95
91 105
91 107
91 113
91 118
91 119
91 122
91 133
91 138
91 139
91 145
91 146
91 149
91 151
91 152
91 154
91 155
91 157
91 170
91 174
91 176
91 177
91 178
91 179
92 93
92 94
92 95
92 105
92 108
92 113
92 115
92 118
92 121
92 126
92 127
92 129
92 132
92 134
92 139
92 141
92 144
92 146
92 148
92 149
92 151
92 152
92 153
92 155
92 156
92 158
92 161
92 163
92 174
93 94
93 95
93 110
93 112
93 113
93 115
93 117
93 124
93 127
93 133
93 134
93 136
93 138
93 147
93 155
93 157
93 162
93 166
93 168
93 169
93 172
94 95
94 108
94 110
94 111
94 116
94 128
94 129
94 130
94 131
94 133
94 139
94 142
94 143
94 146
94 147
94 164
94 169
94 172
94 174
94 177
94 178
94 179
95 106
95 111
95 115
95 119
95 121
95 125
95 129
95 134
95 137
95 142
95 148
95 155
95 157
95 159
95 160
95 161
95 165
95 167
95 170
95 173
95 174
105 106
105 107
105 108
105 109
105 110
105 111
105 112
105 113
105 114
105 115
105 116
105 117
105 118
105 119
105 134
105 136
105 140
105 144
105 145
105 150
105 157
105 160
105 163
105 175
105 176
105 179
106 107
106 108
106 109
106 110
106 111
106 112
106 113
106 114
106 115
106 116
106 117
106 118
106 119
106 124
106 127
106 128
106 131
106 132
106 137
106 139
106 150
106 152
106 154
106 155
106 157
106 163
106 167
106 176
107 108
107 109
107 110
107 111
107 112
107 113
107 114
107 115
107 116
107 117
107 118
107 119
107 120
107 123
107 124
107 127
107 129
107 136
107 144
107 146
107 154
107 157
107 158
107 159
107 162
107 164
107 169
107 170
107 171
107 177
108 109
108 110
108 111
108 112
108 113
108 114
108 115
108 116
108 117
108 118
108 119
108 121
108 122
108 124
108 125
108 129
108 133
108 134
108 136
108 137
108 152
108 156
108 158
108 164
108 171
108 173
108 177
109 110
109 111
109 112
109 113
109 114
109 115
109 116
109 117
109 118
109 119
109 127
109 128
109 129
109 132
109 133
109 139
109 142
109 143
109 145
109 149
109 151
109 152
109 153
109 161
109 162
109 163
109 178
110 111
110 112
110 113
110 114
110 115
110 116
110 117
110 118
110 119
110 121
110 125
110 126
110 129
110 130
110 132
110 133
110 136
110 141
110 144
110 154
110 156
110 157
110 160
110 161
110 163
110 164
110 166
110 169
110 170
110 172
110 175
111 112
111 113
111 114
111 115
111 116
111 117
111 118
111 119
111 122
111 123
111 126
111 127
111 128
111 129
111 135
111 138
111 139
111 142
111 144
111 146
111 148
111 155
111 157
111 158
111 160
111 164
111 166
111 171
111 172
111 173
111 175
111 179
112 113
112 114
112 115
112 116
112 117
112 118
112 119
112 120
112 125
112 126
112 130
112 131
112 132
112 136
112 137
112 138
112 139
112 148
112 149
112 152
112 156
112 159
112 161
112 166
112 172
112 173
112 175
112 177
113 114
113 115
113 116
113 117
113 118
113 119
113 120
113 121
113 124
113 125
113 126
113 129
113 131
113 133
113 144
113 149
113 150
113 156
113 158
113 162
113 166
113 167
113 169
113 170
113 174
113 175
113 178
114 115
114 116
114 117
114 118
114 119
114 122
114 123
114 125
114 126
114 131
114 135
114 136
114 137
114 139
114 140
114 146
114 151
114 155
114 161
114 162
114 164
114 170
114 171
114 175
114 176
114 178
114 179
115 116
115 117
115 118
115 119
115 121
115 130
115 150
115 156
115 157
115 158
115 165
115 169
115 170
116 117
116 118
116 119
116 121
116 125
116 126
116 128
116 137
116 142
116 153
116 154
116 157
116 167
116 169
116 172
116 173
116 174
117 118
117 119
117 124
117 127
117 134
117 137
117 141
117 145
117 156
117 157
117 158
117 162
117 164
117 165
117 168
117 169
117 170
117 179
118 119
118 120
118 121
118 125
118 128
118 134
118 145
118 150
118 151
118 152
118 153
118 154
118 155
118 161
118 162
118 167
118 169
118 174
118 179
119 129
119 134
119 135
119 138
119 141
119 142
119 143
119 144
119 147
119 151
119 160
119 162
119 163
119 165
119 171
119 172
119 175
119 176
119 179
128 129
128 130
128 131
128 132
128 133
128 134
128 120
128 121
128 122
128 123
128 124
128 125
128 126
128 127
128 138
128 140
128 143
128 151
128 153
128 155
128 156
128 158
128 159
128 162
128 164
128 166
128 169
128 170
128 174
128 175
128 176
128 177
128 178
129 130
129 131
129 132
129 133
129 134
129 120
129 121
129 122
129 123
129 124
129 125
129 126
129 127
129 136
129 137
129 142
129 149
129 152
129 153
129 158
129 159
129 167
129 168
129 169
129 171
129 177
129 178
129 179
130 131
130 132
130 133
130 134
130 120
130 121
130 122
130 123
130 124
130 125
130 126
130 127
130 138
130 139
130 143
130 154
130 155
130 173
130 178
130 179
131 132
131 133
131 134
131 120
131 121
131 122
131 123
131 124
131 125
131 126
131 127
131 138
131 139
131 145
131 147
131 148
131 150
131 154
131 167
131 174
132 133
132 134
132 120
132 121
132 122
132 123
132 124
132 125
132 126
132 127
132 140
132 144
132 145
132 147
132 150
132 151
132 153
132 157
132 158
132 167
133 134
133 120
133 121
133 122
133 123
133 124
133 125
133 126
133 127
133 135
133 139
133 141
133 147
133 152
133 154
133 158
133 161
133 169
133 170
133 173
133 174
133 175
133 177
134 120
134 121
134 122
134 123
134 124
134 125
134 126
134 127
134 143
134 150
134 152
134 154
134 156
134 158
134 164
134 167
134 172
120 121
120 122
120 123
120 124
120 125
120 126
120 127
120 135
120 138
120 142
120 150
120 151
120 153
120 154
120 165
120 168
120 173
120 175
120 178
120 179
121 122
121 123
121 124
121 125
121 126
121 127
121 142
121 144
121 145
121 146
121 150
121 154
121 155
121 165
121 167
121 168
121 173
122 123
122 124
122 125
122 126
122 127
122 135
122 138
122 147
122 154
122 156
122 158
122 160
122 161
122 163
122 164
122 166
122 170
122 172
123 124
123 125
123 126
123 127
123 143
123 146
123 147
123 155
123 158
123 160
123 165
123 169
123 172
123 174
123 175
123 177
124 125
124 126
124 127
124 135
124 137
124 140
124 144
124 145
124 146
124 150
124 153
124 161
124 162
124 163
124 164
124 169
124 172
124 175
124 179
125 126
125 127
125 138
125 139
125 140
125 143
125 148
125 149
125 151
125 155
125 157
125 158
125 160
125 161
125 162
125 165
125 169
125 171
125 175
125 179
126 127
126 135
126 137
126 141
126 147
126 148
126 149
126 159
126 160
126 163
126 167
126 168
126 169
126 170
126 174
126 175
126 177
127 137
127 147
127 149
127 153
127 159
127 162
127 164
127 167
127 169
135 136
135 137
135 138
135 139
135 140
135 141
135 142
135 143
135 144
135 145
135 146
135 147
135 148
135 149
135 151
135 154
135 155
135 158
135 159
135 162
135 168
135 170
135 171
135 172
135 177
135 179
136 137
136 138
136 139
136 140
136 141
136 142
136 143
136 144
136 145
136 146
136 147
136 148
136 149
136 150
136 153
136 155
136 156
136 160
136 161
136 164
136 167
136 168
136 170
136 172
136 178
137 138
137 139
137 140
137 141
137 142
137 143
137 144
137 145
137 146
137 147
137 148
137 149
137 150
137 156
137 157
137 161
137 163
137 166
137 167
137 170
137 173
137 176
137 178
138 139
138 140
138 141
138 142
138 143
138 144
138 145
138 146
138 147
138 148
138 149
138 150
138 154
138 155
138 156
138 159
138 161
138 169
138 173
138 178
138 179
139 140
139 141
139 142
139 143
139 144
139 145
139 146
139 147
139 148
139 149
139 155
139 159
139 163
139 167
139 168
139 169
139 171
140 141
140 142
140 143
140 144
140 145
140 146
140 147
140 148
140 149
140 154
140 156
140 165
140 167
140 169
140 174
140 175
140 177
140 178
141 142
141 143
141 144
141 145
141 146
141 147
141 148
141 149
141 150
141 151
141 153
141 156
141 160
141 162
141 168
141 171
141 174
141 176
141 177
141 178
142 143
142 144
142 145
142 146
142 147
142 148
142 149
142 150
142 152
142 155
142 158
142 159
142 160
142 162
142 166
142 168
142 169
142 171
142 173
142 174
142 176
143 144
143 145
143 146
143 147
143 148
143 149
143 152
143 156
143 163
143 167
143 168
143 170
143 173
143 175
143 176
143 177
144 145
144 146
144 147
144 148
144 149
144 150
144 154
144 162
144 169
145 146
145 147
145 148
145 149
145 153
145 155
145 161
145 163
145 164
145 166
145 170
145 172
145 173
145 178
146 147
146 148
146 149
146 151
146 152
146 153
146 154
146 155
146 158
146 159
146 160
146 161
146 162
146 163
146 165
146 172
147 148
147 149
147 150
147 151
147 154
147 157
147 158
147 160
147 161
147 162
147 168
147 169
147 174
148 149
148 150
148 151
148 152
148 153
148 155
148 157
148 162
148 163
148 164
148 168
148 169
148 176
149 158
149 159
149 161
149 162
149 164
149 175
160 161
160 162
160 163
160 164
160 150
160 151
160 152
160 153
160 154
160 155
160 156
160 157
160 158
160 159
160 171
160 172
160 177
160 179
161 162
161 163
161 164
161 150
161 151
161 152
161 153
161 154
161 155
161 156
161 157
161 158
161 159
161 170
161 171
161 172
161 173
161 174
161 177
162 163
162 164
162 150
162 151
162 152
162 153
162 154
162 155
162 156
162 157
162 158
162 159
162 167
162 169
162 172
162 173
162 175
163 164
163 150
163 151
163 152
163 153
163 154
163 155
163 156
163 157
163 158
163 159
163 165
163 166
163 167
163 172
163 174
163 176
163 177
164 150
164 151
164 152
164 153
164 154
164 155
164 156
164 157
164 158
164 159
164 165
164 169
164 175
164 176
164 177
150 151
150 152
150 153
150 154
150 155
150 156
150 157
150 158
150 159
150 178
150 179
151 152
151 153
151 154
151 155
151 156
151 157
151 158
151 159
151 171
151 176
152 153
152 154
152 155
152 156
152 157
152 158
152 159
152 166
152 167
152 173
152 174
153 154
153 155
153 156
153 157
153 158
153 159
153 169
153 171
153 176
154 155
154 156
154 157
154 158
154 159
154 166
154 176
154 179
155 156
155 157
155 158
155 159
155 172
155 177
156 157
156 158
156 159
156 165
156 166
157 158
157 159
157 169
157 170
157 171
157 174
157 175
157 177
157 178
158 159
158 165
158 167
158 168
158 169
158 170
158 171
158 175
158 177
159 167
159 168
159 169
159 170
159 176
159 178
159 179
165 166
165 167
165 168
165 169
165 170
165 171
165 172
165 173
165 174
165 175
165 176
165 177
165 178
165 179
166 167
166 168
166 169
166 170
166 171
166 172
166 173
166 174
166 175
166 176
166 177
166 178
166 179
167 168
167 169
167 170
167 171
167 172
167 173
167 174
167 175
167 176
167 177
167 178
167 179
168 169
168 170
168 171
168 172
168 173
168 174
168 175
168 176
168 177
168 178
168 179
169 170
169 171
169 172
169 173
169 174
169 175
169 176
169 177
169 178
169 179
170 171
170 172
170 173
170 174
170 175
170 176
170 177
170 178
170 179
171 172
171 173
171 174
171 175
171 176
171 177
171 178
171 179
172 173
172 174
172 175
172 176
172 177
172 178
172 179
173 174
173 175
173 176
173 177
173 178
173 179
174 175
174 176
174 177
174 178
174 179
175 176
175 177
175 178
175 179
176 177
176 178
176 179
177 178
177 179
178 179
