# 3995 edges
0 1
0 2
0 3
0 4
0 5
0 6
0 7
0 8
0 9
0 10
0 11
0 12
0 13
0 14
0 52
0 62
0 68
0 76
0 83
0 96
0 107
0 123
0 126
0 132
0 146
0 151
0 155
0 172
0 173
0 181
0 184
0 189
0 190
0 196
0 197
0 222
1 2
1 3
1 4
1 5
1 6
1 7
1 8
1 9
1 10
1 11
1 12
1 13
1 14
1 23
1 35
1 60
1 67
1 75
1 91
1 107
1 167
1 187
1 191
1 194
1 201
1 205
1 214
1 224
2 3
2 4
2 5
2 6
2 7
2 8
2 9
2 10
2 11
2 12
2 13
2 14
2 61
2 62
2 79
2 83
2 86
2 92
2 96
2 100
2 109
2 114
2 117
2 135
2 139
2 145
2 151
2 160
2 171
2 176
2 190
2 201
2 205
2 212
3 4
3 5
3 6
3 7
3 8
3 9
3 10
3 11
3 12
3 13
3 14
3 39
3 45
3 72
3 75
3 92
3 95
3 97
3 105
3 126
3 131
3 146
3 164
3 166
3 170
3 183
3 189
3 193
3 197
3 202
3 204
3 207
3 209
3 212
4 5
4 6
4 7
4 8
4 9
4 10
4 11
4 12
4 13
4 14
4 34
4 63
4 94
4 101
4 121
4 138
4 161
4 164
4 175
4 183
4 191
5 6
5 7
5 8
5 9
5 10
5 11
5 12
5 13
5 14
5 18
5 26
5 42
5 45
5 46
5 56
5 64
5 66
5 68
5 69
5 102
5 116
5 121
5 129
5 157
5 166
5 189
5 194
5 203
5 221
6 7
6 8
6 9
6 10
6 11
6 12
6 13
6 14
6 17
6 24
6 43
6 47
6 55
6 56
6 72
6 87
6 107
6 112
6 114
6 117
6 119
6 125
6 154
6 187
6 191
6 214
6 217
6 224
7 8
7 9
7 10
7 11
7 12
7 13
7 14
7 33
7 50
7 59
7 64
7 70
7 84
7 90
7 96
7 100
7 108
7 136
7 157
7 164
7 175
7 188
7 196
8 9
8 10
8 11
8 12
8 13
8 14
8 16
8 32
8 34
8 39
8 53
8 72
8 78
8 89
8 93
8 97
8 107
8 110
8 112
8 123
8 138
8 158
8 163
8 171
8 173
8 176
8 179
8 181
8 199
8 209
8 212
8 224
9 10
9 11
9 12
9 13
9 14
9 18
9 22
9 28
9 31
9 32
9 36
9 55
9 70
9 74
9 79
9 80
9 81
9 83
9 91
9 92
9 101
9 114
9 116
9 143
9 148
9 149
9 156
9 161
9 171
9 173
9 181
9 187
9 190
9 195
9 223
10 11
10 12
10 13
10 14
10 47
10 51
10 56
10 58
10 70
10 74
10 83
10 89
10 98
10 99
10 104
10 110
10 119
10 129
10 162
10 168
10 198
10 217
11 12
11 13
11 14
11 19
11 21
11 29
11 33
11 42
11 56
11 75
11 77
11 96
11 97
11 102
11 108
11 116
11 121
11 130
11 137
11 148
11 153
11 198
11 219
11 223
12 13
12 14
12 17
12 19
12 24
12 44
12 48
12 52
12 56
12 64
12 69
12 90
12 91
12 112
12 115
12 132
12 137
12 158
12 161
12 162
12 216
12 219
13 14
13 47
13 67
13 75
13 81
13 105
13 106
13 108
13 117
13 131
13 133
13 155
13 160
13 166
13 184
13 194
13 197
13 204
13 209
14 25
14 29
14 32
14 51
14 67
14 72
14 76
14 87
14 103
14 105
14 113
14 117
14 121
14 130
14 151
14 152
14 156
14 158
14 163
14 167
14 179
14 181
14 188
14 192
14 196
14 202
14 213
15 16
15 17
15 18
15 19
15 20
15 21
15 22
15 23
15 24
15 25
15 26
15 27
15 28
15 29
15 37
15 41
15 43
15 55
15 58
15 75
15 89
15 96
15 97
15 100
15 102
15 123
15 136
15 159
15 167
15 183
15 192
15 198
15 209
15 210
15 214
15 221
16 17
16 18
16 19
16 20
16 21
16 22
16 23
16 24
16 25
16 26
16 27
16 28
16 29
16 30
16 31
16 64
16 68
16 78
16 135
16 136
16 140
16 150
16 151
16 152
16 153
16 161
16 168
16 176
16 177
16 183
16 190
16 207
16 221
17 18
17 19
17 20
17 21
17 22
17 23
17 24
17 25
17 26
17 27
17 28
17 29
17 34
17 36
17 50
17 80
17 118
17 124
17 134
17 174
17 179
17 181
17 198
17 201
17 206
18 19
18 20
18 21
18 22
18 23
18 24
18 25
18 26
18 27
18 28
18 29
18 43
18 48
18 63
18 71
18 87
18 95
18 119
18 128
18 133
18 137
18 168
18 183
18 187
18 190
18 193
18 197
18 206
19 20
19 21
19 22
19 23
19 24
19 25
19 26
19 27
19 28
19 29
19 42
19 55
19 59
19 60
19 63
19 91
19 93
19 94
19 108
19 109
19 124
19 125
19 126
19 130
19 138
19 152
19 154
19 164
19 182
19 189
19 197
20 21
20 22
20 23
20 24
20 25
20 26
20 27
20 28
20 29
20 31
20 32
20 38
20 42
20 48
20 52
20 56
20 93
20 103
20 122
20 130
20 140
20 149
20 170
20 174
20 176
20 178
20 205
20 212
20 220
21 22
21 23
21 24
21 25
21 26
21 27
21 28
21 29
21 31
21 38
21 58
21 62
21 72
21 108
21 118
21 119
21 156
21 157
21 159
21 163
21 166
21 172
21 179
21 184
21 186
21 188
21 192
21 197
21 200
21 205
21 215
21 221
22 23
22 24
22 25
22 26
22 27
22 28
22 29
22 39
22 43
22 52
22 62
22 81
22 82
22 84
22 91
22 98
22 105
22 112
22 131
22 138
22 144
22 146
22 147
22 149
22 151
22 165
22 174
22 212
22 215
22 216
23 24
23 25
23 26
23 27
23 28
23 29
23 59
23 76
23 80
23 86
23 90
23 100
23 105
23 125
23 134
23 136
23 141
23 158
23 189
23 197
23 213
24 25
24 26
24 27
24 28
24 29
24 30
24 48
24 50
24 51
24 56
24 87
24 114
24 115
24 116
24 117
24 121
24 132
24 137
24 139
24 144
24 180
24 222
25 26
25 27
25 28
25 29
25 44
25 50
25 51
25 56
25 81
25 91
25 100
25 101
25 107
25 110
25 121
25 125
25 127
25 130
25 146
25 152
25 154
25 162
25 178
25 185
25 188
25 192
26 27
26 28
26 29
26 33
26 47
26 67
26 70
26 73
26 80
26 83
26 89
26 90
26 97
26 123
26 135
26 144
26 149
26 150
26 151
26 166
26 168
26 174
26 179
26 181
26 197
26 223
27 28
27 29
27 46
27 55
27 64
27 84
27 97
27 109
27 111
27 113
27 137
27 154
27 175
27 177
27 181
27 191
27 195
27 222
27 223
28 29
28 44
28 61
28 87
28 94
28 127
28 134
28 138
28 164
28 167
28 172
28 173
28 216
28 217
28 223
28 224
29 32
29 45
29 47
29 48
29 57
29 73
29 78
29 82
29 89
29 108
29 116
29 146
29 179
29 186
29 187
29 212
29 216
29 218
32 33
32 34
32 35
32 36
32 37
32 38
32 39
32 40
32 41
32 42
32 43
32 44
32 30
32 31
32 45
32 56
32 72
32 86
32 96
32 99
32 104
32 128
32 140
32 145
32 148
32 149
32 151
32 168
32 175
32 194
32 201
32 207
33 34
33 35
33 36
33 37
33 38
33 39
33 40
33 41
33 42
33 43
33 44
33 30
33 31
33 70
33 72
33 77
33 80
33 84
33 88
33 106
33 110
33 121
33 146
33 151
33 165
33 169
33 184
33 193
33 196
33 199
33 219
34 35
34 36
34 37
34 38
34 39
34 40
34 41
34 42
34 43
34 44
34 30
34 31
34 49
34 85
34 93
34 96
34 110
34 114
34 115
34 121
34 188
34 192
34 193
34 213
34 214
35 36
35 37
35 38
35 39
35 40
35 41
35 42
35 43
35 44
35 30
35 31
35 53
35 55
35 64
35 71
35 89
35 92
35 100
35 119
35 133
35 143
35 180
36 37
36 38
36 39
36 40
36 41
36 42
36 43
36 44
36 30
36 31
36 77
36 89
36 90
36 157
36 173
36 175
36 177
36 184
36 185
36 187
36 192
36 193
36 198
36 210
37 38
37 39
37 40
37 41
37 42
37 43
37 44
37 30
37 31
37 47
37 49
37 51
37 74
37 89
37 102
37 140
37 160
37 167
37 188
37 209
37 218
37 219
38 39
38 40
38 41
38 42
38 43
38 44
38 30
38 31
38 48
38 86
38 94
38 100
38 138
38 153
38 166
38 170
38 182
38 195
38 203
38 207
38 209
38 213
39 40
39 41
39 42
39 43
39 44
39 30
39 31
39 52
39 68
39 83
39 87
39 93
39 96
39 115
39 118
39 125
39 129
39 135
39 137
39 142
39 144
39 145
39 163
39 167
39 173
39 174
39 177
39 178
39 183
39 192
39 195
39 213
39 214
39 220
39 221
39 222
40 41
40 42
40 43
40 44
40 30
40 31
40 59
40 67
40 70
40 88
40 110
40 118
40 120
40 140
40 144
40 155
40 156
40 167
40 187
40 198
40 199
40 200
40 201
40 205
40 211
40 221
41 42
41 43
41 44
41 30
41 31
41 72
41 86
41 91
41 97
41 102
41 107
41 122
41 128
41 132
41 135
41 142
41 143
41 148
41 151
41 152
41 176
41 180
41 191
41 194
41 214
42 43
42 44
42 30
42 31
42 54
42 56
42 88
42 100
42 101
42 118
42 133
42 147
42 148
42 153
42 161
42 194
42 200
42 215
42 221
42 224
43 44
43 30
43 31
43 57
43 73
43 97
43 103
43 109
43 125
43 128
43 130
43 131
43 133
43 140
43 143
43 145
43 147
43 154
43 165
43 175
43 179
43 184
43 188
43 205
43 209
43 215
43 219
43 221
43 223
44 30
44 31
44 46
44 50
44 61
44 68
44 72
44 77
44 85
44 87
44 100
44 120
44 124
44 147
44 148
44 150
44 151
44 158
44 168
44 177
44 178
44 184
44 193
44 198
44 204
44 217
44 224
30 31
30 66
30 69
30 92
30 96
30 98
30 113
30 117
30 122
30 129
30 136
30 145
30 154
30 155
30 157
30 163
30 166
30 174
30 178
30 182
30 188
30 213
30 217
30 220
31 55
31 57
31 66
31 75
31 76
31 77
31 79
31 80
31 93
31 95
31 106
31 110
31 129
31 137
31 155
31 158
31 165
31 167
31 173
31 177
31 183
31 184
31 186
31 193
31 214
31 223
45 46
45 47
45 48
45 49
45 50
45 51
45 52
45 53
45 54
45 55
45 56
45 57
45 58
45 59
45 62
45 82
45 92
45 94
45 106
45 124
45 146
45 159
45 169
45 173
45 181
45 184
45 187
45 204
45 208
45 213
45 221
46 47
46 48
46 49
46 50
46 51
46 52
46 53
46 54
46 55
46 56
46 57
46 58
46 59
46 68
46 82
46 88
46 89
46 100
46 108
46 115
46 117
46 155
46 167
46 180
46 198
46 201
46 214
46 222
47 48
47 49
47 50
47 51
47 52
47 53
47 54
47 55
47 56
47 57
47 58
47 59
47 75
47 76
47 78
47 85
47 90
47 93
47 99
47 100
47 105
47 114
47 120
47 121
47 138
47 147
47 148
47 171
47 176
47 182
47 214
47 217
47 220
48 49
48 50
48 51
48 52
48 53
48 54
48 55
48 56
48 57
48 58
48 59
48 80
48 93
48 106
48 113
48 126
48 134
48 135
48 161
48 169
48 174
48 175
48 200
48 205
48 210
48 224
49 50
49 51
49 52
49 53
49 54
49 55
49 56
49 57
49 58
49 59
49 68
49 79
49 81
49 106
49 114
49 129
49 148
49 149
49 165
49 170
49 180
49 186
49 188
49 200
49 210
49 215
50 51
50 52
50 53
50 54
50 55
50 56
50 57
50 58
50 59
50 60
50 67
50 85
50 88
50 89
50 92
50 98
50 110
50 114
50 123
50 128
50 131
50 144
50 152
50 168
50 175
50 182
50 187
50 189
50 197
50 202
50 214
50 215
50 220
51 52
51 53
51 54
51 55
51 56
51 57
51 58
51 59
51 72
51 92
51 98
51 100
51 103
51 106
51 112
51 118
51 119
51 121
51 143
51 148
51 153
51 168
51 169
51 180
51 212
51 224
52 53
52 54
52 55
52 56
52 57
52 58
52 59
52 83
52 91
52 100
52 106
52 135
52 148
52 153
52 187
52 189
52 199
52 202
52 203
52 211
52 218
52 222
53 54
53 55
53 56
53 57
53 58
53 59
53 63
53 65
53 74
53 86
53 93
53 121
53 127
53 136
53 155
53 158
53 173
53 194
53 202
53 215
54 55
54 56
54 57
54 58
54 59
54 68
54 84
54 88
54 100
54 110
54 115
54 121
54 124
54 133
54 143
54 151
54 157
54 159
54 161
54 164
54 167
54 208
54 211
54 214
54 220
55 56
55 57
55 58
55 59
55 80
55 90
55 105
55 115
55 142
55 144
55 162
55 172
55 173
55 179
55 181
55 184
55 191
55 224
56 57
56 58
56 59
56 63
56 99
56 106
56 108
56 109
56 119
56 129
56 162
56 182
56 196
56 201
56 202
57 58
57 59
57 74
57 80
57 104
57 113
57 122
57 136
57 140
57 141
57 143
57 146
57 159
57 160
57 166
57 173
57 179
57 181
57 188
57 192
57 198
57 202
57 203
57 208
57 211
57 220
57 224
58 59
58 60
58 62
58 73
58 85
58 96
58 125
58 131
58 134
58 139
58 148
58 158
58 185
58 195
58 202
58 204
58 220
59 68
59 74
59 94
59 111
59 118
59 119
59 124
59 134
59 137
59 147
59 191
59 196
59 207
64 65
64 66
64 67
64 68
64 69
64 70
64 71
64 72
64 73
64 74
64 60
64 61
64 62
64 63
64 95
64 99
64 104
64 153
64 160
64 164
64 167
64 168
64 179
64 189
64 199
64 203
64 211
65 66
65 67
65 68
65 69
65 70
65 71
65 72
65 73
65 74
65 60
65 61
65 62
65 63
65 86
65 89
65 101
65 116
65 117
65 135
65 136
65 149
65 163
65 167
65 172
65 185
65 187
65 194
65 198
65 209
66 67
66 68
66 69
66 70
66 71
66 72
66 73
66 74
66 60
66 61
66 62
66 63
66 83
66 84
66 90
66 93
66 103
66 108
66 112
66 117
66 122
66 125
66 129
66 144
66 148
66 160
66 164
66 186
66 195
66 203
66 204
66 208
67 68
67 69
67 70
67 71
67 72
67 73
67 74
67 60
67 61
67 62
67 63
67 84
67 94
67 100
67 108
67 110
67 120
67 146
67 147
67 191
67 192
67 196
67 205
67 215
67 222
68 69
68 70
68 71
68 72
68 73
68 74
68 60
68 61
68 62
68 63
68 77
68 90
68 98
68 111
68 116
68 118
68 142
68 154
68 183
68 185
68 187
68 191
68 217
69 70
69 71
69 72
69 73
69 74
69 60
69 61
69 62
69 63
69 89
69 99
69 105
69 115
69 118
69 139
69 142
69 147
69 152
69 169
69 170
69 195
69 219
70 71
70 72
70 73
70 74
70 60
70 61
70 62
70 63
70 83
70 87
70 96
70 102
70 106
70 107
70 137
70 143
70 149
70 173
70 177
70 178
70 184
70 188
71 72
71 73
71 74
71 60
71 61
71 62
71 63
71 96
71 99
71 109
71 111
71 112
71 119
71 124
71 125
71 150
71 153
71 154
71 186
71 188
71 206
71 213
71 214
72 73
72 74
72 60
72 61
72 62
72 63
72 84
72 86
72 116
72 118
72 151
72 159
72 171
72 182
72 207
72 209
72 216
72 220
72 221
73 74
73 60
73 61
73 62
73 63
73 105
73 113
73 120
73 143
73 157
73 168
73 169
73 184
73 187
73 188
73 202
74 60
74 61
74 62
74 63
74 87
74 89
74 90
74 94
74 95
74 110
74 119
74 136
74 138
74 146
74 152
74 183
74 205
74 210
74 220
60 61
60 62
60 63
60 76
60 77
60 89
60 113
60 128
60 135
60 141
60 148
60 160
60 162
60 177
60 189
60 211
60 214
60 218
61 62
61 63
61 111
61 125
61 143
61 147
61 151
61 164
61 187
61 210
61 216
62 63
62 77
62 83
62 89
62 103
62 108
62 115
62 121
62 158
62 179
62 184
62 186
62 191
62 197
62 219
63 80
63 83
63 85
63 87
63 94
63 117
63 127
63 132
63 139
63 156
63 175
63 178
63 184
63 191
63 192
63 217
63 219
63 224
75 76
75 77
75 78
75 79
75 80
75 81
75 82
75 83
75 84
75 85
75 86
75 87
75 88
75 89
75 109
75 123
75 134
75 142
75 150
75 183
75 199
75 201
75 203
75 205
75 208
75 211
76 77
76 78
76 79
76 80
76 81
76 82
76 83
76 84
76 85
76 86
76 87
76 88
76 89
76 130
76 135
76 153
76 169
76 184
76 206
76 207
76 210
76 220
77 78
77 79
77 80
77 81
77 82
77 83
77 84
77 85
77 86
77 87
77 88
77 89
77 103
77 114
77 122
77 129
77 130
77 132
77 137
77 159
77 164
77 169
77 183
77 204
77 215
77 222
77 223
78 79
78 80
78 81
78 82
78 83
78 84
78 85
78 86
78 87
78 88
78 89
78 104
78 113
78 114
78 123
78 124
78 132
78 138
78 155
78 183
78 184
78 219
79 80
79 81
79 82
79 83
79 84
79 85
79 86
79 87
79 88
79 89
79 100
79 105
79 112
79 141
79 152
79 177
79 197
79 199
79 203
79 212
80 81
80 82
80 83
80 84
80 85
80 86
80 87
80 88
80 89
80 91
80 95
80 99
80 117
80 119
80 123
80 130
80 134
80 138
80 140
80 142
80 150
80 173
80 180
80 184
80 189
80 208
81 82
81 83
81 84
81 85
81 86
81 87
81 88
81 89
81 92
81 93
81 109
81 120
81 124
81 138
81 161
81 165
81 167
81 173
81 174
81 175
81 177
81 181
81 183
81 188
81 191
81 201
81 213
81 220
81 221
82 83
82 84
82 85
82 86
82 87
82 88
82 89
82 90
82 102
82 131
82 143
82 148
82 151
82 153
82 155
82 159
82 163
82 165
82 191
82 199
82 204
82 215
82 224
83 84
83 85
83 86
83 87
83 88
83 89
83 94
83 101
83 149
83 156
83 184
83 196
83 206
83 222
84 85
84 86
84 87
84 88
84 89
84 90
84 91
84 109
84 114
84 115
84 123
84 137
84 149
84 164
84 171
84 174
84 187
84 190
84 202
84 214
84 220
84 222
85 86
85 87
85 88
85 89
85 98
85 110
85 137
85 143
85 149
85 154
85 158
85 192
85 193
85 204
85 211
85 218
85 223
86 87
86 88
86 89
86 90
86 93
86 107
86 111
86 121
86 122
86 123
86 128
86 138
86 161
86 171
86 179
86 204
86 210
87 88
87 89
87 94
87 96
87 103
87 106
87 126
87 127
87 128
87 146
87 159
87 162
87 163
87 172
87 176
87 178
87 184
87 197
87 217
87 224
88 89
88 91
88 93
88 94
88 119
88 121
88 138
88 152
88 168
88 187
88 200
88 210
88 221
89 91
89 101
89 117
89 139
89 148
89 150
89 153
89 158
89 168
89 170
89 189
89 195
89 198
89 208
89 216
89 224
96 97
96 98
96 99
96 100
96 101
96 102
96 103
96 104
96 90
96 91
96 92
96 93
96 94
96 95
96 105
96 107
96 111
96 131
96 134
96 136
96 143
96 144
96 145
96 149
96 153
96 167
96 169
96 173
96 176
96 180
96 188
96 189
96 197
96 204
96 210
96 218
97 98
97 99
97 100
97 101
97 102
97 103
97 104
97 90
97 91
97 92
97 93
97 94
97 95
97 111
97 127
97 154
97 174
97 178
97 196
97 206
97 211
97 216
97 219
98 99
98 100
98 101
98 102
98 103
98 104
98 90
98 91
98 92
98 93
98 94
98 95
98 123
98 125
98 127
98 129
98 151
98 154
98 155
98 162
98 171
98 174
98 205
98 213
98 219
98 223
99 100
99 101
99 102
99 103
99 104
99 90
99 91
99 92
99 93
99 94
99 95
99 105
99 106
99 115
99 123
99 129
99 139
99 144
99 167
99 172
99 180
99 189
99 196
99 197
99 198
99 214
99 217
99 219
99 220
100 101
100 102
100 103
100 104
100 90
100 91
100 92
100 93
100 94
100 95
100 108
100 109
100 131
100 155
100 163
100 168
100 173
100 174
100 175
100 188
100 204
100 212
100 215
100 224
101 102
101 103
101 104
101 90
101 91
101 92
101 93
101 94
101 95
101 108
101 109
101 116
101 120
101 121
101 136
101 143
101 170
101 183
101 185
101 186
101 188
101 191
101 219
101 222
101 223
102 103
102 104
102 90
102 91
102 92
102 93
102 94
102 95
102 111
102 117
102 120
102 125
102 127
102 129
102 138
102 157
102 165
102 170
102 183
102 191
102 194
102 198
102 202
102 203
102 224
103 104
103 90
103 91
103 92
103 93
103 94
103 95
103 107
103 123
103 125
103 127
103 128
103 134
103 159
103 175
103 176
103 181
103 184
103 198
103 212
103 224
104 90
104 91
104 92
104 93
104 94
104 95
104 112
104 113
104 123
104 150
104 182
104 189
104 193
104 195
104 199
104 200
104 217
104 219
104 223
90 91
90 92
90 93
90 94
90 95
90 127
90 135
90 156
90 157
90 168
90 174
90 200
90 209
90 217
91 92
91 93
91 94
91 95
91 106
91 118
91 122
91 125
91 129
91 137
91 151
91 153
91 156
91 170
91 178
91 188
91 190
91 195
91 209
91 212
91 219
92 93
92 94
92 95
92 106
92 107
92 109
92 122
92 131
92 140
92 144
92 154
92 164
92 169
92 176
92 180
92 187
92 206
92 211
92 213
92 218
93 94
93 95
93 109
93 114
93 136
93 156
93 158
93 166
93 174
93 188
93 190
93 195
93 197
93 204
93 206
94 95
94 105
94 125
94 133
94 134
94 158
94 159
94 167
94 169
94 179
94 181
94 184
94 186
94 198
94 207
95 120
95 125
95 130
95 137
95 145
95 147
95 148
95 153
95 188
95 205
95 208
95 224
105 106
105 107
105 108
105 109
105 110
105 111
105 112
105 113
105 114
105 115
105 116
105 117
105 118
105 119
105 144
105 152
105 157
105 162
105 169
105 171
105 175
105 179
105 185
105 195
105 216
105 220
105 222
106 107
106 108
106 109
106 110
106 111
106 112
106 113
106 114
106 115
106 116
106 117
106 118
106 119
106 133
106 169
106 181
106 183
106 189
106 210
106 216
107 108
107 109
107 110
107 111
107 112
107 113
107 114
107 115
107 116
107 117
107 118
107 119
107 121
107 126
107 131
107 151
107 167
107 169
107 179
107 209
107 213
107 215
107 217
108 109
108 110
108 111
108 112
108 113
108 114
108 115
108 116
108 117
108 118
108 119
108 134
108 157
108 160
108 185
108 192
108 197
108 199
108 200
108 205
108 213
108 214
108 220
108 221
109 110
109 111
109 112
109 113
109 114
109 115
109 116
109 117
109 118
109 119
109 122
109 130
109 134
109 188
109 191
109 202
109 214
109 222
110 111
110 112
110 113
110 114
110 115
110 116
110 117
110 118
110 119
110 121
110 133
110 135
110 145
110 148
110 153
110 154
110 155
110 185
110 199
110 200
110 206
110 209
111 112
111 113
111 114
111 115
111 116
111 117
111 118
111 119
111 132
111 142
111 144
111 153
111 163
111 205
111 212
111 215
111 216
112 113
112 114
112 115
112 116
112 117
112 118
112 119
112 127
112 132
112 133
112 135
112 137
112 142
112 157
112 160
112 164
112 174
112 178
112 184
112 185
112 218
112 220
113 114
113 115
113 116
113 117
113 118
113 119
113 120
113 124
113 128
113 135
113 140
113 166
113 173
113 192
113 199
113 215
113 217
114 115
114 116
114 117
114 118
114 119
114 130
114 137
114 147
114 148
114 150
114 152
114 156
114 159
114 179
114 191
114 192
114 195
114 209
114 213
114 218
114 221
115 116
115 117
115 118
115 119
115 121
115 130
115 143
115 147
115 150
115 152
115 155
115 158
115 167
115 179
115 180
115 184
115 186
115 216
115 217
116 117
116 118
116 119
116 121
116 136
116 157
116 179
116 182
116 192
116 197
116 215
117 118
117 119
117 120
117 142
117 143
117 154
117 158
117 162
117 198
117 201
117 204
117 211
117 215
117 218
117 223
118 119
118 129
118 136
118 145
118 159
118 168
118 169
118 174
118 182
118 184
118 189
118 192
118 214
119 122
119 136
119 152
119 156
119 159
119 169
119 198
119 206
119 212
119 219
128 129
128 130
128 131
128 132
128 133
128 134
128 120
128 121
128 122
128 123
128 124
128 125
128 126
128 127
128 152
128 154
128 158
128 166
128 171
128 179
128 192
128 194
128 204
129 130
129 131
129 132
129 133
129 134
129 120
129 121
129 122
129 123
129 124
129 125
129 126
129 127
129 157
129 163
129 164
129 172
129 185
129 204
129 211
129 214
129 215
129 218
130 131
130 132
130 133
130 134
130 120
130 121
130 122
130 123
130 124
130 125
130 126
130 127
130 141
130 152
130 155
130 161
130 170
130 180
130 201
130 204
130 209
130 211
130 217
131 132
131 133
131 134
131 120
131 121
131 122
131 123
131 124
131 125
131 126
131 127
131 151
131 159
131 169
131 171
131 180
131 182
131 188
131 207
131 224
132 133
132 134
132 120
132 121
132 122
132 123
132 124
132 125
132 126
132 127
132 139
132 142
132 155
132 171
132 175
132 176
132 178
132 185
132 195
132 198
132 211
132 221
132 224
133 134
133 120
133 121
133 122
133 123
133 124
133 125
133 126
133 127
133 161
133 169
133 173
133 174
133 175
133 194
133 206
133 210
133 219
134 120
134 121
134 122
134 123
134 124
134 125
134 126
134 127
134 141
134 150
134 164
134 178
134 210
134 218
134 219
120 121
120 122
120 123
120 124
120 125
120 126
120 127
120 136
120 152
120 156
120 157
120 160
120 173
120 191
120 200
120 216
120 224
121 122
121 123
121 124
121 125
121 126
121 127
121 137
121 140
121 141
121 148
121 151
121 160
121 173
121 199
121 213
121 218
121 223
122 123
122 124
122 125
122 126
122 127
122 160
122 172
122 173
122 179
122 195
122 219
122 224
123 124
123 125
123 126
123 127
123 140
123 142
123 149
123 150
123 168
123 172
123 173
123 178
123 181
123 183
123 189
123 201
123 205
124 125
124 126
124 127
124 138
124 140
124 142
124 148
124 158
124 161
124 170
124 175
124 176
124 184
124 191
124 193
125 126
125 127
125 140
125 141
125 144
125 152
125 157
125 170
125 188
125 210
125 217
126 127
126 137
126 143
126 146
126 154
126 156
126 174
126 175
126 204
127 135
127 140
127 161
127 164
127 173
127 182
127 192
127 194
135 136
135 137
135 138
135 139
135 140
135 141
135 142
135 143
135 144
135 145
135 146
135 147
135 148
135 149
135 172
135 198
135 212
135 214
135 216
135 224
136 137
136 138
136 139
136 140
136 141
136 142
136 143
136 144
136 145
136 146
136 147
136 148
136 149
136 187
136 202
136 218
136 222
136 224
137 138
137 139
137 140
137 141
137 142
137 143
137 144
137 145
137 146
137 147
137 148
137 149
137 160
137 173
137 185
137 186
137 203
137 205
137 215
137 224
138 139
138 140
138 141
138 142
138 143
138 144
138 145
138 146
138 147
138 148
138 149
138 170
138 173
138 183
138 206
138 208
138 214
139 140
139 141
139 142
139 143
139 144
139 145
139 146
139 147
139 148
139 149
139 152
139 161
139 166
139 183
139 190
139 202
139 206
139 217
139 219
140 141
140 142
140 143
140 144
140 145
140 146
140 147
140 148
140 149
140 153
140 156
140 160
140 166
140 168
140 174
140 189
140 200
140 207
140 212
140 221
141 142
141 143
141 144
141 145
141 146
141 147
141 148
141 149
141 150
141 157
141 177
141 200
141 201
141 220
141 221
141 224
142 143
142 144
142 145
142 146
142 147
142 148
142 149
142 157
142 161
142 188
142 212
142 222
143 144
143 145
143 146
143 147
143 148
143 149
143 150
143 157
143 158
143 163
143 169
143 172
143 177
143 178
143 201
143 203
143 223
144 145
144 146
144 147
144 148
144 149
144 161
144 163
144 166
144 168
144 169
144 200
144 208
144 222
145 146
145 147
145 148
145 149
145 153
145 193
145 208
146 147
146 148
146 149
146 153
146 165
146 170
146 181
146 214
146 224
147 148
147 149
147 152
147 160
147 162
147 166
147 182
147 213
148 149
148 160
148 167
148 174
148 190
148 197
148 204
149 164
149 186
149 216
160 161
160 162
160 163
160 164
160 150
160 151
160 152
160 153
160 154
160 155
160 156
160 157
160 158
160 159
160 167
160 175
160 183
160 205
161 162
161 163
161 164
161 150
161 151
161 152
161 153
161 154
161 155
161 156
161 157
161 158
161 159
161 167
161 174
161 175
161 178
161 188
161 195
161 197
161 203
161 216
161 218
162 163
162 164
162 150
162 151
162 152
162 153
162 154
162 155
162 156
162 157
162 158
162 159
162 165
162 181
162 194
162 196
162 197
162 204
162 223
163 164
163 150
163 151
163 152
163 153
163 154
163 155
163 156
163 157
163 158
163 159
163 169
163 180
163 190
163 194
163 198
163 206
163 211
163 215
164 150
164 151
164 152
164 153
164 154
164 155
164 156
164 157
164 158
164 159
164 167
164 174
164 179
164 188
164 191
164 216
164 222
164 223
150 151
150 152
150 153
150 154
150 155
150 156
150 157
150 158
150 159
150 176
150 197
150 198
150 199
150 208
150 216
150 217
150 219
150 221
150 224
151 152
151 153
151 154
151 155
151 156
151 157
151 158
151 159
151 196
151 202
152 153
152 154
152 155
152 156
152 157
152 158
152 159
152 167
152 169
152 176
152 213
153 154
153 155
153 156
153 157
153 158
153 159
153 166
153 175
153 180
153 191
153 193
153 199
153 209
154 155
154 156
154 157
154 158
154 159
154 165
154 166
154 168
154 179
154 180
154 207
155 156
155 157
155 158
155 159
155 184
155 195
155 204
155 210
155 217
156 157
156 158
156 159
156 171
156 193
156 205
156 214
156 219
157 158
157 159
157 166
157 185
157 187
157 191
157 194
158 159
158 173
158 174
158 176
158 180
158 196
159 177
159 182
159 193
159 201
159 207
159 218
159 221
165 166
165 167
165 168
165 169
165 170
165 171
165 172
165 173
165 174
165 175
165 176
165 177
165 178
165 179
165 194
165 200
165 204
165 224
166 167
166 168
166 169
166 170
166 171
166 172
166 173
166 174
166 175
166 176
166 177
166 178
166 179
166 223
167 168
167 169
167 170
167 171
167 172
167 173
167 174
167 175
167 176
167 177
167 178
167 179
167 180
167 186
167 189
167 203
167 207
168 169
168 170
168 171
168 172
168 173
168 174
168 175
168 176
168 177
168 178
168 179
168 190
168 215
168 219
168 220
168 222
169 170
169 171
169 172
169 173
169 174
169 175
169 176
169 177
169 178
169 179
169 191
169 197
169 214
169 219
169 220
170 171
170 172
170 173
170 174
170 175
170 176
170 177
170 178
170 179
170 188
170 207
170 213
171 172
171 173
171 174
171 175
171 176
171 177
171 178
171 179
171 183
171 186
171 201
171 214
172 173
172 174
172 175
172 176
172 177
172 178
172 179
172 185
172 196
172 198
172 199
172 210
172 213
172 219
172 223
173 174
173 175
173 176
173 177
173 178
173 179
173 189
173 208
174 175
174 176
174 177
174 178
174 179
174 181
174 182
174 185
174 196
174 205
174 207
174 213
174 214
175 176
175 177
175 178
175 179
175 192
175 217
175 223
176 177
176 178
176 179
176 204
176 221
177 178
177 179
177 211
177 212
178 179
178 191
178 195
178 213
178 222
179 202
179 203
192 193
192 194
192 180
192 181
192 182
192 183
192 184
192 185
192 186
192 187
192 188
192 189
192 190
192 191
192 198
192 211
192 213
193 194
193 180
193 181
193 182
193 183
193 184
193 185
193 186
193 187
193 188
193 189
193 190
193 191
193 212
194 180
194 181
194 182
194 183
194 184
194 185
194 186
194 187
194 188
194 189
194 190
194 191
194 198
194 201
194 203
180 181
180 182
180 183
180 184
180 185
180 186
180 187
180 188
180 189
180 190
180 191
180 205
180 208
181 182
181 183
181 184
181 185
181 186
181 187
181 188
181 189
181 190
181 191
181 216
181 220
181 222
182 183
182 184
182 185
182 186
182 187
182 188
182 189
182 190
182 191
182 196
182 211
182 219
183 184
183 185
183 186
183 187
183 188
183 189
183 190
183 191
183 203
183 213
183 219
183 222
184 185
184 186
184 187
184 188
184 189
184 190
184 191
184 200
184 202
184 203
184 211
184 220
184 224
185 186
185 187
185 188
185 189
185 190
185 191
185 217
185 218
186 187
186 188
186 189
186 190
186 191
186 204
186 224
187 188
187 189
187 190
187 191
187 218
188 189
188 190
188 191
188 207
188 214
188 215
188 222
189 190
189 191
189 199
189 220
189 224
190 191
190 212
190 213
190 217
191 207
191 211
191 215
191 217
195 196
195 197
195 198
195 199
195 200
195 201
195 202
195 203
195 204
195 205
195 206
195 207
195 208
195 209
195 211
195 217
196 197
196 198
196 199
196 200
196 201
196 202
196 203
196 204
196 205
196 206
196 207
196 208
196 209
196 218
196 220
197 198
197 199
197 200
197 201
197 202
197 203
197 204
197 205
197 206
197 207
197 208
197 209
197 219
197 222
198 199
198 200
198 201
198 202
198 203
198 204
198 205
198 206
198 207
198 208
198 209
198 221
199 200
199 201
199 202
199 203
199 204
199 205
199 206
199 207
199 208
199 209
199 215
200 201
200 202
200 203
200 204
200 205
200 206
200 207
200 208
200 209
201 202
201 203
201 204
201 205
201 206
201 207
201 208
201 209
201 212
201 217
202 203
202 204
202 205
202 206
202 207
202 208
202 209
202 212
202 220
202 223
203 204
203 205
203 206
203 207
203 208
203 209
203 210
203 224
204 205
204 206
204 207
204 208
204 209
204 211
204 222
205 206
205 207
205 208
205 209
205 211
205 212
206 207
206 208
206 209
206 216
207 208
207 209
207 211
207 214
208 209
208 221
209 218
210 224
210 211
210 212
210 213
210 214
210 215
210 216
210 217
210 218
210 219
210 220
210 221
210 222
210 223
224 211
224 212
224 213
224 214
224 215
224 216
224 217
224 218
224 219
224 220
224 221
224 222
224 223
211 212
211 213
211 214
211 215
211 216
211 217
211 218
211 219
211 220
211 221
211 222
211 223
212 213
212 214
212 215
212 216
212 217
212 218
212 219
212 220
212 221
212 222
212 223
213 214
213 215
213 216
213 217
213 218
213 219
213 220
213 221
213 222
213 223
214 215
214 216
214 217
214 218
214 219
214 220
214 221
214 222
214 223
215 216
215 217
215 218
215 219
215 220
215 221
215 222
215 223
216 217
216 218
216 219
216 220
216 221
216 222
216 223
217 218
217 219
217 220
217 221
217 222
217 223
218 219
218 220
218 221
218 222
218 223
219 220
219 221
219 222
219 223
220 221
220 222
220 223
221 222
221 223
222 223
