# 685 edges
0 1
0 2
0 3
0 4
0 14
0 16
0 18
0 40
0 42
0 44
0 52
0 53
0 54
0 57
0 58
0 60
0 61
0 62
0 66
0 73
1 2
1 3
1 4
1 7
1 13
1 14
1 16
1 24
1 27
1 37
1 43
1 45
1 46
1 52
1 53
1 60
1 61
1 63
1 66
1 69
1 71
2 3
2 4
2 5
2 11
2 21
2 22
2 23
2 31
2 34
2 39
2 40
2 46
2 47
2 49
2 55
2 68
2 72
3 4
3 11
3 12
3 13
3 25
3 26
3 32
3 41
3 43
3 45
3 50
3 54
3 57
3 58
3 60
3 61
3 65
4 11
4 18
4 19
4 23
4 27
4 44
4 52
4 63
5 6
5 7
5 8
5 9
5 12
5 19
5 21
5 22
5 23
5 25
5 34
5 42
5 44
5 46
5 47
5 48
5 49
5 55
5 56
5 58
5 60
5 63
5 69
5 71
5 72
6 7
6 8
6 9
6 13
6 14
6 30
6 34
6 47
6 55
6 61
6 62
6 63
6 71
7 8
7 9
7 13
7 14
7 18
7 21
7 27
7 31
7 35
7 39
7 44
7 47
7 49
7 51
7 52
7 59
7 70
7 74
8 9
8 12
8 15
8 21
8 28
8 29
8 30
8 39
8 41
8 46
8 50
8 56
8 60
8 64
8 67
8 71
9 10
9 13
9 17
9 39
9 50
9 54
9 60
10 11
10 12
10 13
10 14
10 17
10 19
10 22
10 24
10 27
10 28
10 30
10 47
10 50
10 52
10 54
10 60
11 12
11 13
11 14
11 21
11 24
11 26
11 41
11 45
11 59
11 61
11 62
11 65
11 67
11 71
11 73
12 13
12 14
12 18
12 24
12 28
12 32
12 37
12 39
12 42
12 44
12 47
13 14
13 19
13 21
13 48
13 53
13 59
13 60
14 19
14 26
14 29
14 36
14 37
14 45
14 46
14 47
14 52
14 56
14 63
14 69
14 70
15 16
15 17
15 18
15 19
15 30
15 31
15 34
15 45
15 53
15 55
15 61
15 69
16 17
16 18
16 19
16 24
16 26
16 31
16 38
16 43
16 51
16 67
16 70
16 71
16 74
17 18
17 19
17 26
17 34
17 36
17 38
17 39
17 41
17 47
17 52
17 71
17 72
18 19
18 26
18 30
18 31
18 34
18 36
18 44
18 49
18 72
19 20
19 25
19 26
19 31
19 49
19 54
19 63
19 74
20 21
20 22
20 23
20 24
20 31
20 37
20 42
20 44
20 46
20 61
20 63
20 65
20 67
21 22
21 23
21 24
21 25
21 26
21 27
21 28
21 30
21 34
21 39
21 42
21 44
21 45
21 54
21 57
21 60
21 67
21 70
21 73
22 23
22 24
22 26
22 27
22 32
22 33
22 34
22 37
22 39
22 45
22 65
22 67
22 70
22 71
22 74
23 24
23 34
23 41
23 48
23 53
23 56
23 57
23 61
23 74
24 34
24 37
24 38
24 42
24 44
24 47
24 52
24 58
24 59
24 60
24 61
24 63
24 74
25 26
25 27
25 28
25 29
25 31
25 35
25 44
25 49
25 54
25 55
25 69
25 74
26 27
26 28
26 29
26 30
26 36
26 40
26 44
26 48
26 58
26 70
27 28
27 29
27 31
27 34
27 47
27 49
27 52
27 54
27 56
27 59
27 63
27 66
27 70
28 29
28 38
28 42
28 46
28 49
28 58
28 69
29 31
29 45
29 47
29 49
29 50
29 54
29 57
29 60
29 68
29 71
32 33
32 34
32 30
32 31
32 35
32 44
32 53
32 58
32 62
32 65
32 66
32 68
32 71
32 74
33 34
33 30
33 31
33 36
33 46
33 49
33 54
33 57
33 64
33 67
33 69
33 71
34 30
34 31
34 39
34 43
34 47
34 53
34 55
34 56
34 57
34 61
34 63
34 74
30 31
30 42
30 47
30 53
30 58
30 64
30 66
30 68
30 72
31 36
31 42
31 45
31 47
31 52
31 58
31 64
31 73
35 36
35 37
35 38
35 39
35 43
35 45
35 56
35 60
35 64
35 69
35 70
35 71
35 73
35 74
36 37
36 38
36 39
36 44
36 46
36 47
36 56
36 69
36 71
37 38
37 39
37 44
37 48
37 57
37 58
37 62
37 63
37 65
37 68
37 69
37 72
37 73
38 39
38 40
38 41
38 46
38 56
38 58
38 60
38 64
38 66
38 72
38 73
39 40
39 45
39 54
39 58
39 61
39 65
39 66
39 68
39 71
39 73
40 41
40 42
40 43
40 44
40 58
40 66
41 42
41 43
41 44
41 47
41 51
41 56
41 58
41 69
41 70
41 74
42 43
42 44
42 46
42 48
42 53
42 59
42 66
42 68
42 69
42 74
43 44
43 46
43 50
43 54
43 55
43 57
43 59
43 60
43 69
44 56
44 61
44 62
44 66
44 68
44 72
45 46
45 47
45 48
45 49
45 52
45 53
45 66
45 68
46 47
46 48
46 49
46 56
46 58
46 59
46 62
46 70
46 72
47 48
47 49
47 52
47 53
47 64
47 66
47 74
48 49
48 53
48 62
49 50
49 51
49 58
49 66
49 70
49 72
50 51
50 52
50 53
50 54
50 56
50 66
50 71
50 72
51 52
51 53
51 54
51 55
51 57
51 63
51 71
52 53
52 54
52 56
52 59
52 65
52 66
52 72
53 54
53 63
53 66
53 68
54 63
54 71
55 56
55 57
55 58
55 59
55 63
55 64
55 65
55 72
56 57
56 58
56 59
56 60
56 63
57 58
57 59
57 69
57 72
57 73
58 59
58 61
58 62
58 64
58 65
58 69
58 74
59 63
59 72
59 74
60 64
60 61
60 62
60 63
60 68
60 72
64 61
64 62
64 63
64 70
64 71
61 62
61 63
61 66
61 74
62 63
62 65
62 69
62 74
63 73
65 66
65 67
65 68
65 69
66 67
66 68
66 69
67 68
67 69
67 71
68 69
68 72
69 70
69 73
70 71
70 72
70 73
70 74
71 72
71 73
71 74
72 73
72 74
73 74
