# 407 edges
0 1
0 2
0 3
0 4
0 42
0 52
0 58
0 66
0 73
1 2
1 3
1 4
1 16
1 27
1 43
1 46
1 52
1 66
1 71
2 3
2 4
2 5
2 22
2 23
2 31
2 34
2 39
2 40
2 46
2 47
2 72
3 4
3 13
3 25
3 50
3 57
3 65
4 11
4 27
5 6
5 7
5 8
5 9
5 22
5 42
5 46
5 49
5 56
5 60
5 69
6 7
6 8
6 9
6 14
6 61
6 62
7 8
7 9
7 14
7 18
7 21
7 27
7 31
7 35
7 44
7 49
7 52
7 70
7 74
8 9
8 15
8 21
8 30
8 41
8 46
8 60
8 71
9 10
9 17
9 54
9 60
10 11
10 12
10 13
10 14
10 27
10 30
10 47
10 50
10 52
10 60
11 12
11 13
11 14
11 21
11 26
11 41
11 59
11 61
11 65
12 13
12 14
12 18
12 24
12 28
12 32
12 37
12 39
12 42
12 44
12 47
13 14
13 19
13 48
14 19
14 26
14 46
14 63
15 16
15 17
15 18
15 19
15 31
15 34
15 45
15 53
15 61
16 17
16 18
16 19
16 43
16 51
16 67
16 70
16 71
17 18
17 19
17 26
17 34
17 36
17 38
17 39
17 72
18 19
18 31
18 36
18 44
18 72
19 26
19 49
19 54
19 63
20 21
20 22
20 23
20 24
20 31
20 37
20 44
20 63
20 67
21 22
21 23
21 24
21 25
21 26
21 42
21 57
22 23
22 24
22 27
22 32
22 34
22 37
22 39
22 45
22 74
23 24
23 57
23 61
24 34
24 37
24 44
24 63
25 26
25 27
25 28
25 29
25 35
25 44
25 49
25 55
25 69
26 27
26 28
26 29
26 30
26 36
26 40
26 48
27 28
27 29
27 31
27 52
27 59
27 70
28 29
28 38
28 46
29 31
29 47
29 49
29 54
29 68
32 33
32 34
32 30
32 31
32 53
32 58
32 66
32 68
32 71
32 74
33 34
33 30
33 31
33 36
33 54
33 64
33 67
34 30
34 31
34 39
34 43
34 47
34 53
34 56
34 57
34 61
30 31
30 47
30 53
30 64
30 68
30 72
31 42
31 45
31 47
31 58
31 73
35 36
35 37
35 38
35 39
35 45
35 60
35 64
35 69
35 70
35 71
35 73
36 37
36 38
36 39
36 46
36 47
36 56
36 69
36 71
37 38
37 39
37 63
37 68
37 69
38 39
38 41
38 46
38 56
38 58
38 66
38 72
39 40
39 45
39 73
40 41
40 42
40 43
40 44
41 42
41 43
41 44
41 47
41 51
41 56
41 58
41 70
41 74
42 43
42 44
42 53
42 59
42 68
42 69
42 74
43 44
43 50
43 59
43 69
44 72
45 46
45 47
45 48
45 49
45 53
46 47
46 48
46 49
46 58
47 48
47 49
47 52
47 64
47 66
47 74
48 49
48 53
48 62
49 51
49 70
49 72
50 51
50 52
50 53
50 54
50 71
50 72
51 52
51 53
51 54
51 57
51 63
51 71
52 53
52 54
52 56
52 65
52 72
53 54
53 63
53 68
55 56
55 57
55 58
55 59
56 57
56 58
56 59
56 63
57 58
57 59
57 69
57 73
58 59
58 62
58 64
58 69
59 74
60 64
60 61
60 62
60 63
60 68
60 72
64 61
64 62
64 63
64 70
64 71
61 62
61 63
61 66
61 74
62 63
62 69
65 66
65 67
65 68
65 69
66 67
66 68
66 69
67 68
67 69
68 69
68 72
69 70
70 71
70 72
70 73
70 74
71 72
71 73
71 74
72 73
72 74
73 74
