# 4977 edges
0 1
0 2
0 3
0 4
0 5
0 6
0 7
0 8
0 9
0 10
0 11
0 12
0 13
0 14
0 15
0 16
0 17
0 18
0 19
0 57
0 67
0 73
0 81
0 88
0 101
0 112
0 128
0 131
0 137
0 151
0 156
0 160
0 177
0 178
0 186
0 189
0 194
0 195
0 201
0 202
0 227
0 238
1 2
1 3
1 4
1 5
1 6
1 7
1 8
1 9
1 10
1 11
1 12
1 13
1 14
1 15
1 16
1 17
1 18
1 19
1 30
1 55
1 62
1 70
1 86
1 102
1 162
1 182
1 186
1 189
1 196
1 200
1 209
1 219
2 3
2 4
2 5
2 6
2 7
2 8
2 9
2 10
2 11
2 12
2 13
2 14
2 15
2 16
2 17
2 18
2 19
2 46
2 47
2 64
2 68
2 71
2 77
2 81
2 85
2 94
2 99
2 102
2 120
2 124
2 130
2 136
2 145
2 156
2 161
2 175
2 186
2 190
2 197
2 234
3 4
3 5
3 6
3 7
3 8
3 9
3 10
3 11
3 12
3 13
3 14
3 15
3 16
3 17
3 18
3 19
3 20
3 47
3 50
3 67
3 70
3 72
3 80
3 101
3 106
3 121
3 139
3 141
3 145
3 158
3 164
3 168
3 172
3 177
3 179
3 182
3 184
3 187
3 219
4 5
4 6
4 7
4 8
4 9
4 10
4 11
4 12
4 13
4 14
4 15
4 16
4 17
4 18
4 19
4 28
4 59
4 66
4 86
4 103
4 126
4 129
4 140
4 148
4 156
4 193
4 201
4 217
4 220
4 221
4 231
4 239
5 6
5 7
5 8
5 9
5 10
5 11
5 12
5 13
5 14
5 15
5 16
5 17
5 18
5 19
5 21
5 23
5 24
5 57
5 71
5 76
5 84
5 112
5 121
5 144
5 149
5 158
5 176
5 182
5 189
5 208
5 212
5 220
5 221
5 237
6 7
6 8
6 9
6 10
6 11
6 12
6 13
6 14
6 15
6 16
6 17
6 18
6 19
6 32
6 52
6 57
6 59
6 62
6 64
6 70
6 99
6 132
6 136
6 159
6 162
6 169
6 188
6 205
6 214
6 219
6 225
6 239
7 8
7 9
7 10
7 11
7 12
7 13
7 14
7 15
7 16
7 17
7 18
7 19
7 25
7 31
7 35
7 43
7 71
7 92
7 99
7 110
7 123
7 131
7 161
7 177
7 179
7 184
7 198
7 217
7 223
7 234
7 238
8 9
8 10
8 11
8 12
8 13
8 14
8 15
8 16
8 17
8 18
8 19
8 22
8 32
8 35
8 37
8 48
8 63
8 83
8 88
8 96
8 98
8 101
8 104
8 106
8 124
8 134
8 137
8 149
8 153
8 157
8 163
8 166
8 167
8 171
8 190
8 205
8 209
8 214
8 215
8 216
8 218
8 226
8 227
8 236
9 10
9 11
9 12
9 13
9 14
9 15
9 16
9 17
9 18
9 19
9 29
9 31
9 58
9 63
9 64
9 71
9 76
9 86
9 88
9 96
9 102
9 105
9 110
9 138
9 172
9 176
9 181
9 183
9 195
9 199
9 208
9 214
9 223
9 224
9 229
9 235
10 11
10 12
10 13
10 14
10 15
10 16
10 17
10 18
10 19
10 24
10 34
10 67
10 73
10 103
10 122
10 134
10 136
10 144
10 148
10 157
10 171
10 190
10 192
10 211
10 212
10 217
10 223
10 231
10 236
11 12
11 13
11 14
11 15
11 16
11 17
11 18
11 19
11 25
11 32
11 43
11 48
11 93
11 114
11 118
11 122
11 124
11 129
11 149
11 153
11 157
11 161
11 169
11 174
11 195
11 196
11 217
11 220
11 237
12 13
12 14
12 15
12 16
12 17
12 18
12 19
12 22
12 43
12 46
12 47
12 101
12 104
12 142
12 162
12 170
12 176
12 200
12 201
12 203
12 212
12 226
12 228
13 14
13 15
13 16
13 17
13 18
13 19
13 30
13 35
13 41
13 59
13 69
13 72
13 79
13 84
13 110
13 114
13 117
13 136
13 152
13 157
13 161
13 172
13 188
13 190
13 198
13 202
13 206
13 215
13 236
13 237
14 15
14 16
14 17
14 18
14 19
14 21
14 23
14 28
14 32
14 44
14 46
14 53
14 57
14 61
14 67
14 78
14 97
14 101
14 103
14 115
14 118
14 135
14 149
14 156
14 157
14 160
14 162
14 183
14 196
14 219
14 227
15 16
15 17
15 18
15 19
15 23
15 32
15 38
15 49
15 50
15 54
15 61
15 65
15 66
15 99
15 103
15 113
15 170
15 171
15 175
15 185
15 186
15 187
15 188
15 196
15 203
15 211
15 212
15 218
15 225
16 17
16 18
16 19
16 22
16 36
16 44
16 46
16 60
16 90
16 128
16 134
16 144
16 184
16 189
16 191
16 208
16 211
16 216
17 18
17 19
17 28
17 33
17 48
17 56
17 72
17 80
17 104
17 113
17 118
17 122
17 153
17 168
17 172
17 175
17 178
17 182
17 191
17 222
17 235
17 239
18 19
18 20
18 23
18 51
18 53
18 54
18 68
18 69
18 84
18 85
18 86
18 90
18 98
18 112
18 114
18 124
18 142
18 149
18 157
18 186
18 187
18 193
18 197
18 203
18 207
18 211
19 28
19 38
19 57
19 65
19 75
19 84
19 105
19 109
19 111
19 113
19 140
19 147
19 155
19 161
19 168
19 188
19 192
19 202
19 238
20 21
20 22
20 23
20 24
20 25
20 26
20 27
20 28
20 29
20 30
20 31
20 32
20 33
20 34
20 35
20 36
20 37
20 38
20 39
20 48
20 49
20 86
20 87
20 89
20 93
20 96
20 102
20 109
20 114
20 116
20 118
20 122
20 127
20 130
20 135
20 145
20 151
20 164
20 168
20 177
20 187
20 206
20 207
20 209
20 216
20 223
20 230
20 237
21 22
21 23
21 24
21 25
21 26
21 27
21 28
21 29
21 30
21 31
21 32
21 33
21 34
21 35
21 36
21 37
21 38
21 39
21 56
21 63
21 69
21 71
21 72
21 74
21 76
21 90
21 99
21 137
21 140
21 141
21 179
21 196
21 200
21 206
21 210
21 220
21 225
22 23
22 24
22 25
22 26
22 27
22 28
22 29
22 30
22 31
22 32
22 33
22 34
22 35
22 36
22 37
22 38
22 39
22 45
22 54
22 56
22 61
22 78
22 109
22 117
22 133
22 145
22 163
22 165
22 166
22 171
22 202
22 229
22 230
22 231
22 232
22 236
23 24
23 25
23 26
23 27
23 28
23 29
23 30
23 31
23 32
23 33
23 34
23 35
23 36
23 37
23 38
23 39
23 47
23 52
23 54
23 59
23 95
23 137
23 154
23 160
23 161
23 166
23 191
23 201
23 210
23 211
23 217
23 220
23 231
23 235
23 237
24 25
24 26
24 27
24 28
24 29
24 30
24 31
24 32
24 33
24 34
24 35
24 36
24 37
24 38
24 39
24 40
24 56
24 62
24 64
24 72
24 88
24 95
24 98
24 102
24 138
24 152
24 172
24 175
24 178
24 185
24 188
24 194
24 195
24 202
24 228
25 26
25 27
25 28
25 29
25 30
25 31
25 32
25 33
25 34
25 35
25 36
25 37
25 38
25 39
25 40
25 49
25 54
25 55
25 56
25 71
25 73
25 79
25 84
25 86
25 102
25 128
25 146
25 155
25 164
25 184
25 197
25 209
25 211
25 213
25 237
26 27
26 28
26 29
26 30
26 31
26 32
26 33
26 34
26 35
26 36
26 37
26 38
26 39
26 54
26 75
26 77
26 81
26 91
26 95
26 122
26 123
26 139
26 156
26 182
26 189
26 222
26 229
26 233
27 28
27 29
27 30
27 31
27 32
27 33
27 34
27 35
27 36
27 37
27 38
27 39
27 59
27 62
27 67
27 68
27 111
27 112
27 118
27 119
27 122
27 135
27 137
27 138
27 147
27 163
27 168
27 172
27 179
27 198
27 206
27 236
28 29
28 30
28 31
28 32
28 33
28 34
28 35
28 36
28 37
28 38
28 39
28 69
28 76
28 77
28 102
28 106
28 108
28 136
28 139
28 162
28 166
28 168
28 183
28 187
28 192
28 199
28 206
28 215
28 224
28 225
28 227
28 233
28 236
29 30
29 31
29 32
29 33
29 34
29 35
29 36
29 37
29 38
29 39
29 44
29 48
29 52
29 58
29 83
29 87
29 90
29 105
29 107
29 116
29 125
29 126
29 127
29 129
29 130
29 143
29 145
29 156
29 160
29 179
29 187
29 205
29 208
29 215
29 217
29 223
29 227
29 233
29 234
29 236
30 31
30 32
30 33
30 34
30 35
30 36
30 37
30 38
30 39
30 43
30 64
30 73
30 75
30 86
30 102
30 116
30 126
30 129
30 134
30 158
30 170
30 175
30 178
30 179
30 181
30 198
30 205
30 224
30 231
30 237
31 32
31 33
31 34
31 35
31 36
31 37
31 38
31 39
31 80
31 82
31 87
31 90
31 94
31 98
31 116
31 120
31 131
31 156
31 161
31 175
31 179
31 194
31 203
31 206
31 209
31 229
31 239
32 33
32 34
32 35
32 36
32 37
32 38
32 39
32 75
32 83
32 86
32 100
32 104
32 105
32 111
32 178
32 182
32 183
32 203
32 204
32 223
32 225
32 234
33 34
33 35
33 36
33 37
33 38
33 39
33 41
33 59
33 62
33 70
33 89
33 103
33 113
33 150
33 227
33 239
34 35
34 36
34 37
34 38
34 39
34 40
34 107
34 123
34 125
34 127
34 134
34 135
34 137
34 142
34 143
34 148
34 160
34 177
34 179
34 181
34 204
34 219
34 232
35 36
35 37
35 38
35 39
35 70
35 90
35 97
35 118
35 139
35 148
35 149
35 158
35 196
35 204
35 210
36 37
36 38
36 39
36 48
36 63
36 76
36 80
36 92
36 105
36 113
36 117
36 119
36 123
36 142
36 158
36 173
36 177
36 183
36 186
36 205
36 208
36 215
36 219
36 225
36 227
36 232
36 234
36 235
37 38
37 39
37 53
37 57
37 63
37 64
37 67
37 68
37 73
37 82
37 85
37 103
37 104
37 110
37 111
37 112
37 129
37 137
37 140
37 158
37 180
37 188
37 190
37 210
37 214
37 225
37 226
37 237
38 39
38 57
38 68
38 69
38 70
38 71
38 75
38 81
38 91
38 122
38 136
38 141
38 147
38 152
38 157
38 172
38 178
38 182
38 185
38 192
38 193
38 198
38 201
38 202
38 226
38 230
39 41
39 44
39 64
39 84
39 86
39 118
39 130
39 131
39 148
39 163
39 177
39 178
39 183
39 191
39 224
39 230
40 41
40 42
40 43
40 44
40 45
40 46
40 47
40 48
40 49
40 50
40 51
40 52
40 53
40 54
40 55
40 56
40 57
40 58
40 59
40 65
40 71
40 74
40 87
40 103
40 127
40 133
40 139
40 155
40 158
40 160
40 161
40 163
40 170
40 173
40 175
40 177
40 184
40 195
40 205
40 209
40 214
40 218
40 235
40 239
41 42
41 43
41 44
41 45
41 46
41 47
41 48
41 49
41 50
41 51
41 52
41 53
41 54
41 55
41 56
41 57
41 58
41 59
41 65
41 69
41 71
41 73
41 76
41 80
41 91
41 98
41 102
41 107
41 115
41 117
41 130
41 150
41 154
41 177
41 178
41 180
41 181
41 188
41 198
41 207
41 208
41 214
41 223
41 228
41 234
42 43
42 44
42 45
42 46
42 47
42 48
42 49
42 50
42 51
42 52
42 53
42 54
42 55
42 56
42 57
42 58
42 59
42 67
42 74
42 77
42 97
42 107
42 109
42 121
42 139
42 161
42 174
42 184
42 188
42 196
42 199
42 202
42 219
42 223
42 228
42 236
43 44
43 45
43 46
43 47
43 48
43 49
43 50
43 51
43 52
43 53
43 54
43 55
43 56
43 57
43 58
43 59
43 68
43 82
43 88
43 89
43 100
43 108
43 115
43 117
43 155
43 167
43 180
43 198
43 201
43 214
43 222
44 45
44 46
44 47
44 48
44 49
44 50
44 51
44 52
44 53
44 54
44 55
44 56
44 57
44 58
44 59
44 60
44 61
44 63
44 70
44 75
44 78
44 84
44 85
44 90
44 99
44 105
44 106
44 123
44 132
44 133
44 156
44 161
44 167
44 199
44 202
44 205
44 230
45 46
45 47
45 48
45 49
45 50
45 51
45 52
45 53
45 54
45 55
45 56
45 57
45 58
45 59
45 63
45 76
45 83
45 96
45 104
45 105
45 131
45 139
45 144
45 145
45 170
45 175
45 180
45 194
45 203
45 214
45 216
46 47
46 48
46 49
46 50
46 51
46 52
46 53
46 54
46 55
46 56
46 57
46 58
46 59
46 61
46 69
46 84
46 103
46 104
46 120
46 125
46 135
46 141
46 143
46 155
46 165
46 170
46 180
46 187
46 205
46 208
46 209
46 212
46 218
46 230
46 234
47 48
47 49
47 50
47 51
47 52
47 53
47 54
47 55
47 56
47 57
47 58
47 59
47 63
47 68
47 71
47 84
47 92
47 108
47 115
47 122
47 127
47 129
47 137
47 142
47 154
47 155
47 160
47 177
47 197
47 203
47 205
47 208
47 211
47 217
47 223
47 224
47 226
48 49
48 50
48 51
48 52
48 53
48 54
48 55
48 56
48 57
48 58
48 59
48 68
48 73
48 78
48 93
48 94
48 105
48 137
48 149
48 173
48 181
48 190
48 196
48 225
48 238
49 50
49 51
49 52
49 53
49 54
49 55
49 56
49 57
49 58
49 59
49 63
49 97
49 99
49 109
49 112
49 113
49 121
49 128
49 132
49 138
49 140
49 149
49 161
49 168
49 196
49 202
49 211
49 230
49 233
50 51
50 52
50 53
50 54
50 55
50 56
50 57
50 58
50 59
50 68
50 89
50 97
50 110
50 128
50 144
50 148
50 160
50 170
50 175
50 181
50 184
50 193
50 203
50 211
50 217
50 219
50 221
50 224
50 227
51 52
51 53
51 54
51 55
51 56
51 57
51 58
51 59
51 88
51 91
51 94
51 100
51 125
51 135
51 150
51 160
51 187
51 189
51 207
51 217
51 218
51 224
51 226
51 229
51 236
52 53
52 54
52 55
52 56
52 57
52 58
52 59
52 89
52 93
52 129
52 136
52 138
52 139
52 149
52 159
52 192
52 212
52 226
52 231
52 232
53 54
53 55
53 56
53 57
53 58
53 59
53 89
53 95
53 119
53 128
53 137
53 151
53 155
53 156
53 158
53 161
53 174
53 175
53 181
53 188
53 194
53 196
53 203
53 207
53 213
53 217
53 218
53 223
53 226
53 235
53 239
54 55
54 56
54 57
54 58
54 59
54 60
54 62
54 73
54 85
54 96
54 125
54 131
54 134
54 139
54 148
54 158
54 185
54 195
54 202
54 204
54 220
54 233
54 239
55 56
55 57
55 58
55 59
55 79
55 96
55 103
55 104
55 109
55 119
55 122
55 132
55 176
55 181
55 192
55 211
55 212
55 224
56 57
56 58
56 59
56 68
56 83
56 90
56 96
56 103
56 115
56 117
56 132
56 144
56 166
56 169
56 173
56 216
56 230
57 58
57 59
57 68
57 72
57 76
57 89
57 112
57 135
57 141
57 152
57 158
57 164
57 178
57 183
57 190
57 196
57 233
58 59
58 74
58 79
58 81
58 86
58 92
58 114
58 125
58 128
58 130
58 132
58 139
58 162
58 172
58 177
58 184
58 201
58 220
58 223
58 229
58 236
58 237
59 82
59 84
59 89
59 110
59 114
59 119
59 168
59 175
59 179
59 182
59 183
59 194
59 204
59 214
59 218
59 226
60 61
60 62
60 63
60 64
60 65
60 66
60 67
60 68
60 69
60 70
60 71
60 72
60 73
60 74
60 75
60 76
60 77
60 78
60 79
60 91
60 94
60 106
60 121
60 122
60 140
60 141
60 154
60 168
60 172
60 177
60 190
60 192
60 199
60 203
60 214
60 238
60 239
61 62
61 63
61 64
61 65
61 66
61 67
61 68
61 69
61 70
61 71
61 72
61 73
61 74
61 75
61 76
61 77
61 78
61 79
61 85
61 88
61 98
61 103
61 107
61 112
61 117
61 120
61 124
61 139
61 143
61 155
61 159
61 181
61 190
61 198
61 199
61 203
61 229
61 239
62 63
62 64
62 65
62 66
62 67
62 68
62 69
62 70
62 71
62 72
62 73
62 74
62 75
62 76
62 77
62 78
62 79
62 85
62 93
62 95
62 105
62 131
62 132
62 176
62 177
62 181
62 190
62 200
62 207
62 212
62 225
62 233
63 64
63 65
63 66
63 67
63 68
63 69
63 70
63 71
63 72
63 73
63 74
63 75
63 76
63 77
63 78
63 79
63 86
63 91
63 93
63 117
63 129
63 158
63 160
63 162
63 166
63 192
63 214
63 224
63 230
64 65
64 66
64 67
64 68
64 69
64 70
64 71
64 72
64 73
64 74
64 75
64 76
64 77
64 78
64 79
64 80
64 83
64 104
64 107
64 112
64 117
64 134
64 135
64 160
64 184
64 198
64 202
64 211
64 217
64 221
64 222
65 66
65 67
65 68
65 69
65 70
65 71
65 72
65 73
65 74
65 75
65 76
65 77
65 78
65 79
65 92
65 98
65 104
65 128
65 132
65 133
65 139
65 143
65 201
65 204
65 214
65 216
65 217
65 224
65 229
65 230
66 67
66 68
66 69
66 70
66 71
66 72
66 73
66 74
66 75
66 76
66 77
66 78
66 79
66 95
66 98
66 99
66 131
66 133
66 151
66 158
66 159
66 179
66 181
66 211
66 213
67 68
67 69
67 70
67 71
67 72
67 73
67 74
67 75
67 76
67 77
67 78
67 79
67 86
67 94
67 106
67 117
67 142
67 144
67 151
67 155
67 156
67 190
67 198
67 205
67 228
68 69
68 70
68 71
68 72
68 73
68 74
68 75
68 76
68 77
68 78
68 79
68 82
68 93
68 94
68 109
68 112
68 113
68 127
68 162
68 164
68 165
68 169
68 170
68 185
68 194
68 211
68 213
68 221
68 227
69 70
69 71
69 72
69 73
69 74
69 75
69 76
69 77
69 78
69 79
69 98
69 120
69 125
69 135
69 159
69 173
69 184
69 192
69 200
69 233
70 71
70 72
70 73
70 74
70 75
70 76
70 77
70 78
70 79
70 89
70 91
70 93
70 95
70 98
70 101
70 155
70 160
70 178
70 194
70 209
70 231
70 232
70 235
71 72
71 73
71 74
71 75
71 76
71 77
71 78
71 79
71 85
71 103
71 114
71 122
71 129
71 130
71 132
71 137
71 159
71 164
71 169
71 183
71 204
71 215
71 222
71 223
71 239
72 73
72 74
72 75
72 76
72 77
72 78
72 79
72 88
72 89
72 98
72 99
72 107
72 113
72 130
72 158
72 159
72 194
72 210
72 215
72 222
73 74
73 75
73 76
73 77
73 78
73 79
73 91
73 102
73 127
73 147
73 149
73 153
73 162
73 176
73 180
73 184
73 202
73 204
73 208
73 215
73 219
73 223
73 225
73 227
73 235
74 75
74 76
74 77
74 78
74 79
74 98
74 105
74 109
74 114
74 133
74 152
74 153
74 169
74 180
74 184
74 198
74 221
74 225
74 227
74 233
74 234
74 235
74 237
75 76
75 77
75 78
75 79
75 81
75 83
75 88
75 91
75 101
75 113
75 120
75 121
75 125
75 137
75 166
75 178
75 183
75 186
75 188
75 190
75 194
75 198
75 200
75 226
75 234
75 239
76 77
76 78
76 79
76 90
76 99
76 104
76 111
76 159
76 166
76 194
76 206
76 216
76 232
76 235
76 236
77 78
77 79
77 94
77 99
77 100
77 108
77 122
77 134
77 149
77 156
77 159
77 172
77 175
77 187
77 199
77 205
77 207
77 218
77 230
78 79
78 97
78 103
78 109
78 114
78 118
78 152
78 153
78 164
78 171
78 178
78 183
78 185
78 188
78 202
78 206
78 216
78 217
78 218
78 223
78 233
79 96
79 106
79 114
79 139
79 145
79 164
79 166
79 173
79 176
79 196
79 197
79 198
79 216
79 229
79 232
79 233
80 81
80 82
80 83
80 84
80 85
80 86
80 87
80 88
80 89
80 90
80 91
80 92
80 93
80 94
80 95
80 96
80 97
80 98
80 99
80 102
80 106
80 108
80 114
80 127
80 147
80 154
80 156
80 158
80 159
80 184
80 186
80 203
80 217
80 233
81 82
81 83
81 84
81 85
81 86
81 87
81 88
81 89
81 90
81 91
81 92
81 93
81 94
81 95
81 96
81 97
81 98
81 99
81 112
81 125
81 135
81 146
81 151
81 161
81 177
81 199
81 208
81 210
81 213
81 218
81 228
81 230
82 83
82 84
82 85
82 86
82 87
82 88
82 89
82 90
82 91
82 92
82 93
82 94
82 95
82 96
82 97
82 98
82 99
82 109
82 115
82 118
82 128
82 136
82 144
82 167
82 175
82 196
82 197
82 208
82 214
83 84
83 85
83 86
83 87
83 88
83 89
83 90
83 91
83 92
83 93
83 94
83 95
83 96
83 97
83 98
83 99
83 100
83 109
83 117
83 126
83 138
83 142
83 145
83 149
83 157
83 171
83 173
83 176
83 190
83 198
83 208
83 210
83 215
83 229
83 232
83 239
84 85
84 86
84 87
84 88
84 89
84 90
84 91
84 92
84 93
84 94
84 95
84 96
84 97
84 98
84 99
84 106
84 107
84 109
84 122
84 131
84 140
84 144
84 154
84 164
84 169
84 176
84 180
84 187
84 206
84 211
84 213
84 218
84 229
84 234
85 86
85 87
85 88
85 89
85 90
85 91
85 92
85 93
85 94
85 95
85 96
85 97
85 98
85 99
85 116
85 136
85 138
85 146
85 154
85 168
85 170
85 175
85 177
85 184
85 186
85 205
85 225
85 233
85 234
86 87
86 88
86 89
86 90
86 91
86 92
86 93
86 94
86 95
86 96
86 97
86 98
86 99
86 118
86 119
86 127
86 129
86 139
86 141
86 144
86 146
86 158
86 167
86 200
86 205
86 210
86 217
86 225
86 227
86 228
86 233
87 88
87 89
87 90
87 91
87 92
87 93
87 94
87 95
87 96
87 97
87 98
87 99
87 128
87 145
87 148
87 164
87 165
87 167
87 171
87 191
87 194
87 196
87 203
87 204
87 205
87 209
87 213
87 227
87 229
87 233
87 236
88 89
88 90
88 91
88 92
88 93
88 94
88 95
88 96
88 97
88 98
88 99
88 100
88 108
88 109
88 117
88 124
88 130
88 138
88 151
88 167
88 194
88 214
88 218
88 236
89 90
89 91
89 92
89 93
89 94
89 95
89 96
89 97
89 98
89 99
89 106
89 111
89 116
89 119
89 143
89 145
89 147
89 149
89 171
89 174
89 175
89 182
89 191
89 194
89 225
89 233
89 239
90 91
90 92
90 93
90 94
90 95
90 96
90 97
90 98
90 99
90 103
90 105
90 106
90 115
90 123
90 129
90 139
90 144
90 167
90 172
90 180
90 189
90 196
90 197
90 198
90 214
90 217
90 219
90 220
90 228
90 229
91 92
91 93
91 94
91 95
91 96
91 97
91 98
91 99
91 111
91 135
91 143
91 148
91 153
91 154
91 155
91 168
91 184
91 192
91 195
91 204
91 208
91 209
91 216
91 220
91 221
91 236
92 93
92 94
92 95
92 96
92 97
92 98
92 99
92 103
92 130
92 143
92 145
92 146
92 148
92 151
92 179
92 182
92 183
92 191
92 197
92 200
92 205
92 207
92 209
92 218
92 237
93 94
93 95
93 96
93 97
93 98
93 99
93 105
93 110
93 123
93 131
93 134
93 138
93 142
93 143
93 164
93 167
93 183
93 185
93 187
93 188
93 194
93 219
93 235
93 236
94 95
94 96
94 97
94 98
94 99
94 101
94 104
94 118
94 132
94 144
94 152
94 153
94 163
94 190
94 222
94 229
94 233
94 235
94 239
95 96
95 97
95 98
95 99
95 100
95 117
95 119
95 123
95 149
95 157
95 162
95 167
95 174
95 176
95 180
95 184
95 190
95 200
95 221
95 225
95 227
96 97
96 98
96 99
96 103
96 139
96 151
96 153
96 159
96 180
96 186
96 196
96 201
96 206
96 226
97 98
97 99
97 102
97 104
97 114
97 144
97 148
97 150
97 152
97 174
97 197
97 200
97 225
97 232
97 237
97 239
98 99
98 100
98 105
98 113
98 114
98 120
98 121
98 127
98 135
98 139
98 193
98 196
98 207
98 219
98 227
98 231
99 103
99 105
99 115
99 118
99 123
99 124
99 125
99 155
99 169
99 170
99 176
99 179
99 207
99 217
99 219
99 228
99 238
100 101
100 102
100 103
100 104
100 105
100 106
100 107
100 108
100 109
100 110
100 111
100 112
100 113
100 114
100 115
100 116
100 117
100 118
100 119
100 160
100 167
100 170
100 171
100 187
100 192
100 193
100 195
100 197
100 202
100 217
100 220
100 224
100 234
100 238
101 102
101 103
101 104
101 105
101 106
101 107
101 108
101 109
101 110
101 111
101 112
101 113
101 114
101 115
101 116
101 117
101 118
101 119
101 124
101 125
101 158
101 160
101 165
101 169
101 173
101 180
101 185
101 211
101 218
101 237
102 103
102 104
102 105
102 106
102 107
102 108
102 109
102 110
102 111
102 112
102 113
102 114
102 115
102 116
102 117
102 118
102 119
102 124
102 140
102 142
102 160
102 167
102 177
102 178
102 180
102 182
102 186
102 189
102 209
102 221
102 222
102 225
102 239
103 104
103 105
103 106
103 107
103 108
103 109
103 110
103 111
103 112
103 113
103 114
103 115
103 116
103 117
103 118
103 119
103 123
103 128
103 131
103 136
103 145
103 158
103 162
103 165
103 167
103 170
103 173
103 182
103 194
103 195
103 199
103 201
103 231
103 232
104 105
104 106
104 107
104 108
104 109
104 110
104 111
104 112
104 113
104 114
104 115
104 116
104 117
104 118
104 119
104 121
104 136
104 157
104 179
104 182
104 192
104 197
104 215
104 225
105 106
105 107
105 108
105 109
105 110
105 111
105 112
105 113
105 114
105 115
105 116
105 117
105 118
105 119
105 127
105 128
105 139
105 143
105 147
105 183
105 186
105 189
105 196
105 200
105 203
105 208
105 219
105 226
105 235
106 107
106 108
106 109
106 110
106 111
106 112
106 113
106 114
106 115
106 116
106 117
106 118
106 119
106 129
106 138
106 139
106 144
106 152
106 154
106 159
106 162
106 184
106 197
106 211
106 227
106 231
106 234
107 108
107 109
107 110
107 111
107 112
107 113
107 114
107 115
107 116
107 117
107 118
107 119
107 124
107 153
107 161
107 167
107 174
107 181
107 197
107 201
107 202
107 205
107 218
107 236
108 109
108 110
108 111
108 112
108 113
108 114
108 115
108 116
108 117
108 118
108 119
108 125
108 141
108 149
108 152
108 155
108 156
108 163
108 166
108 175
108 188
108 214
108 228
108 233
108 238
109 110
109 111
109 112
109 113
109 114
109 115
109 116
109 117
109 118
109 119
109 145
109 157
109 158
109 164
109 180
109 204
109 209
109 215
109 217
109 224
109 225
110 111
110 112
110 113
110 114
110 115
110 116
110 117
110 118
110 119
110 123
110 127
110 128
110 133
110 136
110 138
110 144
110 156
110 160
110 183
110 185
110 187
110 193
110 203
110 206
110 215
110 220
110 221
110 229
110 236
110 238
111 112
111 113
111 114
111 115
111 116
111 117
111 118
111 119
111 155
111 156
111 159
111 167
111 172
111 185
111 203
111 225
111 232
112 113
112 114
112 115
112 116
112 117
112 118
112 119
112 122
112 128
112 131
112 139
112 141
112 159
112 160
112 189
112 210
112 215
112 236
112 239
113 114
113 115
113 116
113 117
113 118
113 119
113 128
113 137
113 147
113 149
113 197
113 199
113 203
113 211
113 216
113 224
113 237
113 239
114 115
114 116
114 117
114 118
114 119
114 129
114 172
114 178
114 179
114 187
114 200
114 219
114 226
114 229
114 230
114 233
115 116
115 117
115 118
115 119
115 126
115 137
115 140
115 146
115 155
115 165
115 186
115 189
115 194
115 196
115 202
115 226
115 234
116 117
116 118
116 119
116 124
116 126
116 135
116 137
116 143
116 162
116 179
116 184
116 187
116 200
116 216
116 220
116 221
116 223
116 230
117 118
117 119
117 120
117 123
117 136
117 146
117 149
117 176
117 184
117 188
117 189
117 190
117 209
117 221
117 225
117 234
118 119
118 126
118 135
118 149
118 163
118 195
118 203
118 204
118 232
119 138
119 152
119 154
119 156
119 164
119 202
119 217
119 233
119 237
119 239
128 129
128 130
128 131
128 132
128 133
128 134
128 135
128 136
128 137
128 138
128 139
128 120
128 121
128 122
128 123
128 124
128 125
128 126
128 127
128 153
128 175
128 182
128 189
128 205
128 212
128 219
129 130
129 131
129 132
129 133
129 134
129 135
129 136
129 137
129 138
129 139
129 120
129 121
129 122
129 123
129 124
129 125
129 126
129 127
129 154
129 176
129 206
129 226
130 131
130 132
130 133
130 134
130 135
130 136
130 137
130 138
130 139
130 120
130 121
130 122
130 123
130 124
130 125
130 126
130 127
130 147
130 148
130 149
130 158
130 166
130 167
130 169
130 171
130 174
130 206
130 212
130 237
130 239
131 132
131 133
131 134
131 135
131 136
131 137
131 138
131 139
131 120
131 121
131 122
131 123
131 124
131 125
131 126
131 127
131 146
131 183
131 196
131 205
131 210
131 221
131 223
131 229
131 239
132 133
132 134
132 135
132 136
132 137
132 138
132 139
132 120
132 121
132 122
132 123
132 124
132 125
132 126
132 127
132 155
132 156
132 158
132 169
132 170
132 197
132 234
133 134
133 135
133 136
133 137
133 138
133 139
133 120
133 121
133 122
133 123
133 124
133 125
133 126
133 127
133 145
133 154
133 160
133 167
133 181
133 203
133 215
133 224
133 229
133 236
134 135
134 136
134 137
134 138
134 139
134 120
134 121
134 122
134 123
134 124
134 125
134 126
134 127
134 155
134 157
134 161
134 164
134 203
134 204
134 206
134 210
134 226
135 136
135 137
135 138
135 139
135 120
135 121
135 122
135 123
135 124
135 125
135 126
135 127
135 167
135 172
135 183
135 191
135 197
135 208
135 211
135 217
135 225
135 233
136 137
136 138
136 139
136 120
136 121
136 122
136 123
136 124
136 125
136 126
136 127
136 155
136 177
136 184
136 185
136 188
136 198
136 205
136 207
136 213
136 226
136 228
136 235
137 138
137 139
137 120
137 121
137 122
137 123
137 124
137 125
137 126
137 127
137 151
137 164
137 166
137 167
137 174
137 193
137 199
137 210
137 220
137 224
137 228
137 236
138 139
138 120
138 121
138 122
138 123
138 124
138 125
138 126
138 127
138 141
138 145
138 157
138 164
138 169
138 178
138 181
138 206
138 212
138 213
138 229
138 235
138 239
139 120
139 121
139 122
139 123
139 124
139 125
139 126
139 127
139 159
139 203
139 205
139 211
139 214
139 228
139 232
120 121
120 122
120 123
120 124
120 125
120 126
120 127
120 150
120 163
120 175
120 176
120 193
120 195
120 205
120 214
120 235
120 238
121 122
121 123
121 124
121 125
121 126
121 127
121 148
121 171
121 173
121 179
121 192
121 201
121 206
121 223
121 230
122 123
122 124
122 125
122 126
122 127
122 142
122 146
122 157
122 159
122 168
122 171
122 175
122 181
122 183
122 189
122 204
122 215
122 222
122 227
122 236
123 124
123 125
123 126
123 127
123 140
123 147
123 167
123 190
123 191
123 210
123 211
123 214
123 222
123 226
124 125
124 126
124 127
124 153
124 177
124 187
124 190
124 197
124 198
124 203
124 209
124 212
124 217
124 218
125 126
125 127
125 141
125 143
125 163
125 176
125 178
125 181
125 183
125 184
125 215
125 223
125 237
126 127
126 143
126 183
126 198
126 218
126 230
126 235
127 146
127 179
127 189
127 192
127 200
127 202
127 206
127 222
140 141
140 142
140 143
140 144
140 145
140 146
140 147
140 148
140 149
140 150
140 151
140 152
140 153
140 154
140 155
140 156
140 157
140 158
140 159
140 180
140 205
140 209
140 210
140 212
140 226
140 232
141 142
141 143
141 144
141 145
141 146
141 147
141 148
141 149
141 150
141 151
141 152
141 153
141 154
141 155
141 156
141 157
141 158
141 159
141 169
141 174
141 175
141 188
141 207
141 213
141 228
141 231
142 143
142 144
142 145
142 146
142 147
142 148
142 149
142 150
142 151
142 152
142 153
142 154
142 155
142 156
142 157
142 158
142 159
142 166
142 179
142 195
142 206
142 208
142 209
142 220
142 223
142 229
142 233
143 144
143 145
143 146
143 147
143 148
143 149
143 150
143 151
143 152
143 153
143 154
143 155
143 156
143 157
143 158
143 159
143 164
143 183
143 201
143 202
143 205
143 216
143 225
143 227
143 233
143 234
144 145
144 146
144 147
144 148
144 149
144 150
144 151
144 152
144 153
144 154
144 155
144 156
144 157
144 158
144 159
144 177
144 202
144 208
144 234
145 146
145 147
145 148
145 149
145 150
145 151
145 152
145 153
145 154
145 155
145 156
145 157
145 158
145 159
145 171
145 206
145 207
145 231
145 235
146 147
146 148
146 149
146 150
146 151
146 152
146 153
146 154
146 155
146 156
146 157
146 158
146 159
146 173
146 182
146 207
146 208
147 148
147 149
147 150
147 151
147 152
147 153
147 154
147 155
147 156
147 157
147 158
147 159
147 160
147 163
147 201
147 205
147 207
147 211
147 226
147 234
148 149
148 150
148 151
148 152
148 153
148 154
148 155
148 156
148 157
148 158
148 159
148 168
148 178
148 184
148 187
148 195
148 197
148 198
148 206
148 215
148 219
149 150
149 151
149 152
149 153
149 154
149 155
149 156
149 157
149 158
149 159
149 162
149 163
149 179
149 199
149 223
150 151
150 152
150 153
150 154
150 155
150 156
150 157
150 158
150 159
150 162
150 169
150 170
150 177
150 184
150 205
150 209
150 227
150 228
150 232
151 152
151 153
151 154
151 155
151 156
151 157
151 158
151 159
151 172
151 176
151 180
151 182
151 193
151 206
151 208
151 237
152 153
152 154
152 155
152 156
152 157
152 158
152 159
152 173
152 176
152 178
152 201
152 207
152 223
152 225
152 239
153 154
153 155
153 156
153 157
153 158
153 159
153 162
153 176
153 185
153 212
153 217
153 227
153 235
153 238
154 155
154 156
154 157
154 158
154 159
154 160
154 174
154 176
154 187
154 191
154 192
154 211
154 221
154 224
155 156
155 157
155 158
155 159
155 166
155 178
155 187
155 194
155 215
155 217
155 220
155 222
155 227
155 235
156 157
156 158
156 159
156 173
156 190
156 207
156 216
156 238
157 158
157 159
157 179
157 224
157 228
157 231
157 232
157 238
158 159
158 164
158 171
158 183
158 188
158 194
158 213
158 217
158 221
158 223
158 230
159 163
159 168
159 175
159 179
159 193
159 222
160 161
160 162
160 163
160 164
160 165
160 166
160 167
160 168
160 169
160 170
160 171
160 172
160 173
160 174
160 175
160 176
160 177
160 178
160 179
160 190
160 201
160 216
161 162
161 163
161 164
161 165
161 166
161 167
161 168
161 169
161 170
161 171
161 172
161 173
161 174
161 175
161 176
161 177
161 178
161 179
161 192
161 193
161 201
161 202
161 216
161 225
161 236
162 163
162 164
162 165
162 166
162 167
162 168
162 169
162 170
162 171
162 172
162 173
162 174
162 175
162 176
162 177
162 178
162 179
162 189
162 196
162 206
162 211
162 215
162 222
162 229
162 231
162 236
162 239
163 164
163 165
163 166
163 167
163 168
163 169
163 170
163 171
163 172
163 173
163 174
163 175
163 176
163 177
163 178
163 179
163 183
163 184
163 216
163 220
163 223
163 229
164 165
164 166
164 167
164 168
164 169
164 170
164 171
164 172
164 173
164 174
164 175
164 176
164 177
164 178
164 179
164 180
164 184
164 207
164 210
164 223
164 224
164 235
165 166
165 167
165 168
165 169
165 170
165 171
165 172
165 173
165 174
165 175
165 176
165 177
165 178
165 179
165 185
165 195
165 197
165 202
165 204
165 222
166 167
166 168
166 169
166 170
166 171
166 172
166 173
166 174
166 175
166 176
166 177
166 178
166 179
166 190
166 201
166 213
166 221
166 229
167 168
167 169
167 170
167 171
167 172
167 173
167 174
167 175
167 176
167 177
167 178
167 179
167 193
167 201
167 204
167 220
167 234
168 169
168 170
168 171
168 172
168 173
168 174
168 175
168 176
168 177
168 178
168 179
168 189
168 194
168 197
168 206
168 217
168 224
169 170
169 171
169 172
169 173
169 174
169 175
169 176
169 177
169 178
169 179
169 202
169 217
169 228
170 171
170 172
170 173
170 174
170 175
170 176
170 177
170 178
170 179
170 193
170 194
170 210
170 238
170 239
171 172
171 173
171 174
171 175
171 176
171 177
171 178
171 179
171 185
171 196
171 202
171 205
171 211
171 229
171 230
172 173
172 174
172 175
172 176
172 177
172 178
172 179
172 182
172 183
172 184
172 187
172 191
172 200
172 204
172 206
172 226
172 230
173 174
173 175
173 176
173 177
173 178
173 179
173 180
173 185
173 198
173 202
173 221
173 223
173 229
174 175
174 176
174 177
174 178
174 179
174 189
174 191
174 203
174 204
174 216
174 230
174 237
175 176
175 177
175 178
175 179
175 183
175 186
175 188
175 192
175 224
175 239
176 177
176 178
176 179
176 194
176 197
176 212
176 213
176 218
176 228
176 237
177 178
177 179
177 180
177 222
177 223
178 179
178 191
178 198
178 203
178 208
178 217
178 222
178 229
178 233
179 191
179 194
179 198
179 199
179 203
179 220
179 225
179 228
179 230
179 232
180 181
180 182
180 183
180 184
180 185
180 186
180 187
180 188
180 189
180 190
180 191
180 192
180 193
180 194
180 195
180 196
180 197
180 198
180 199
180 201
180 208
180 209
180 229
180 230
180 237
180 239
181 182
181 183
181 184
181 185
181 186
181 187
181 188
181 189
181 190
181 191
181 192
181 193
181 194
181 195
181 196
181 197
181 198
181 199
182 183
182 184
182 185
182 186
182 187
182 188
182 189
182 190
182 191
182 192
182 193
182 194
182 195
182 196
182 197
182 198
182 199
182 205
182 206
182 216
183 184
183 185
183 186
183 187
183 188
183 189
183 190
183 191
183 192
183 193
183 194
183 195
183 196
183 197
183 198
183 199
183 205
183 212
183 219
183 231
183 236
183 238
184 185
184 186
184 187
184 188
184 189
184 190
184 191
184 192
184 193
184 194
184 195
184 196
184 197
184 198
184 199
184 200
184 208
184 219
184 234
184 236
185 186
185 187
185 188
185 189
185 190
185 191
185 192
185 193
185 194
185 195
185 196
185 197
185 198
185 199
185 218
185 235
185 237
186 187
186 188
186 189
186 190
186 191
186 192
186 193
186 194
186 195
186 196
186 197
186 198
186 199
186 202
186 209
186 210
186 215
186 223
187 188
187 189
187 190
187 191
187 192
187 193
187 194
187 195
187 196
187 197
187 198
187 199
187 203
187 225
187 236
188 189
188 190
188 191
188 192
188 193
188 194
188 195
188 196
188 197
188 198
188 199
188 225
189 190
189 191
189 192
189 193
189 194
189 195
189 196
189 197
189 198
189 199
189 201
189 212
189 223
189 236
189 239
190 191
190 192
190 193
190 194
190 195
190 196
190 197
190 198
190 199
190 202
190 205
190 219
190 221
190 233
191 192
191 193
191 194
191 195
191 196
191 197
191 198
191 199
191 201
191 227
191 239
192 193
192 194
192 195
192 196
192 197
192 198
192 199
192 205
192 214
192 220
192 223
192 226
193 194
193 195
193 196
193 197
193 198
193 199
193 208
193 213
193 230
194 195
194 196
194 197
194 198
194 199
194 218
194 233
194 238
195 196
195 197
195 198
195 199
195 208
195 226
196 197
196 198
196 199
196 211
196 239
197 198
197 199
197 202
197 236
198 199
198 221
198 224
199 201
199 207
199 216
199 220
199 226
200 201
200 202
200 203
200 204
200 205
200 206
200 207
200 208
200 209
200 210
200 211
200 212
200 213
200 214
200 215
200 216
200 217
200 218
200 219
200 228
200 231
201 202
201 203
201 204
201 205
201 206
201 207
201 208
201 209
201 210
201 211
201 212
201 213
201 214
201 215
201 216
201 217
201 218
201 219
202 203
202 204
202 205
202 206
202 207
202 208
202 209
202 210
202 211
202 212
202 213
202 214
202 215
202 216
202 217
202 218
202 219
202 223
203 204
203 205
203 206
203 207
203 208
203 209
203 210
203 211
203 212
203 213
203 214
203 215
203 216
203 217
203 218
203 219
203 220
203 221
203 229
203 233
204 205
204 206
204 207
204 208
204 209
204 210
204 211
204 212
204 213
204 214
204 215
204 216
204 217
204 218
204 219
204 220
204 221
204 223
204 237
205 206
205 207
205 208
205 209
205 210
205 211
205 212
205 213
205 214
205 215
205 216
205 217
205 218
205 219
205 222
205 239
206 207
206 208
206 209
206 210
206 211
206 212
206 213
206 214
206 215
206 216
206 217
206 218
206 219
206 225
206 236
206 237
207 208
207 209
207 210
207 211
207 212
207 213
207 214
207 215
207 216
207 217
207 218
207 219
207 225
207 239
208 209
208 210
208 211
208 212
208 213
208 214
208 215
208 216
208 217
208 218
208 219
209 210
209 211
209 212
209 213
209 214
209 215
209 216
209 217
209 218
209 219
209 222
209 231
209 234
209 237
210 211
210 212
210 213
210 214
210 215
210 216
210 217
210 218
210 219
210 228
211 212
211 213
211 214
211 215
211 216
211 217
211 218
211 219
211 229
211 236
212 213
212 214
212 215
212 216
212 217
212 218
212 219
212 230
213 214
213 215
213 216
213 217
213 218
213 219
213 221
214 215
214 216
214 217
214 218
214 219
214 225
214 236
214 238
215 216
215 217
215 218
215 219
215 221
215 224
215 228
215 230
215 232
216 217
216 218
216 219
216 227
216 236
217 218
217 219
217 226
218 219
218 227
218 228
218 232
219 226
219 234
219 239
220 221
220 222
220 223
220 224
220 225
220 226
220 227
220 228
220 229
220 230
220 231
220 232
220 233
220 234
220 235
220 236
220 237
220 238
220 239
221 222
221 223
221 224
221 225
221 226
221 227
221 228
221 229
221 230
221 231
221 232
221 233
221 234
221 235
221 236
221 237
221 238
221 239
222 223
222 224
222 225
222 226
222 227
222 228
222 229
222 230
222 231
222 232
222 233
222 234
222 235
222 236
222 237
222 238
222 239
223 224
223 225
223 226
223 227
223 228
223 229
223 230
223 231
223 232
223 233
223 234
223 235
223 236
223 237
223 238
223 239
224 225
224 226
224 227
224 228
224 229
224 230
224 231
224 232
224 233
224 234
224 235
224 236
224 237
224 238
224 239
225 226
225 227
225 228
225 229
225 230
225 231
225 232
225 233
225 234
225 235
225 236
225 237
225 238
225 239
226 227
226 228
226 229
226 230
226 231
226 232
226 233
226 234
226 235
226 236
226 237
226 238
226 239
227 228
227 229
227 230
227 231
227 232
227 233
227 234
227 235
227 236
227 237
227 238
227 239
228 229
228 230
228 231
228 232
228 233
228 234
228 235
228 236
228 237
228 238
228 239
229 230
229 231
229 232
229 233
229 234
229 235
229 236
229 237
229 238
229 239
230 231
230 232
230 233
230 234
230 235
230 236
230 237
230 238
230 239
231 232
231 233
231 234
231 235
231 236
231 237
231 238
231 239
232 233
232 234
232 235
232 236
232 237
232 238
232 239
233 234
233 235
233 236
233 237
233 238
233 239
234 235
234 236
234 237
234 238
234 239
235 236
235 237
235 238
235 239
236 237
236 238
236 239
237 238
237 239
238 239
