# 2815 edges
0 1
0 2
0 3
0 4
0 5
0 6
0 7
0 8
0 9
0 19
0 21
0 23
0 45
0 47
0 49
0 57
0 58
0 59
0 62
0 63
0 65
0 66
0 67
0 71
0 78
0 82
0 88
0 89
0 91
0 99
0 102
0 112
0 118
0 120
0 121
0 127
0 128
0 135
0 136
0 138
0 141
0 144
0 146
1 2
1 3
1 4
1 5
1 6
1 7
1 8
1 9
1 10
1 16
1 26
1 27
1 28
1 36
1 39
1 44
1 45
1 51
1 52
1 54
1 60
1 73
1 77
1 86
1 87
1 88
1 100
1 101
1 107
1 116
1 118
1 120
1 125
1 129
1 132
1 133
1 135
1 136
1 140
2 3
2 4
2 5
2 6
2 7
2 8
2 9
2 16
2 23
2 24
2 28
2 32
2 49
2 57
2 68
2 82
2 89
2 91
2 92
2 93
2 95
2 104
2 112
2 114
2 116
2 117
2 118
2 119
2 125
2 126
2 128
2 130
2 133
2 139
2 141
2 142
2 148
2 149
3 4
3 5
3 6
3 7
3 8
3 9
3 25
3 29
3 42
3 50
3 56
3 57
3 58
3 66
3 73
3 74
3 78
3 81
3 87
3 91
3 95
3 99
3 104
3 107
3 109
3 111
3 112
3 119
3 130
3 134
3 137
3 140
3 146
4 5
4 6
4 7
4 8
4 9
4 13
4 14
4 15
4 24
4 26
4 31
4 35
4 41
4 45
4 49
4 52
4 56
4 60
4 63
4 67
4 89
4 100
4 104
4 110
4 127
4 129
4 132
4 134
4 137
4 138
4 140
5 6
5 7
5 8
5 9
5 17
5 20
5 22
5 24
5 30
5 51
5 54
5 56
5 71
5 75
5 89
5 91
5 92
5 95
5 97
5 101
5 103
5 108
5 114
5 118
5 122
5 127
5 129
5 132
5 134
5 137
6 7
6 8
6 9
6 29
6 31
6 58
6 63
6 69
6 70
6 89
6 96
6 99
6 106
6 107
6 115
6 116
6 117
6 122
6 126
6 133
6 139
6 140
7 8
7 9
7 15
7 16
7 19
7 30
7 38
7 40
7 46
7 54
7 64
7 66
7 71
7 78
7 83
7 91
7 107
7 110
7 111
7 114
7 121
7 129
7 131
7 133
7 134
7 136
7 142
7 147
8 9
8 26
8 27
8 36
8 40
8 41
8 44
8 46
8 54
8 59
8 82
8 85
8 90
8 91
8 96
8 114
8 119
8 128
8 139
8 146
9 12
9 17
9 19
9 21
9 36
9 38
9 40
9 42
9 50
9 51
9 52
9 53
9 55
9 59
9 64
9 67
9 69
9 70
9 79
9 82
9 85
9 92
9 95
9 98
9 101
9 102
9 107
9 108
9 109
9 112
9 114
9 120
9 140
9 142
9 145
9 146
9 149
10 11
10 12
10 13
10 14
10 15
10 16
10 17
10 18
10 19
10 29
10 36
10 43
10 48
10 51
10 52
10 56
10 69
10 79
10 82
10 83
10 87
10 89
10 92
10 97
10 103
10 104
10 105
10 106
10 108
10 119
10 121
10 125
10 134
10 139
10 144
10 145
11 12
11 13
11 14
11 15
11 16
11 17
11 18
11 19
11 29
11 34
11 35
11 41
11 45
11 49
11 53
11 63
11 75
11 81
11 84
11 97
11 99
11 102
11 104
11 106
11 109
11 113
11 116
11 120
11 133
11 137
11 141
11 144
12 13
12 14
12 15
12 16
12 17
12 18
12 19
12 23
12 34
12 41
12 55
12 57
12 59
12 60
12 64
12 67
12 70
12 78
12 81
12 92
12 97
12 103
12 108
12 114
12 116
12 118
12 122
12 126
12 132
12 135
12 137
12 142
12 148
13 14
13 15
13 16
13 17
13 18
13 19
13 24
13 33
13 35
13 44
13 53
13 58
13 62
13 65
13 66
13 68
13 71
13 74
13 76
13 86
13 89
13 94
13 97
13 104
13 107
13 109
13 111
13 119
13 123
13 127
13 133
13 135
13 136
13 137
13 141
13 143
14 15
14 16
14 17
14 18
14 19
14 24
14 28
14 30
14 41
14 45
14 49
14 54
14 55
14 56
14 58
14 59
14 64
14 66
14 67
14 76
14 89
14 91
14 99
14 103
14 112
14 113
14 117
14 118
14 120
14 123
14 124
14 127
14 128
14 130
14 131
14 136
14 146
14 148
15 16
15 17
15 18
15 19
15 20
15 24
15 26
15 32
15 33
15 35
15 40
15 49
15 53
15 56
15 60
15 61
15 63
15 66
15 68
15 83
15 91
15 102
15 106
15 111
15 113
15 124
15 125
15 129
15 131
15 133
15 138
15 144
16 17
16 18
16 19
16 21
16 23
16 24
16 29
16 31
16 35
16 39
16 40
16 42
16 44
16 45
16 54
16 71
16 76
16 77
16 81
16 83
16 87
16 92
16 93
16 106
16 108
16 121
16 123
16 124
16 127
16 135
16 137
16 142
16 143
17 18
17 19
17 24
17 26
17 34
17 38
17 47
17 60
17 61
17 68
17 76
17 80
17 82
17 86
17 96
17 101
17 102
17 105
17 107
17 113
17 121
17 126
17 129
17 135
17 136
17 142
18 19
18 23
18 26
18 28
18 43
18 51
18 58
18 59
18 60
18 67
18 70
18 73
18 94
18 97
18 98
18 101
18 102
18 104
18 105
18 109
18 114
18 118
18 127
18 129
18 133
18 137
18 141
18 149
19 20
19 24
19 29
19 38
19 45
19 46
19 61
19 67
19 70
19 73
19 87
19 92
19 96
19 106
19 107
19 113
19 116
19 117
19 120
19 122
19 135
19 142
19 145
20 21
20 22
20 23
20 24
20 25
20 26
20 27
20 28
20 29
20 30
20 51
20 53
20 54
20 66
20 84
20 92
20 102
20 107
20 112
20 113
20 120
20 126
20 129
20 131
20 133
20 142
21 22
21 23
21 24
21 25
21 26
21 27
21 28
21 29
21 30
21 31
21 33
21 38
21 42
21 44
21 51
21 56
21 58
21 66
21 70
21 74
21 75
21 80
21 82
21 85
21 91
21 95
21 98
21 109
21 110
21 119
21 122
21 125
21 129
21 134
21 146
21 148
22 23
22 24
22 25
22 26
22 27
22 28
22 29
22 39
22 40
22 44
22 47
22 53
22 54
22 55
22 62
22 66
22 82
22 87
22 88
22 91
22 102
22 110
22 118
22 120
22 123
22 125
22 128
22 130
22 132
22 136
22 145
22 148
22 149
23 24
23 25
23 26
23 27
23 28
23 29
23 45
23 46
23 47
23 51
23 53
23 58
23 62
23 74
23 75
23 76
23 81
23 83
23 84
23 87
23 91
23 94
23 97
23 106
23 108
23 111
23 113
23 127
23 131
23 133
23 141
23 145
23 146
23 148
24 25
24 26
24 27
24 28
24 29
24 43
24 45
24 52
24 58
24 59
24 66
24 67
24 70
24 72
24 74
24 77
24 89
24 93
24 106
24 111
24 117
24 123
24 129
24 137
24 139
24 145
24 149
25 26
25 27
25 28
25 29
25 30
25 33
25 42
25 48
25 49
25 50
25 59
25 60
25 64
25 68
25 69
25 71
25 75
25 76
25 98
25 106
25 109
25 113
25 123
25 129
25 138
25 140
26 27
26 28
26 29
26 36
26 49
26 55
26 59
26 60
26 61
26 65
26 70
26 75
26 76
26 77
26 78
26 79
26 86
26 93
26 99
26 101
26 102
26 105
26 107
26 108
26 114
26 115
26 116
26 125
26 126
26 128
26 132
26 135
26 146
26 147
27 28
27 29
27 34
27 36
27 38
27 43
27 50
27 52
27 70
27 71
27 80
27 81
27 92
27 106
27 118
27 122
27 123
27 124
27 130
27 134
27 136
27 144
28 29
28 33
28 45
28 52
28 54
28 59
28 61
28 68
28 78
28 80
28 81
28 86
28 91
28 92
28 96
28 105
28 118
28 120
28 123
28 124
28 129
28 133
28 138
28 142
28 145
28 146
28 149
29 42
29 45
29 48
29 50
29 73
29 74
29 76
29 83
29 88
29 92
29 100
29 116
29 123
29 136
29 138
29 142
29 145
29 148
32 33
32 34
32 35
32 36
32 37
32 38
32 39
32 30
32 31
32 45
32 46
32 47
32 51
32 53
32 57
32 63
32 64
32 67
32 71
32 73
32 92
32 108
32 115
32 118
32 125
32 137
32 143
32 145
32 146
32 149
33 34
33 35
33 36
33 37
33 38
33 39
33 30
33 31
33 45
33 51
33 54
33 57
33 62
33 72
33 75
33 79
33 80
33 81
33 83
33 87
33 92
33 108
33 110
33 117
33 119
33 125
33 131
33 137
33 138
33 145
33 148
34 35
34 36
34 37
34 38
34 39
34 30
34 31
34 43
34 48
34 50
34 52
34 55
34 57
34 60
34 62
34 63
34 72
34 78
34 85
34 86
34 87
34 92
34 94
34 98
34 108
34 109
34 110
34 115
34 118
34 120
34 121
34 136
34 146
34 147
34 149
35 36
35 37
35 38
35 39
35 30
35 31
35 43
35 46
35 50
35 52
35 57
35 58
35 59
35 62
35 63
35 64
35 66
35 68
35 72
35 77
35 80
35 82
35 85
35 86
35 92
35 95
35 101
35 103
35 114
35 117
35 118
35 127
35 137
35 149
36 37
36 38
36 39
36 30
36 31
36 42
36 46
36 47
36 49
36 56
36 63
36 69
36 70
36 77
36 78
36 83
36 85
36 88
36 91
36 94
36 96
36 100
36 103
36 106
36 109
36 111
36 112
36 114
36 116
36 126
36 130
36 131
36 134
36 136
36 139
36 146
36 149
37 38
37 39
37 30
37 31
37 52
37 54
37 55
37 66
37 67
37 69
37 70
37 71
37 85
37 89
37 92
37 105
37 109
37 126
37 130
37 133
37 136
37 139
37 140
38 39
38 30
38 31
38 40
38 45
38 47
38 65
38 74
38 76
38 81
38 86
38 90
38 94
38 98
38 103
38 124
38 126
38 129
38 137
38 140
39 30
39 31
39 42
39 43
39 47
39 54
39 55
39 57
39 65
39 68
39 72
39 73
39 75
39 76
39 81
39 82
39 84
39 108
39 112
39 117
39 133
39 136
39 139
39 140
39 141
39 142
39 146
30 31
30 42
30 46
30 51
30 53
30 54
30 72
30 79
30 82
30 85
30 91
30 95
30 99
30 100
30 103
30 110
30 117
30 131
30 133
30 134
30 140
30 141
30 148
30 149
31 54
31 55
31 56
31 60
31 61
31 68
31 72
31 74
31 82
31 84
31 94
31 103
31 106
31 107
31 112
31 113
31 116
31 119
31 121
31 123
31 127
31 132
31 137
31 144
40 41
40 42
40 43
40 44
40 45
40 46
40 47
40 48
40 49
40 57
40 62
40 64
40 65
40 69
40 74
40 77
40 85
40 105
40 110
40 122
40 146
40 147
41 42
41 43
41 44
41 45
41 46
41 47
41 48
41 49
41 50
41 53
41 59
41 64
41 65
41 66
41 70
41 71
41 72
41 76
41 81
41 101
41 105
41 108
41 111
41 119
41 120
41 121
41 122
41 127
41 130
41 133
41 137
41 141
41 145
41 147
41 148
42 43
42 44
42 45
42 46
42 47
42 48
42 49
42 50
42 55
42 63
42 64
42 66
42 70
42 72
42 74
42 82
42 84
42 90
42 98
42 99
42 105
42 108
42 109
42 112
42 125
42 131
42 140
42 148
43 44
43 45
43 46
43 47
43 48
43 49
43 53
43 62
43 82
43 85
43 88
43 95
43 98
43 102
43 104
43 105
43 109
43 112
43 116
43 117
43 127
43 138
44 45
44 46
44 47
44 48
44 49
44 50
44 52
44 59
44 63
44 64
44 65
44 66
44 76
44 77
44 81
44 83
44 89
44 94
44 96
44 100
44 109
44 112
44 116
44 125
44 138
44 147
45 46
45 47
45 48
45 49
45 53
45 56
45 65
45 74
45 81
45 84
45 88
45 89
45 94
45 97
45 107
45 116
45 118
45 119
45 121
45 123
45 147
46 47
46 48
46 49
46 53
46 64
46 78
46 84
46 85
46 86
46 87
46 91
46 93
46 101
46 105
46 118
46 127
46 132
46 133
46 149
47 48
47 49
47 59
47 60
47 66
47 87
47 92
47 96
47 97
47 98
47 99
47 103
47 115
47 118
47 124
47 129
47 132
47 133
47 136
47 139
47 143
47 146
48 49
48 52
48 69
48 72
48 77
48 78
48 109
48 111
48 121
48 122
48 125
48 128
48 129
48 131
48 132
48 137
48 139
48 145
48 147
48 148
49 55
49 57
49 63
49 73
49 78
49 82
49 89
49 91
49 108
49 115
49 116
49 117
49 146
50 51
50 52
50 53
50 54
50 55
50 56
50 57
50 58
50 59
50 67
50 77
50 84
50 87
50 89
50 96
50 97
50 99
50 110
50 122
50 126
50 127
50 128
50 129
50 132
51 52
51 53
51 54
51 55
51 56
51 57
51 58
51 59
51 65
51 66
51 69
51 73
51 81
51 86
51 92
51 96
51 98
51 111
51 113
51 117
51 122
51 124
51 127
51 129
51 131
51 136
51 144
51 145
51 146
51 147
52 53
52 54
52 55
52 56
52 57
52 58
52 59
52 64
52 65
52 67
52 72
52 73
52 76
52 77
52 81
52 84
52 88
52 92
52 95
52 98
52 102
52 105
52 110
52 123
52 127
52 130
52 138
52 140
52 145
52 147
53 54
53 55
53 56
53 57
53 58
53 59
53 65
53 66
53 75
53 76
53 77
53 79
53 80
53 82
53 89
53 93
53 95
53 103
53 105
53 106
53 110
53 111
53 122
53 127
53 129
53 137
53 143
54 55
54 56
54 57
54 58
54 59
54 60
54 62
54 64
54 65
54 68
54 75
54 77
54 83
54 87
54 90
54 93
54 94
54 96
54 97
54 99
54 103
54 104
54 112
54 116
54 118
54 124
54 130
54 133
54 135
54 139
54 143
54 146
55 56
55 57
55 58
55 59
55 64
55 72
55 76
55 82
55 86
55 88
55 96
55 99
55 104
55 105
55 125
55 128
55 130
55 133
55 140
55 143
55 145
55 148
55 149
56 57
56 58
56 59
56 60
56 61
56 62
56 64
56 69
56 78
56 81
56 85
56 86
56 104
56 108
56 111
56 113
56 117
56 120
56 123
56 144
56 147
57 58
57 59
57 60
57 66
57 67
57 70
57 72
57 77
57 80
57 84
57 85
57 88
57 98
57 105
57 106
57 110
57 112
57 121
57 146
58 59
58 61
58 68
58 75
58 79
58 82
58 83
58 84
58 94
58 103
58 106
58 109
58 110
58 112
58 115
58 129
58 134
58 137
58 139
58 141
59 61
59 84
59 85
59 93
59 96
59 99
59 106
59 109
59 110
59 113
59 114
59 115
59 118
59 120
59 121
59 137
64 65
64 66
64 67
64 68
64 69
64 60
64 61
64 62
64 63
64 79
64 93
64 101
64 102
64 106
64 117
64 133
64 135
64 136
64 137
64 138
64 144
64 145
64 147
64 149
65 66
65 67
65 68
65 69
65 60
65 61
65 62
65 63
65 70
65 72
65 73
65 74
65 78
65 90
65 101
65 107
65 109
65 110
65 111
65 128
65 134
65 137
65 141
65 149
66 67
66 68
66 69
66 60
66 61
66 62
66 63
66 82
66 108
66 109
66 120
66 130
66 140
66 143
66 144
66 147
67 68
67 69
67 60
67 61
67 62
67 63
67 88
67 100
67 101
67 103
67 109
67 118
67 119
67 128
67 134
67 145
68 69
68 60
68 61
68 62
68 63
68 81
68 86
68 93
68 94
68 99
68 100
68 112
68 119
68 131
68 138
68 142
68 144
69 60
69 61
69 62
69 63
69 72
69 73
69 82
69 86
69 90
69 94
69 96
69 102
69 115
69 123
69 127
69 129
69 133
69 134
69 137
69 145
60 61
60 62
60 63
60 93
60 100
60 108
60 112
60 113
60 115
60 124
60 133
60 134
60 137
61 62
61 63
61 73
61 75
61 84
61 87
61 91
61 95
61 98
61 105
61 109
61 112
61 116
61 120
61 125
61 127
61 139
62 63
62 73
62 83
62 89
62 109
62 111
62 120
62 138
62 143
62 148
62 149
63 93
63 111
63 117
63 119
63 120
63 125
63 129
63 130
63 139
70 71
70 72
70 73
70 74
70 75
70 76
70 77
70 78
70 79
70 82
70 83
70 87
70 96
70 98
70 99
70 113
70 117
70 118
70 121
70 123
70 126
70 145
70 146
70 148
71 72
71 73
71 74
71 75
71 76
71 77
71 78
71 79
71 82
71 85
71 89
71 93
71 95
71 97
71 102
71 104
71 105
71 107
71 119
71 120
71 123
71 125
71 127
71 133
71 134
71 137
71 138
71 142
71 143
72 73
72 74
72 75
72 76
72 77
72 78
72 79
72 81
72 82
72 85
72 88
72 99
72 103
72 104
72 105
72 106
72 110
72 111
72 112
72 117
72 124
72 129
72 134
72 137
72 140
72 143
72 144
73 74
73 75
73 76
73 77
73 78
73 79
73 80
73 88
73 90
73 99
73 105
73 110
73 118
73 120
73 123
73 130
73 136
73 137
73 140
73 144
74 75
74 76
74 77
74 78
74 79
74 80
74 85
74 86
74 97
74 104
74 117
74 118
74 119
74 120
74 121
74 126
74 127
74 128
74 129
74 130
74 131
74 135
74 137
74 138
74 141
74 146
74 147
74 148
75 76
75 77
75 78
75 79
75 81
75 85
75 87
75 88
75 93
75 106
75 107
75 109
75 112
75 117
75 118
75 126
75 131
75 137
75 142
75 147
76 77
76 78
76 79
76 86
76 88
76 92
76 98
76 102
76 105
76 112
76 113
76 118
76 121
76 122
76 134
76 143
76 146
77 78
77 79
77 80
77 91
77 94
77 98
77 114
77 122
77 125
77 134
77 136
77 140
77 141
78 79
78 83
78 98
78 104
78 110
78 111
78 118
78 121
78 125
78 126
78 128
78 136
78 140
78 143
79 81
79 87
79 88
79 91
79 93
79 101
79 103
79 111
79 116
79 126
79 134
79 140
79 142
80 81
80 82
80 83
80 84
80 85
80 86
80 87
80 88
80 89
80 95
80 101
80 104
80 105
80 106
80 108
80 117
80 121
80 128
80 131
80 133
80 138
80 145
81 82
81 83
81 84
81 85
81 86
81 87
81 88
81 89
81 93
81 97
81 103
81 109
81 121
81 125
81 128
81 130
81 131
81 133
81 134
81 140
81 143
81 145
81 147
82 83
82 84
82 85
82 86
82 87
82 88
82 89
82 94
82 99
82 105
82 114
82 115
82 118
82 119
82 124
82 125
82 127
82 128
82 145
82 149
83 84
83 85
83 86
83 87
83 88
83 89
83 91
83 95
83 99
83 101
83 103
83 106
83 110
83 118
83 120
83 121
83 122
83 128
83 132
83 135
83 137
83 140
83 145
83 146
83 147
84 85
84 86
84 87
84 88
84 89
84 96
84 100
84 103
84 106
84 120
84 124
84 127
84 133
84 134
84 135
84 137
84 147
84 148
85 86
85 87
85 88
85 89
85 90
85 91
85 96
85 98
85 108
85 117
85 118
85 121
85 124
85 126
85 133
85 134
85 138
85 139
85 141
85 144
86 87
86 88
86 89
86 96
86 97
86 104
86 107
86 111
86 117
86 123
86 127
86 137
86 139
86 140
86 143
87 88
87 89
87 91
87 100
87 109
87 110
87 115
87 119
87 131
87 141
87 144
88 89
88 90
88 91
88 94
88 98
88 101
88 103
88 106
88 109
88 112
88 129
88 130
88 131
88 133
88 138
88 146
89 98
89 112
89 116
89 117
89 118
89 119
89 121
89 127
89 130
89 131
89 135
89 138
89 141
89 145
89 147
96 97
96 98
96 99
96 90
96 91
96 92
96 93
96 94
96 95
96 103
96 110
96 116
96 123
96 124
96 136
96 144
96 145
97 98
97 99
97 90
97 91
97 92
97 93
97 94
97 95
97 109
97 110
97 113
97 119
97 121
97 124
97 126
97 129
97 134
97 135
97 138
97 139
97 142
97 145
98 99
98 90
98 91
98 92
98 93
98 94
98 95
98 101
98 103
98 110
98 115
98 120
98 122
98 124
98 134
98 143
99 90
99 91
99 92
99 93
99 94
99 95
99 104
99 106
99 120
99 131
99 132
99 134
99 138
99 139
99 144
90 91
90 92
90 93
90 94
90 95
90 103
90 104
90 128
90 130
90 135
90 147
91 92
91 93
91 94
91 95
91 104
91 110
91 114
91 118
91 128
91 131
91 134
91 135
91 139
91 142
91 144
92 93
92 94
92 95
92 102
92 120
92 121
92 123
92 125
92 130
92 135
92 137
92 138
92 144
92 145
93 94
93 95
93 100
93 108
93 109
93 112
93 115
93 116
93 133
93 135
93 137
93 139
93 142
93 143
94 95
94 115
94 116
94 119
94 121
94 122
94 126
94 127
94 130
94 137
94 149
95 109
95 112
95 115
95 117
95 140
95 143
95 147
100 101
100 102
100 103
100 104
100 105
100 106
100 107
100 108
100 109
100 114
100 129
100 133
100 134
100 138
101 102
101 103
101 104
101 105
101 106
101 107
101 108
101 109
101 110
101 112
101 115
101 116
101 122
101 125
101 129
101 131
101 133
101 139
101 145
102 103
102 104
102 105
102 106
102 107
102 108
102 109
102 115
102 120
102 123
102 128
102 130
102 135
102 137
102 145
103 104
103 105
103 106
103 107
103 108
103 109
103 112
103 115
103 118
103 119
103 122
103 125
103 128
103 134
103 140
103 144
103 148
103 149
104 105
104 106
104 107
104 108
104 109
104 110
104 112
104 113
104 118
104 121
104 126
104 134
104 137
104 140
104 142
104 144
105 106
105 107
105 108
105 109
105 118
105 122
105 123
105 125
105 127
105 132
105 137
105 139
105 140
105 143
105 147
106 107
106 108
106 109
106 112
106 123
106 124
106 125
106 130
106 137
106 138
106 147
107 108
107 109
107 110
107 121
107 127
107 133
107 135
107 138
107 141
107 147
108 109
108 110
108 111
108 113
108 114
108 116
108 117
108 118
108 138
108 143
108 148
109 111
109 113
109 118
109 123
109 124
109 130
109 134
109 135
110 111
110 112
110 113
110 114
110 115
110 116
110 117
110 118
110 119
110 130
110 131
110 137
110 141
110 149
111 112
111 113
111 114
111 115
111 116
111 117
111 118
111 119
111 130
111 133
111 135
111 143
112 113
112 114
112 115
112 116
112 117
112 118
112 119
112 121
112 124
112 127
112 130
112 132
112 136
112 144
113 114
113 115
113 116
113 117
113 118
113 119
113 135
113 140
113 148
114 115
114 116
114 117
114 118
114 119
114 120
114 123
114 137
114 139
114 145
114 148
115 116
115 117
115 118
115 119
115 121
115 122
115 127
115 129
115 139
115 140
115 142
115 143
116 117
116 118
116 119
116 121
116 128
116 129
116 132
116 138
116 140
116 146
116 147
116 149
117 118
117 119
117 122
117 127
117 131
117 138
117 149
118 119
118 121
118 126
118 132
118 133
118 134
118 136
118 142
118 145
119 121
119 131
119 134
119 140
119 143
119 145
128 129
128 120
128 121
128 122
128 123
128 124
128 125
128 126
128 127
128 131
128 134
128 137
128 141
128 147
129 120
129 121
129 122
129 123
129 124
129 125
129 126
129 127
129 147
120 121
120 122
120 123
120 124
120 125
120 126
120 127
120 133
120 138
120 140
120 146
121 122
121 123
121 124
121 125
121 126
121 127
121 136
121 139
121 140
121 141
121 145
121 147
122 123
122 124
122 125
122 126
122 127
122 131
122 140
122 142
122 143
122 144
122 145
122 146
123 124
123 125
123 126
123 127
123 138
123 139
123 140
123 149
124 125
124 126
124 127
124 134
124 138
124 140
124 146
124 149
125 126
125 127
125 130
125 140
125 145
126 127
126 131
126 134
126 138
126 143
127 133
127 138
127 139
127 141
127 146
127 147
127 149
130 131
130 132
130 133
130 134
130 135
130 136
130 137
130 138
130 139
130 148
131 132
131 133
131 134
131 135
131 136
131 137
131 138
131 139
131 141
131 144
132 133
132 134
132 135
132 136
132 137
132 138
132 139
132 140
132 143
133 134
133 135
133 136
133 137
133 138
133 139
134 135
134 136
134 137
134 138
134 139
134 145
135 136
135 137
135 138
135 139
135 144
135 145
136 137
136 138
136 139
136 142
136 148
136 149
137 138
137 139
137 140
137 141
138 139
138 140
138 144
139 148
140 141
140 142
140 143
140 144
140 145
140 146
140 147
140 148
140 149
141 142
141 143
141 144
141 145
141 146
141 147
141 148
141 149
142 143
142 144
142 145
142 146
142 147
142 148
142 149
143 144
143 145
143 146
143 147
143 148
143 149
144 145
144 146
144 147
144 148
144 149
145 146
145 147
145 148
145 149
146 147
146 148
146 149
147 148
147 149
148 149
