# 1203 edges
0 1
0 2
0 3
0 4
0 5
0 6
0 7
0 8
0 9
0 47
0 57
0 63
0 71
0 78
0 91
0 102
0 118
1 2
1 3
1 4
1 5
1 6
1 7
1 8
1 9
1 11
1 17
1 31
1 36
1 40
1 57
1 58
1 66
1 69
1 74
1 75
1 81
1 82
1 107
1 118
2 3
2 4
2 5
2 6
2 7
2 8
2 9
2 20
2 45
2 52
2 60
2 76
2 92
3 4
3 5
3 6
3 7
3 8
3 9
3 42
3 62
3 66
3 69
3 76
3 80
3 89
3 99
4 5
4 6
4 7
4 8
4 9
4 36
4 37
4 54
4 58
4 61
4 67
4 71
4 75
4 84
4 89
4 92
4 110
4 114
5 6
5 7
5 8
5 9
5 10
5 16
5 25
5 36
5 41
5 55
5 66
5 70
5 77
5 114
6 7
6 8
6 9
6 10
6 37
6 40
6 57
6 60
6 62
6 70
6 91
6 96
6 111
7 8
7 9
7 19
7 21
7 25
7 38
7 44
7 48
7 52
7 57
7 59
7 62
7 64
7 67
7 99
8 9
8 18
8 49
8 56
8 76
8 93
8 116
8 119
9 20
9 28
9 36
9 73
9 81
9 97
9 100
9 101
9 111
9 119
10 11
10 12
10 13
10 14
10 15
10 16
10 17
10 18
10 19
10 21
10 23
10 24
10 57
10 71
10 76
10 84
10 112
11 12
11 13
11 14
11 15
11 16
11 17
11 18
11 19
11 21
11 44
11 49
11 58
11 76
11 82
11 89
11 108
11 112
12 13
12 14
12 15
12 16
12 17
12 18
12 19
12 20
12 21
12 37
12 52
12 72
12 77
12 79
12 82
12 84
12 90
12 119
13 14
13 15
13 16
13 17
13 18
13 19
13 52
13 56
13 79
13 82
13 89
13 108
14 15
14 16
14 17
14 18
14 19
14 25
14 34
14 39
14 45
14 59
14 65
14 71
14 75
14 83
14 111
15 16
15 17
15 18
15 19
15 32
15 39
15 50
15 63
15 71
15 101
15 117
15 119
16 17
16 18
16 19
16 24
16 38
16 57
16 63
16 74
16 78
16 82
16 92
16 95
16 97
16 108
17 18
17 19
17 23
17 43
17 48
17 56
17 58
17 61
17 64
17 66
17 84
17 94
17 97
17 109
17 113
17 117
18 19
18 23
18 26
18 27
18 31
18 50
18 65
18 69
18 74
18 75
18 76
18 78
18 86
18 87
18 96
18 109
18 111
19 38
19 43
19 44
19 51
19 56
19 66
19 68
19 76
19 82
19 85
19 90
19 118
20 21
20 22
20 23
20 24
20 25
20 26
20 27
20 28
20 29
20 62
20 66
20 71
20 73
20 85
20 89
20 98
20 104
20 113
20 114
20 119
21 22
21 23
21 24
21 25
21 26
21 27
21 28
21 29
21 35
21 44
21 54
21 87
21 93
22 23
22 24
22 25
22 26
22 27
22 28
22 29
22 33
22 52
22 64
22 66
22 74
22 78
22 87
22 101
23 24
23 25
23 26
23 27
23 28
23 29
23 30
23 32
23 51
23 52
23 57
23 63
23 71
23 76
23 85
23 92
23 103
23 108
24 25
24 26
24 27
24 28
24 29
24 63
24 84
24 88
24 92
24 94
24 99
24 119
25 26
25 27
25 28
25 29
25 33
25 37
25 41
25 49
25 54
25 75
25 76
25 97
25 100
25 117
26 27
26 28
26 29
26 32
26 53
26 56
26 57
26 111
26 114
27 28
27 29
27 62
27 82
27 90
27 96
28 29
28 30
28 31
28 33
28 42
28 56
28 58
28 80
28 85
28 91
28 109
28 119
29 32
29 39
29 44
29 70
29 74
29 77
29 96
29 112
29 117
32 33
32 34
32 35
32 36
32 37
32 38
32 39
32 30
32 31
32 41
32 43
32 55
32 58
32 75
32 89
32 96
32 97
32 100
32 102
33 34
33 35
33 36
33 37
33 38
33 39
33 30
33 31
33 43
33 56
33 79
33 87
33 103
33 112
33 118
34 35
34 36
34 37
34 38
34 39
34 30
34 31
34 49
34 50
34 54
34 61
34 65
34 66
34 99
34 103
34 113
35 36
35 37
35 38
35 39
35 30
35 31
35 90
35 91
35 95
35 105
35 106
35 107
35 108
35 116
36 37
36 38
36 39
36 30
36 31
36 43
36 51
36 52
36 58
36 65
36 82
36 96
36 104
36 106
37 38
37 39
37 30
37 31
37 40
37 70
37 108
37 114
38 39
38 30
38 31
38 44
38 84
38 89
38 91
38 108
38 111
38 116
39 30
39 31
39 68
39 73
39 88
39 96
39 112
30 31
30 41
30 52
30 68
30 70
30 78
30 82
30 86
30 95
30 116
30 117
31 41
31 43
31 48
31 52
31 64
31 66
31 73
31 77
31 81
31 87
31 98
31 117
40 41
40 42
40 43
40 44
40 45
40 46
40 47
40 48
40 49
40 50
40 74
40 83
40 88
40 92
41 42
41 43
41 44
41 45
41 46
41 47
41 48
41 49
41 53
41 68
41 72
41 75
41 78
41 82
41 91
42 43
42 44
42 45
42 46
42 47
42 48
42 49
42 52
42 65
42 69
42 70
42 73
42 101
42 103
42 104
42 118
42 119
43 44
43 45
43 46
43 47
43 48
43 49
43 64
43 65
43 66
43 70
43 78
43 92
43 94
43 104
44 45
44 46
44 47
44 48
44 49
44 52
44 59
44 67
44 96
44 97
44 103
44 107
44 113
44 117
45 46
45 47
45 48
45 49
45 51
45 88
45 98
45 117
46 47
46 48
46 49
46 55
46 65
46 74
46 95
46 99
46 101
46 103
47 48
47 49
47 60
47 67
47 75
47 81
47 88
47 108
47 112
48 49
48 52
48 88
48 98
48 99
49 66
49 67
49 69
49 73
49 76
49 82
49 89
49 94
49 96
49 98
49 102
49 107
49 110
49 115
50 51
50 52
50 53
50 54
50 55
50 56
50 57
50 58
50 59
50 65
50 71
50 84
50 88
50 97
50 107
51 52
51 53
51 54
51 55
51 56
51 57
51 58
51 59
51 66
51 67
51 69
51 76
51 83
51 90
51 97
51 116
52 53
52 54
52 55
52 56
52 57
52 58
52 59
52 63
52 69
52 71
52 72
52 74
52 76
52 90
52 99
53 54
53 55
53 56
53 57
53 58
53 59
53 77
53 80
53 81
53 119
54 55
54 56
54 57
54 58
54 59
54 76
54 80
54 86
54 90
54 100
54 105
55 56
55 57
55 58
55 59
55 65
55 74
55 76
55 81
55 98
56 57
56 58
56 59
56 69
56 77
56 93
56 105
57 58
57 59
57 63
57 65
57 66
57 71
57 102
58 59
58 69
58 70
58 71
58 72
58 76
58 87
58 92
58 94
58 99
59 75
59 117
64 65
64 66
64 67
64 68
64 69
64 60
64 61
64 62
64 63
64 82
64 102
64 105
64 108
64 115
64 118
65 66
65 67
65 68
65 69
65 60
65 61
65 62
65 63
65 74
65 75
65 82
65 108
66 67
66 68
66 69
66 60
66 61
66 62
66 63
66 70
66 79
66 84
66 85
66 86
66 101
66 103
66 109
66 114
66 116
67 68
67 69
67 60
67 61
67 62
67 63
67 82
67 108
68 69
68 60
68 61
68 62
68 63
68 76
68 85
68 94
68 114
69 60
69 61
69 62
69 63
69 77
69 89
69 91
69 93
69 117
60 61
60 62
60 63
60 84
60 90
60 91
60 96
61 62
61 63
61 71
61 81
61 90
61 91
61 97
61 100
61 111
61 115
61 117
62 63
62 70
62 86
62 92
62 94
62 102
62 118
63 75
63 78
63 82
63 118
70 71
70 72
70 73
70 74
70 75
70 76
70 77
70 78
70 79
70 94
70 115
70 117
71 72
71 73
71 74
71 75
71 76
71 77
71 78
71 79
71 81
71 91
71 95
72 73
72 74
72 75
72 76
72 77
72 78
72 79
72 82
72 83
72 99
72 116
73 74
73 75
73 76
73 77
73 78
73 79
73 102
73 109
74 75
74 76
74 77
74 78
74 79
74 102
74 109
74 113
75 76
75 77
75 78
75 79
75 99
75 102
75 107
75 108
76 77
76 78
76 79
76 111
76 112
76 118
76 119
77 78
77 79
77 82
77 95
77 97
77 98
77 107
78 79
78 83
78 88
78 92
78 99
78 118
79 86
79 116
80 81
80 82
80 83
80 84
80 85
80 86
80 87
80 88
80 89
80 119
81 82
81 83
81 84
81 85
81 86
81 87
81 88
81 89
81 96
81 97
82 83
82 84
82 85
82 86
82 87
82 88
82 89
82 92
82 96
82 98
83 84
83 85
83 86
83 87
83 88
83 89
83 96
83 99
84 85
84 86
84 87
84 88
84 89
84 92
84 96
84 98
84 113
84 117
85 86
85 87
85 88
85 89
85 92
85 99
85 106
85 115
86 87
86 88
86 89
86 94
86 95
86 97
86 103
86 106
86 114
86 118
87 88
87 89
87 92
87 98
88 89
88 93
88 97
88 100
88 115
88 117
89 96
89 105
89 106
89 107
89 109
89 110
96 97
96 98
96 99
96 90
96 91
96 92
96 93
96 94
96 95
96 104
96 113
96 115
97 98
97 99
97 90
97 91
97 92
97 93
97 94
97 95
97 106
98 99
98 90
98 91
98 92
98 93
98 94
98 95
98 102
98 116
99 90
99 91
99 92
99 93
99 94
99 95
99 106
99 109
99 114
90 91
90 92
90 93
90 94
90 95
90 103
90 105
90 116
91 92
91 93
91 94
91 95
91 100
91 119
92 93
92 94
92 95
92 107
93 94
93 95
93 105
93 108
93 115
93 117
94 95
94 103
94 107
94 113
94 114
94 116
95 103
100 101
100 102
100 103
100 104
100 105
100 106
100 107
100 108
100 109
101 102
101 103
101 104
101 105
101 106
101 107
101 108
101 109
101 118
102 103
102 104
102 105
102 106
102 107
102 108
102 109
103 104
103 105
103 106
103 107
103 108
103 109
103 110
103 115
103 118
103 119
104 105
104 106
104 107
104 108
104 109
104 111
105 106
105 107
105 108
105 109
105 118
106 107
106 108
106 109
106 115
107 108
107 109
108 109
108 114
109 111
109 117
110 111
110 112
110 113
110 114
110 115
110 116
110 117
110 118
110 119
111 112
111 113
111 114
111 115
111 116
111 117
111 118
111 119
112 113
112 114
112 115
112 116
112 117
112 118
112 119
113 114
113 115
113 116
113 117
113 118
113 119
114 115
114 116
114 117
114 118
114 119
115 116
115 117
115 118
115 119
116 117
116 118
116 119
117 118
117 119
118 119
