# 11391 edges
0 1
0 2
0 3
0 4
0 5
0 6
0 7
0 8
0 9
0 10
0 11
0 12
0 13
0 14
0 15
0 16
0 17
0 18
0 19
0 29
0 31
0 33
0 55
0 57
0 59
0 67
0 68
0 69
0 72
0 73
0 75
0 76
0 77
0 81
0 88
0 92
0 98
0 99
0 101
0 109
0 112
0 122
0 128
0 130
0 131
0 137
0 138
0 145
0 146
0 148
0 151
0 154
0 156
0 160
0 166
0 176
0 177
0 178
0 186
0 189
0 194
0 195
0 201
0 202
0 204
0 210
0 223
0 227
0 236
0 237
0 238
0 250
0 251
0 257
0 266
0 268
0 270
0 275
0 279
0 282
0 283
0 285
0 286
0 290
1 2
1 3
1 4
1 5
1 6
1 7
1 8
1 9
1 10
1 11
1 12
1 13
1 14
1 15
1 16
1 17
1 18
1 19
1 26
1 33
1 34
1 38
1 42
1 59
1 67
1 78
1 92
1 99
1 101
1 102
1 103
1 105
1 114
1 122
1 124
1 126
1 127
1 128
1 129
1 135
1 136
1 138
1 140
1 143
1 149
1 151
1 152
1 158
1 159
1 175
1 179
1 192
1 200
1 206
1 207
1 208
1 216
1 223
1 224
1 228
1 231
1 237
1 241
1 245
1 249
1 254
1 257
1 259
1 261
1 262
1 269
1 280
1 284
1 287
1 290
1 296
2 3
2 4
2 5
2 6
2 7
2 8
2 9
2 10
2 11
2 12
2 13
2 14
2 15
2 16
2 17
2 18
2 19
2 23
2 24
2 25
2 34
2 36
2 41
2 45
2 51
2 55
2 59
2 62
2 66
2 70
2 73
2 77
2 99
2 110
2 114
2 120
2 137
2 139
2 142
2 144
2 147
2 148
2 150
2 167
2 170
2 172
2 174
2 180
2 201
2 204
2 206
2 221
2 225
2 239
2 241
2 242
2 245
2 247
2 251
2 253
2 258
2 264
2 268
2 272
2 277
2 279
2 282
2 284
2 287
3 4
3 5
3 6
3 7
3 8
3 9
3 10
3 11
3 12
3 13
3 14
3 15
3 16
3 17
3 18
3 19
3 39
3 41
3 68
3 73
3 79
3 80
3 99
3 106
3 109
3 116
3 117
3 125
3 126
3 127
3 132
3 136
3 143
3 149
3 150
3 165
3 166
3 169
3 180
3 188
3 190
3 196
3 204
3 214
3 216
3 221
3 228
3 233
3 241
3 257
3 260
3 261
3 264
3 271
3 279
3 281
3 283
3 284
3 286
3 292
3 297
4 5
4 6
4 7
4 8
4 9
4 10
4 11
4 12
4 13
4 14
4 15
4 16
4 17
4 18
4 19
4 36
4 37
4 46
4 50
4 51
4 54
4 56
4 64
4 69
4 92
4 95
4 100
4 101
4 106
4 124
4 129
4 138
4 149
4 156
4 162
4 167
4 169
4 171
4 186
4 188
4 190
4 192
4 200
4 201
4 202
4 203
4 205
4 209
4 214
4 217
4 219
4 220
4 229
4 232
4 235
4 242
4 245
4 248
4 251
4 252
4 257
4 258
4 259
4 262
4 264
4 270
4 290
4 292
4 295
4 296
4 299
5 6
5 7
5 8
5 9
5 10
5 11
5 12
5 13
5 14
5 15
5 16
5 17
5 18
5 19
5 29
5 36
5 43
5 48
5 51
5 52
5 56
5 69
5 79
5 82
5 83
5 87
5 89
5 92
5 97
5 103
5 104
5 105
5 106
5 108
5 119
5 121
5 125
5 134
5 139
5 144
5 145
5 159
5 164
5 165
5 171
5 175
5 179
5 183
5 193
5 205
5 211
5 214
5 227
5 229
5 232
5 234
5 236
5 239
5 243
5 246
5 250
5 263
5 267
5 271
5 274
5 283
5 294
6 7
6 8
6 9
6 10
6 11
6 12
6 13
6 14
6 15
6 16
6 17
6 18
6 19
6 21
6 35
6 37
6 39
6 40
6 44
6 47
6 50
6 58
6 61
6 72
6 77
6 83
6 88
6 94
6 96
6 98
6 102
6 106
6 112
6 115
6 117
6 122
6 128
6 134
6 143
6 145
6 154
6 163
6 168
6 172
6 175
6 176
6 178
6 181
6 184
6 186
6 196
6 199
6 204
6 207
6 214
6 217
6 219
6 221
6 229
6 233
6 237
6 243
6 245
6 246
6 247
6 251
6 253
6 264
6 268
6 270
6 281
6 285
6 289
6 294
6 295
6 296
6 298
6 299
7 8
7 9
7 10
7 11
7 12
7 13
7 14
7 15
7 16
7 17
7 18
7 19
7 24
7 26
7 27
7 36
7 49
7 51
7 59
7 63
7 72
7 73
7 77
7 78
7 80
7 83
7 84
7 87
7 88
7 90
7 91
7 96
7 106
7 108
7 110
7 114
7 116
7 122
7 123
7 125
7 130
7 139
7 143
7 146
7 150
7 151
7 153
7 156
7 158
7 173
7 181
7 192
7 196
7 201
7 203
7 214
7 215
7 219
7 221
7 223
7 228
7 234
7 241
7 243
7 244
7 249
7 251
7 255
7 259
7 260
7 262
7 264
7 265
7 274
7 291
7 296
7 297
8 9
8 10
8 11
8 12
8 13
8 14
8 15
8 16
8 17
8 18
8 19
8 21
8 23
8 27
8 32
8 33
8 46
8 48
8 61
8 63
8 64
8 67
8 75
8 77
8 82
8 83
8 94
8 96
8 104
8 108
8 117
8 130
8 131
8 138
8 146
8 150
8 152
8 156
8 166
8 171
8 172
8 175
8 177
8 183
8 191
8 196
8 199
8 205
8 206
8 212
8 223
8 226
8 228
8 243
8 251
8 258
8 259
8 260
8 267
8 270
8 273
8 294
8 297
8 298
9 10
9 11
9 12
9 13
9 14
9 15
9 16
9 17
9 18
9 19
9 21
9 22
9 24
9 25
9 29
9 34
9 38
9 47
9 49
9 53
9 57
9 61
9 69
9 70
9 74
9 79
9 88
9 95
9 96
9 111
9 117
9 120
9 123
9 137
9 142
9 146
9 156
9 157
9 163
9 166
9 167
9 170
9 172
9 185
9 192
9 195
9 200
9 221
9 223
9 224
9 236
9 254
9 262
9 272
9 277
9 282
9 283
9 290
9 296
9 299
10 11
10 12
10 13
10 14
10 15
10 16
10 17
10 18
10 19
10 21
10 23
10 32
10 40
10 41
10 43
10 48
10 52
10 54
10 61
10 66
10 68
10 76
10 80
10 84
10 85
10 90
10 92
10 95
10 101
10 105
10 108
10 119
10 120
10 129
10 132
10 135
10 139
10 144
10 156
10 158
10 169
10 170
10 174
10 177
10 183
10 184
10 185
10 192
10 196
10 212
10 217
10 218
10 221
10 232
10 240
10 248
10 250
10 253
10 255
10 258
10 260
10 262
10 266
10 275
10 278
10 279
10 295
10 296
10 297
11 12
11 13
11 14
11 15
11 16
11 17
11 18
11 19
11 21
11 23
11 28
11 32
11 44
11 45
11 46
11 51
11 53
11 54
11 57
11 61
11 64
11 67
11 76
11 78
11 81
11 83
11 97
11 101
11 103
11 111
11 115
11 116
11 118
11 133
11 135
11 142
11 148
11 149
11 156
11 157
11 160
11 162
11 164
11 167
11 179
11 183
11 196
11 201
11 207
11 213
11 219
11 227
11 229
11 235
11 239
11 240
11 243
11 252
11 258
11 259
11 260
11 269
11 270
11 274
11 278
11 279
11 281
11 285
11 286
12 13
12 14
12 15
12 16
12 17
12 18
12 19
12 28
12 36
12 39
12 43
12 53
12 59
12 68
12 70
12 86
12 99
12 105
12 109
12 110
12 111
12 115
12 120
12 125
12 126
12 127
12 128
12 129
12 136
12 143
12 149
12 151
12 152
12 155
12 157
12 158
12 164
12 165
12 166
12 175
12 176
12 178
12 182
12 185
12 196
12 197
12 204
12 206
12 208
12 213
12 220
12 222
12 240
12 241
12 250
12 251
12 262
12 276
12 288
12 292
12 293
12 294
13 14
13 15
13 16
13 17
13 18
13 19
13 20
13 24
13 26
13 34
13 43
13 55
13 62
13 64
13 69
13 71
13 78
13 88
13 90
13 91
13 96
13 101
13 102
13 106
13 115
13 128
13 130
13 133
13 134
13 139
13 143
13 148
13 152
13 155
13 156
13 159
13 172
13 175
13 178
13 180
13 203
13 204
13 206
13 213
13 218
13 222
13 230
13 246
13 253
13 266
13 268
13 272
13 275
13 278
13 282
13 286
13 291
13 293
13 294
14 15
14 16
14 17
14 18
14 19
14 32
14 39
14 42
14 45
14 51
14 55
14 59
14 60
14 63
14 70
14 77
14 91
14 93
14 94
14 100
14 101
14 108
14 109
14 124
14 125
14 126
14 130
14 131
14 138
14 142
14 144
14 152
14 154
14 164
14 173
14 176
14 177
14 182
14 183
14 186
14 189
14 191
14 193
14 197
14 202
14 207
14 214
14 225
14 226
14 227
14 231
14 233
14 237
14 243
14 244
14 247
14 251
14 253
14 272
14 288
14 295
14 298
15 16
15 17
15 18
15 19
15 25
15 37
15 43
15 45
15 46
15 49
15 55
15 61
15 64
15 67
15 72
15 82
15 85
15 89
15 90
15 91
15 93
15 97
15 102
15 118
15 120
15 127
15 129
15 135
15 141
15 147
15 148
15 155
15 158
15 163
15 168
15 170
15 172
15 175
15 177
15 180
15 182
15 183
15 192
15 198
15 205
15 206
15 207
15 212
15 214
15 218
15 228
15 229
15 230
15 235
15 238
15 240
15 241
15 256
15 266
15 267
15 269
15 273
15 276
15 280
15 282
15 287
15 288
15 289
15 292
15 293
15 294
15 296
15 298
16 17
16 18
16 19
16 22
16 27
16 30
16 32
16 35
16 36
16 42
16 45
16 51
16 53
16 64
16 67
16 68
16 77
16 87
16 99
16 102
16 106
16 107
16 109
16 116
16 123
16 129
16 130
16 137
16 138
16 143
16 145
16 148
16 151
16 154
16 156
16 160
16 163
16 166
16 169
16 171
16 172
16 174
16 176
16 186
16 190
16 191
16 194
16 196
16 199
16 206
16 209
16 222
16 224
16 225
16 236
16 237
16 239
16 240
16 241
16 255
16 259
16 262
16 275
16 279
16 296
17 18
17 19
17 20
17 23
17 26
17 29
17 30
17 40
17 45
17 47
17 65
17 74
17 76
17 81
17 86
17 90
17 94
17 98
17 103
17 124
17 126
17 129
17 137
17 140
17 152
17 153
17 157
17 164
17 165
17 167
17 175
17 178
17 182
17 183
17 185
17 186
17 191
17 192
17 194
17 218
17 222
17 227
17 243
17 246
17 249
17 250
17 251
17 252
17 256
17 267
17 272
17 274
17 275
17 279
17 284
17 287
17 295
18 19
18 35
18 40
18 52
18 76
18 77
18 80
18 83
18 89
18 94
18 95
18 96
18 100
18 101
18 102
18 106
18 111
18 131
18 135
18 138
18 141
18 149
18 150
18 151
18 152
18 157
18 160
18 163
18 167
18 171
18 175
18 177
18 178
18 180
18 185
18 193
18 194
18 196
18 200
18 202
18 204
18 212
18 214
18 220
18 228
18 229
18 235
18 238
18 239
18 242
18 255
18 261
18 270
18 278
18 283
18 292
19 32
19 35
19 38
19 45
19 48
19 52
19 54
19 55
19 59
19 62
19 66
19 67
19 77
19 88
19 100
19 102
19 109
19 113
19 114
19 115
19 116
19 126
19 127
19 131
19 133
19 139
19 144
19 146
19 150
19 159
19 162
19 166
19 175
19 188
19 197
19 203
19 206
19 215
19 224
19 231
19 234
19 238
19 239
19 244
19 247
19 257
19 266
19 268
19 269
19 271
19 273
19 297
20 21
20 22
20 23
20 24
20 25
20 26
20 27
20 28
20 29
20 30
20 31
20 32
20 33
20 34
20 35
20 36
20 37
20 38
20 39
20 43
20 54
20 68
20 74
20 75
20 76
20 77
20 81
20 83
20 91
20 95
20 108
20 117
20 122
20 123
20 139
20 149
20 150
20 156
20 177
20 182
20 186
20 187
20 188
20 189
20 193
20 205
20 208
20 214
20 219
20 222
20 223
20 226
20 229
20 233
20 236
20 242
20 259
20 262
20 267
20 268
20 299
21 22
21 23
21 24
21 25
21 26
21 27
21 28
21 29
21 30
21 31
21 32
21 33
21 34
21 35
21 36
21 37
21 38
21 39
21 41
21 51
21 52
21 55
21 58
21 59
21 61
21 62
21 67
21 69
21 75
21 77
21 78
21 85
21 87
21 93
21 103
21 108
21 112
21 119
21 121
21 138
21 145
21 146
21 147
21 176
21 187
21 197
21 204
21 207
21 209
21 216
21 217
21 219
21 230
21 242
21 246
21 247
21 248
21 249
21 252
21 275
21 276
21 279
21 283
21 291
21 296
22 23
22 24
22 25
22 26
22 27
22 28
22 29
22 30
22 31
22 32
22 33
22 34
22 35
22 36
22 37
22 38
22 39
22 42
22 46
22 48
22 61
22 63
22 67
22 72
22 74
22 77
22 79
22 81
22 86
22 94
22 95
22 96
22 97
22 104
22 105
22 107
22 112
22 113
22 116
22 117
22 121
22 124
22 128
22 132
22 135
22 138
22 142
22 145
22 150
22 163
22 167
22 170
22 178
22 180
22 185
22 187
22 195
22 196
22 205
22 206
22 207
22 209
22 210
22 212
22 219
22 223
22 225
22 233
22 235
22 236
22 240
22 241
22 252
22 257
22 259
22 267
22 273
22 280
22 282
22 284
22 285
22 288
22 295
22 297
23 24
23 25
23 26
23 27
23 28
23 29
23 30
23 31
23 32
23 33
23 34
23 35
23 36
23 37
23 38
23 39
23 43
23 47
23 50
23 53
23 54
23 56
23 57
23 59
23 63
23 64
23 72
23 76
23 78
23 84
23 90
23 93
23 95
23 99
23 103
23 106
23 114
23 122
23 126
23 132
23 136
23 138
23 146
23 149
23 154
23 155
23 175
23 178
23 180
23 183
23 190
23 193
23 195
23 198
23 199
23 200
23 201
23 202
23 204
23 209
23 218
23 221
23 225
23 226
23 244
23 248
23 251
23 253
23 257
23 260
23 263
23 284
23 287
23 290
23 296
23 297
24 25
24 26
24 27
24 28
24 29
24 30
24 31
24 32
24 33
24 34
24 35
24 36
24 37
24 38
24 39
24 40
24 42
24 47
24 50
24 54
24 55
24 58
24 68
24 75
24 76
24 80
24 82
24 91
24 116
24 121
24 128
24 135
24 139
24 142
24 143
24 144
24 154
24 163
24 166
24 169
24 170
24 172
24 175
24 189
24 194
24 197
24 199
24 201
24 211
24 234
24 235
24 243
24 246
24 249
24 256
24 259
24 260
24 263
24 264
24 265
24 268
24 270
24 271
24 287
25 26
25 27
25 28
25 29
25 30
25 31
25 32
25 33
25 34
25 35
25 36
25 37
25 38
25 39
25 63
25 70
25 78
25 82
25 83
25 85
25 94
25 103
25 104
25 107
25 123
25 125
25 134
25 137
25 141
25 145
25 148
25 155
25 159
25 162
25 166
25 170
25 175
25 177
25 189
25 203
25 213
25 219
25 239
25 241
25 250
25 268
25 273
25 278
25 279
26 27
26 28
26 29
26 30
26 31
26 32
26 33
26 34
26 35
26 36
26 37
26 38
26 39
26 43
26 61
26 67
26 69
26 70
26 75
26 79
26 80
26 89
26 109
26 123
26 131
26 132
26 136
26 147
26 163
26 165
26 166
26 167
26 168
26 174
26 175
26 177
26 179
26 180
26 182
26 183
26 184
26 188
26 200
26 211
26 217
26 219
26 220
26 221
26 238
26 244
26 247
26 251
26 259
26 272
26 298
26 299
27 28
27 29
27 30
27 31
27 32
27 33
27 34
27 35
27 36
27 37
27 38
27 39
27 50
27 60
27 70
27 73
27 74
27 77
27 98
27 110
27 111
27 113
27 119
27 128
27 129
27 138
27 144
27 155
27 171
27 176
27 183
27 184
27 189
27 190
27 202
27 209
27 221
27 228
27 232
27 234
27 242
27 243
27 252
27 256
27 260
27 264
27 266
27 272
27 285
27 293
27 297
27 299
28 29
28 30
28 31
28 32
28 33
28 34
28 35
28 36
28 37
28 38
28 39
28 43
28 44
28 47
28 55
28 62
28 63
28 67
28 76
28 78
28 79
28 93
28 97
28 98
28 101
28 103
28 106
28 125
28 126
28 128
28 132
28 135
28 139
28 143
28 145
28 147
28 152
28 154
28 155
28 157
28 169
28 170
28 173
28 175
28 177
28 183
28 184
28 187
28 188
28 192
28 193
28 201
28 202
28 205
28 208
28 219
28 223
28 224
28 225
28 226
28 230
28 231
28 232
28 237
28 244
28 249
28 254
28 257
28 260
28 263
28 264
28 270
28 278
28 280
28 289
28 295
29 30
29 31
29 32
29 33
29 34
29 35
29 36
29 37
29 38
29 39
29 40
29 48
29 50
29 53
29 60
29 66
29 67
29 70
29 74
29 80
29 85
29 86
29 97
29 104
29 117
29 118
29 119
29 120
29 121
29 126
29 127
29 128
29 129
29 130
29 131
29 135
29 137
29 138
29 141
29 146
29 147
29 148
29 151
29 155
29 157
29 158
29 163
29 176
29 177
29 179
29 182
29 187
29 188
29 196
29 201
29 207
29 212
29 217
29 226
29 228
29 232
29 238
29 242
29 245
29 252
29 253
29 258
29 261
29 262
29 274
29 283
29 286
29 290
30 31
30 32
30 33
30 34
30 35
30 36
30 37
30 38
30 39
30 41
30 44
30 48
30 64
30 72
30 75
30 84
30 86
30 90
30 91
30 103
30 118
30 124
30 130
30 131
30 138
30 141
30 145
30 146
30 148
30 156
30 160
30 163
30 171
30 177
30 178
30 181
30 183
30 191
30 193
30 201
30 206
30 216
30 224
30 230
30 232
30 245
30 251
30 254
30 255
30 256
30 258
30 267
30 271
30 278
30 281
30 283
30 288
30 295
31 32
31 33
31 34
31 35
31 36
31 37
31 38
31 39
31 43
31 47
31 53
31 59
31 71
31 75
31 78
31 80
31 81
31 83
31 84
31 90
31 93
31 95
31 97
31 104
31 109
31 115
31 124
31 125
31 128
31 129
31 134
31 135
31 137
31 138
31 155
31 159
31 161
31 165
31 169
31 171
31 173
31 176
31 180
31 188
31 190
31 191
31 192
31 198
31 202
31 205
31 207
31 210
31 215
31 216
31 217
31 226
31 230
31 233
31 236
31 250
31 254
31 257
31 263
31 264
31 265
31 267
31 277
31 278
31 280
31 281
31 286
31 288
31 298
32 33
32 34
32 35
32 36
32 37
32 38
32 39
32 47
32 48
32 51
32 54
32 56
32 63
32 64
32 68
32 69
32 71
32 74
32 86
32 87
32 94
32 97
32 101
32 107
32 113
32 117
32 127
32 129
32 130
32 133
32 141
32 150
32 159
32 160
32 165
32 169
32 181
32 191
32 194
32 200
32 201
32 204
32 208
32 211
32 213
32 216
32 219
32 222
32 239
32 240
32 241
32 243
32 248
32 256
32 268
32 282
32 286
32 287
32 288
32 289
32 291
32 297
33 34
33 35
33 36
33 37
33 38
33 39
33 40
33 41
33 45
33 48
33 51
33 55
33 57
33 63
33 64
33 88
33 90
33 95
33 107
33 114
33 120
33 124
33 128
33 138
33 141
33 144
33 145
33 149
33 152
33 154
33 162
33 180
33 181
33 183
33 185
33 190
33 195
33 197
33 198
33 204
33 205
33 210
33 218
33 219
33 222
33 225
33 226
33 243
33 245
33 247
33 249
33 252
33 253
33 275
33 276
33 279
33 281
33 282
33 286
33 287
33 290
33 297
34 35
34 36
34 37
34 38
34 39
34 49
34 59
34 62
34 65
34 67
34 90
34 93
34 97
34 103
34 110
34 116
34 123
34 124
34 136
34 144
34 145
34 159
34 160
34 163
34 169
34 171
34 174
34 176
34 179
34 184
34 185
34 188
34 189
34 192
34 195
34 201
34 203
34 210
34 215
34 220
34 222
34 224
34 234
34 243
34 254
34 256
34 270
34 281
34 282
34 284
34 288
34 289
34 294
35 36
35 37
35 38
35 39
35 44
35 59
35 63
35 64
35 68
35 80
35 82
35 85
35 86
35 92
35 95
35 99
35 101
35 103
35 109
35 115
35 125
35 130
35 133
35 138
35 140
35 145
35 147
35 155
35 162
35 165
35 168
35 169
35 172
35 175
35 178
35 184
35 190
35 194
35 198
35 199
35 200
35 202
35 203
35 208
35 211
35 216
35 224
35 227
35 230
35 232
35 234
35 248
35 252
35 253
35 255
35 257
35 262
35 267
35 269
35 270
35 273
35 277
35 282
35 293
35 294
35 295
36 37
36 38
36 39
36 40
36 47
36 48
36 57
36 60
36 71
36 77
36 83
36 85
36 88
36 91
36 97
36 100
36 101
36 103
36 104
36 106
36 107
36 108
36 128
36 133
36 138
36 141
36 143
36 148
36 153
36 154
36 160
36 164
36 165
36 190
36 191
36 197
36 201
36 209
36 220
36 223
36 225
36 233
36 241
36 244
36 247
36 250
36 252
36 256
36 264
36 285
36 290
36 298
37 38
37 39
37 40
37 43
37 57
37 59
37 65
37 68
37 71
37 72
37 77
37 79
37 89
37 90
37 92
37 93
37 101
37 108
37 109
37 112
37 118
37 120
37 126
37 127
37 129
37 132
37 137
37 141
37 148
37 159
37 161
37 166
37 172
37 173
37 174
37 176
37 182
37 185
37 191
37 201
37 204
37 210
37 213
37 215
37 223
37 228
37 230
37 236
37 246
37 249
37 250
37 251
37 255
37 257
37 261
37 270
37 272
37 273
37 274
37 275
37 276
37 288
37 289
37 290
37 299
38 39
38 44
38 48
38 50
38 56
38 59
38 60
38 70
38 75
38 81
38 84
38 88
38 93
38 103
38 108
38 109
38 111
38 116
38 117
38 119
38 121
38 124
38 127
38 131
38 137
38 157
38 168
38 171
38 174
38 180
38 183
38 205
38 214
38 215
38 222
38 228
38 229
38 230
38 231
38 240
38 244
38 258
38 265
38 267
38 269
38 284
38 286
38 287
38 297
38 298
38 299
39 44
39 46
39 48
39 49
39 56
39 65
39 67
39 69
39 83
39 86
39 89
39 93
39 102
39 106
39 107
39 118
39 127
39 129
39 130
39 131
39 136
39 138
39 139
39 147
39 149
39 155
39 159
39 181
39 183
39 189
39 192
39 202
39 203
39 205
39 212
39 216
39 225
39 226
39 231
39 232
39 236
39 246
39 252
39 256
39 269
39 275
39 299
40 41
40 42
40 43
40 44
40 45
40 46
40 47
40 48
40 49
40 50
40 51
40 52
40 53
40 54
40 55
40 56
40 57
40 58
40 59
40 68
40 77
40 78
40 91
40 95
40 96
40 97
40 98
40 100
40 101
40 106
40 112
40 114
40 115
40 121
40 122
40 124
40 128
40 134
40 136
40 141
40 143
40 147
40 153
40 156
40 157
40 158
40 159
40 161
40 162
40 163
40 166
40 170
40 173
40 175
40 179
40 180
40 182
40 193
40 195
40 204
40 205
40 215
40 216
40 229
40 238
40 243
40 245
40 246
40 251
40 254
40 259
40 263
40 268
40 269
40 278
40 281
40 293
41 42
41 43
41 44
41 45
41 46
41 47
41 48
41 49
41 50
41 51
41 52
41 53
41 54
41 55
41 56
41 57
41 58
41 59
41 65
41 75
41 82
41 84
41 94
41 95
41 100
41 103
41 105
41 107
41 110
41 113
41 116
41 119
41 125
41 139
41 154
41 156
41 163
41 164
41 168
41 169
41 173
41 177
41 179
41 180
41 182
41 188
41 192
41 216
41 221
41 236
41 237
41 241
41 252
41 257
41 271
41 272
41 273
41 274
41 284
41 285
41 297
42 43
42 44
42 45
42 46
42 47
42 48
42 49
42 50
42 51
42 52
42 53
42 54
42 55
42 56
42 57
42 58
42 59
42 68
42 79
42 83
42 85
42 87
42 90
42 92
42 96
42 103
42 115
42 117
42 132
42 144
42 151
42 159
42 163
42 166
42 169
42 173
42 185
42 191
42 196
42 204
42 215
42 216
42 227
42 230
42 233
42 248
42 249
42 250
42 252
42 254
42 256
42 269
42 270
42 271
42 276
42 289
42 291
42 292
43 44
43 45
43 46
43 47
43 48
43 49
43 50
43 51
43 52
43 53
43 54
43 55
43 56
43 57
43 58
43 59
43 64
43 70
43 73
43 75
43 81
43 83
43 90
43 92
43 98
43 104
43 107
43 118
43 123
43 130
43 131
43 136
43 137
43 139
43 140
43 159
43 162
43 164
43 173
43 178
43 187
43 192
43 194
43 199
43 201
43 206
43 209
43 212
43 216
43 218
43 234
43 245
43 247
43 248
43 250
43 252
43 259
43 262
43 268
43 271
43 282
43 292
43 297
44 45
44 46
44 47
44 48
44 49
44 50
44 51
44 52
44 53
44 54
44 55
44 56
44 57
44 58
44 59
44 61
44 63
44 64
44 67
44 81
44 98
44 99
44 100
44 101
44 103
44 109
44 113
44 116
44 117
44 134
44 142
44 144
44 148
44 149
44 160
44 164
44 170
44 174
44 179
44 200
44 202
44 204
44 206
44 210
44 212
44 215
44 218
44 228
44 230
44 234
44 235
44 238
44 239
44 242
44 243
44 245
44 252
44 254
44 263
44 264
44 266
44 272
44 274
44 275
44 278
44 286
45 46
45 47
45 48
45 49
45 50
45 51
45 52
45 53
45 54
45 55
45 56
45 57
45 58
45 59
45 62
45 63
45 71
45 74
45 82
45 86
45 101
45 102
45 110
45 111
45 116
45 120
45 121
45 126
45 128
45 134
45 138
45 148
45 152
45 157
45 170
45 172
45 179
45 183
45 184
45 191
45 194
45 205
45 213
45 218
45 219
45 225
45 228
45 238
45 241
45 242
45 243
45 244
45 246
45 247
45 252
45 256
45 257
45 260
45 264
45 273
45 279
45 283
45 295
45 296
45 298
45 299
46 47
46 48
46 49
46 50
46 51
46 52
46 53
46 54
46 55
46 56
46 57
46 58
46 59
46 60
46 69
46 81
46 89
46 90
46 98
46 99
46 101
46 103
46 111
46 112
46 113
46 117
46 127
46 128
46 129
46 130
46 139
46 145
46 151
46 153
46 155
46 156
46 158
46 163
46 165
46 170
46 175
46 176
46 179
46 181
46 191
46 192
46 193
46 204
46 207
46 210
46 221
46 223
46 227
46 229
46 236
46 237
46 239
46 241
46 245
46 249
46 250
46 260
46 266
46 267
46 272
46 285
46 293
46 297
46 298
47 48
47 49
47 50
47 51
47 52
47 53
47 54
47 55
47 56
47 57
47 58
47 59
47 61
47 66
47 68
47 71
47 73
47 74
47 91
47 94
47 97
47 99
47 109
47 123
47 126
47 129
47 138
47 140
47 142
47 146
47 148
47 157
47 172
47 174
47 176
47 194
47 196
47 204
47 210
47 220
47 223
47 235
47 236
47 244
47 247
47 251
47 252
47 257
47 270
47 274
47 275
48 49
48 50
48 51
48 52
48 53
48 54
48 55
48 56
48 57
48 58
48 59
48 60
48 64
48 67
48 69
48 76
48 84
48 94
48 98
48 99
48 102
48 104
48 110
48 111
48 117
48 121
48 122
48 124
48 129
48 133
48 134
48 137
48 152
48 156
48 158
48 164
48 171
48 177
48 187
48 188
48 189
48 192
48 193
48 199
48 202
48 203
48 205
48 212
48 213
48 221
48 222
48 238
48 241
48 246
48 252
48 256
48 261
48 264
48 274
48 276
48 277
48 281
48 283
48 284
48 286
48 289
48 290
48 292
48 295
49 50
49 51
49 52
49 53
49 54
49 55
49 56
49 57
49 58
49 59
49 68
49 75
49 78
49 79
49 82
49 86
49 95
49 98
49 111
49 113
49 120
49 125
49 126
49 130
49 131
49 137
49 138
49 139
49 149
49 156
49 159
49 161
49 173
49 180
49 181
49 189
49 191
49 193
49 216
49 222
49 226
49 227
49 234
49 238
49 243
49 245
49 246
49 251
49 256
49 257
49 259
49 260
49 266
49 275
49 281
49 282
49 284
49 291
49 295
49 296
49 299
50 51
50 52
50 53
50 54
50 55
50 56
50 57
50 58
50 59
50 61
50 70
50 90
50 98
50 105
50 109
50 121
50 125
50 126
50 128
50 142
50 153
50 154
50 157
50 167
50 169
50 172
50 173
50 174
50 187
50 205
50 217
50 222
50 224
50 225
50 229
50 230
50 239
50 245
50 248
50 254
50 270
50 271
50 272
50 273
50 281
50 287
50 299
51 52
51 53
51 54
51 55
51 56
51 57
51 58
51 59
51 69
51 78
51 84
51 100
51 102
51 103
51 105
51 111
51 115
51 123
51 135
51 138
51 139
51 150
51 153
51 158
51 160
51 163
51 164
51 172
51 174
51 175
51 176
51 180
51 203
51 210
51 213
51 222
51 229
51 231
51 233
51 235
51 236
51 238
51 241
51 245
51 263
51 266
51 267
51 275
51 280
51 285
51 289
51 292
51 294
51 295
51 297
52 53
52 54
52 55
52 56
52 57
52 58
52 59
52 60
52 62
52 69
52 75
52 78
52 88
52 94
52 100
52 104
52 109
52 110
52 113
52 127
52 128
52 131
52 132
52 135
52 139
52 145
52 149
52 150
52 156
52 163
52 164
52 174
52 182
52 184
52 189
52 190
52 192
52 197
52 209
52 219
52 222
52 224
52 227
52 229
52 243
52 245
52 248
52 258
52 264
52 269
52 271
52 274
52 275
52 279
52 280
52 282
52 283
52 287
52 299
53 54
53 55
53 56
53 57
53 58
53 59
53 62
53 63
53 68
53 69
53 77
53 78
53 79
53 87
53 88
53 89
53 93
53 94
53 110
53 133
53 134
53 138
53 139
53 145
53 147
53 148
53 154
53 167
53 174
53 185
53 190
53 192
53 195
53 196
53 202
53 203
53 212
53 229
53 231
53 237
53 242
53 263
53 264
53 267
53 287
53 289
53 293
53 299
54 55
54 56
54 57
54 58
54 59
54 62
54 67
54 76
54 80
54 83
54 84
54 97
54 102
54 104
54 108
54 111
54 115
54 116
54 119
54 123
54 125
54 127
54 133
54 135
54 141
54 142
54 146
54 155
54 158
54 165
54 169
54 174
54 176
54 184
54 188
54 193
54 204
54 212
54 213
54 214
54 216
54 229
54 231
54 240
54 242
54 244
54 249
54 250
54 253
54 255
54 258
54 261
54 265
54 267
54 279
54 281
54 282
54 283
54 285
54 287
54 290
54 293
54 294
54 295
54 297
55 56
55 57
55 58
55 59
55 61
55 63
55 68
55 69
55 71
55 77
55 81
55 93
55 100
55 101
55 102
55 105
55 109
55 117
55 124
55 138
55 146
55 148
55 157
55 158
55 163
55 166
55 168
55 170
55 173
55 174
55 177
55 178
55 180
55 195
55 202
55 203
55 205
55 206
55 207
55 213
55 214
55 219
55 227
55 230
55 232
55 237
55 239
55 244
55 251
55 264
55 269
55 299
56 57
56 58
56 59
56 66
56 71
56 76
56 77
56 83
56 84
56 94
56 106
56 116
56 119
56 132
56 135
56 136
56 154
56 155
56 159
56 160
56 163
56 167
56 168
56 171
56 175
56 182
56 184
56 193
56 194
56 201
56 202
56 209
56 216
56 218
56 219
56 227
56 229
56 232
56 235
56 247
56 251
56 252
56 255
56 259
56 265
56 267
56 271
56 274
56 278
56 289
56 290
56 298
57 58
57 59
57 75
57 77
57 80
57 83
57 85
57 89
57 90
57 94
57 96
57 98
57 132
57 133
57 144
57 150
57 151
57 153
57 155
57 158
57 161
57 163
57 165
57 168
57 178
57 182
57 184
57 186
57 188
57 196
57 197
57 198
57 203
57 213
57 214
57 222
57 236
57 246
57 254
57 255
57 266
57 268
57 276
57 279
57 282
57 283
57 285
57 292
58 59
58 64
58 66
58 70
58 71
58 73
58 74
58 76
58 77
58 81
58 90
58 96
58 97
58 98
58 116
58 123
58 129
58 132
58 133
58 136
58 142
58 146
58 148
58 152
58 154
58 156
58 164
58 167
58 170
58 178
58 186
58 187
58 192
58 194
58 196
58 198
58 199
58 205
58 206
58 219
58 221
58 224
58 226
58 228
58 233
58 236
58 239
58 243
58 244
58 246
58 248
58 256
58 257
58 264
58 272
58 273
58 285
58 289
58 292
58 293
58 295
58 298
59 62
59 65
59 69
59 75
59 86
59 91
59 101
59 117
59 119
59 126
59 139
59 148
59 150
59 153
59 158
59 160
59 165
59 167
59 168
59 170
59 174
59 186
59 189
59 192
59 195
59 198
59 203
59 208
59 210
59 216
59 224
59 230
59 237
59 241
59 247
59 255
59 263
59 266
59 276
59 277
59 284
59 288
59 294
59 296
59 298
60 61
60 62
60 63
60 64
60 65
60 66
60 67
60 68
60 69
60 70
60 71
60 72
60 73
60 74
60 75
60 76
60 77
60 78
60 79
60 87
60 89
60 93
60 100
60 102
60 108
60 109
60 117
60 126
60 134
60 135
60 136
60 138
60 142
60 145
60 148
60 149
60 154
60 157
60 171
60 173
60 176
60 184
60 186
60 190
60 191
60 198
60 200
60 204
60 206
60 208
60 209
60 210
60 215
60 221
60 229
60 230
60 232
60 235
60 236
60 239
60 243
60 246
60 247
60 249
60 250
60 257
60 258
60 260
60 262
60 263
60 271
60 274
60 280
60 284
60 289
60 294
60 299
61 62
61 63
61 64
61 65
61 66
61 67
61 68
61 69
61 70
61 71
61 72
61 73
61 74
61 75
61 76
61 77
61 78
61 79
61 84
61 89
61 93
61 96
61 100
61 101
61 102
61 103
61 107
61 108
61 111
61 115
61 122
61 126
61 127
61 128
61 131
61 133
61 135
61 138
61 141
61 149
61 154
61 159
61 163
61 171
61 176
61 196
61 198
61 204
61 206
61 214
61 219
61 221
61 228
61 230
61 231
61 235
61 236
61 237
61 239
61 243
61 244
61 246
61 252
61 265
61 275
61 283
61 285
61 289
61 293
61 294
62 63
62 64
62 65
62 66
62 67
62 68
62 69
62 70
62 71
62 72
62 73
62 74
62 75
62 76
62 77
62 78
62 79
62 81
62 98
62 99
62 102
62 106
62 107
62 109
62 110
62 113
62 119
62 121
62 124
62 125
62 126
62 138
62 147
62 175
62 180
62 185
62 190
62 197
62 205
62 207
62 208
62 213
62 223
62 224
62 243
62 246
62 248
62 257
62 260
62 263
62 265
62 268
62 275
62 284
62 285
62 287
62 291
63 64
63 65
63 66
63 67
63 68
63 69
63 70
63 71
63 72
63 73
63 74
63 75
63 76
63 77
63 78
63 79
63 83
63 88
63 91
63 94
63 96
63 103
63 104
63 105
63 109
63 113
63 127
63 128
63 129
63 133
63 136
63 139
63 140
63 148
63 149
63 154
63 157
63 164
63 168
63 170
63 177
63 178
63 185
63 187
63 188
63 191
63 192
63 196
63 207
63 209
63 227
63 234
63 236
63 241
63 254
63 258
63 259
63 260
63 267
63 270
63 276
63 286
63 291
63 296
63 299
64 65
64 66
64 67
64 68
64 69
64 70
64 71
64 72
64 73
64 74
64 75
64 76
64 77
64 78
64 79
64 80
64 89
64 91
64 98
64 103
64 105
64 107
64 109
64 112
64 121
64 126
64 131
64 134
64 135
64 142
64 146
64 151
64 153
64 154
64 176
64 185
64 189
64 193
64 198
64 199
64 203
64 205
64 206
64 207
64 213
64 215
64 218
64 219
64 223
64 226
64 229
64 232
64 234
64 239
64 240
64 244
64 251
64 259
64 263
64 267
64 271
64 272
64 274
64 280
64 285
64 288
64 289
64 293
64 296
64 297
64 298
65 66
65 67
65 68
65 69
65 70
65 71
65 72
65 73
65 74
65 75
65 76
65 77
65 78
65 79
65 83
65 94
65 97
65 99
65 100
65 108
65 109
65 113
65 121
65 126
65 130
65 131
65 134
65 140
65 148
65 152
65 155
65 159
65 163
65 168
65 173
65 174
65 175
65 179
65 181
65 188
65 190
65 202
65 204
65 212
65 213
65 215
65 218
65 223
65 224
65 228
65 229
65 236
65 240
65 241
65 249
65 253
65 255
65 256
65 263
65 272
65 290
65 291
66 67
66 68
66 69
66 70
66 71
66 72
66 73
66 74
66 75
66 76
66 77
66 78
66 79
66 82
66 83
66 85
66 86
66 88
66 91
66 92
66 119
66 122
66 123
66 124
66 131
66 137
66 140
66 145
66 147
66 149
66 158
66 168
66 170
66 177
66 185
66 187
66 189
66 190
66 194
66 203
66 211
66 214
66 217
66 218
66 222
66 223
66 229
66 243
66 244
66 247
66 252
66 263
66 265
66 267
66 268
66 274
66 284
66 289
66 297
66 299
67 68
67 69
67 70
67 71
67 72
67 73
67 74
67 75
67 76
67 77
67 78
67 79
67 81
67 84
67 95
67 96
67 101
67 104
67 118
67 119
67 130
67 131
67 132
67 144
67 146
67 152
67 153
67 156
67 163
67 189
67 190
67 192
67 207
67 221
67 222
67 226
67 228
67 229
67 233
67 235
67 239
67 240
67 244
67 253
67 257
67 259
67 263
67 269
67 271
67 276
67 284
67 289
67 291
67 297
68 69
68 70
68 71
68 72
68 73
68 74
68 75
68 76
68 77
68 78
68 79
68 82
68 87
68 94
68 96
68 100
68 104
68 107
68 110
68 120
68 128
68 130
68 135
68 141
68 145
68 147
68 153
68 163
68 166
68 167
68 199
68 201
68 211
68 213
68 219
68 237
68 240
68 242
68 243
68 246
68 249
68 251
68 255
68 256
68 261
68 263
68 266
68 286
69 70
69 71
69 72
69 73
69 74
69 75
69 76
69 77
69 78
69 79
69 82
69 83
69 84
69 86
69 94
69 98
69 112
69 114
69 124
69 128
69 130
69 132
69 141
69 148
69 154
69 165
69 169
69 171
69 177
69 180
69 189
69 197
69 205
69 206
69 209
69 212
69 217
69 219
69 220
69 225
69 230
69 233
69 234
69 235
69 240
69 241
69 245
69 247
69 253
69 255
69 259
69 264
69 268
69 284
69 289
70 71
70 72
70 73
70 74
70 75
70 76
70 77
70 78
70 79
70 84
70 87
70 93
70 96
70 97
70 101
70 106
70 107
70 119
70 121
70 127
70 129
70 131
70 143
70 145
70 148
70 150
70 155
70 158
70 163
70 164
70 165
70 169
70 172
70 195
70 201
70 209
70 210
70 215
70 216
70 219
70 226
70 234
70 247
70 257
70 259
70 268
70 278
70 295
71 72
71 73
71 74
71 75
71 76
71 77
71 78
71 79
71 84
71 85
71 87
71 98
71 100
71 104
71 106
71 107
71 110
71 111
71 117
71 127
71 130
71 132
71 133
71 135
71 137
71 142
71 156
71 157
71 158
71 160
71 164
71 174
71 175
71 178
71 180
71 183
71 184
71 185
71 186
71 197
71 205
71 208
71 212
71 218
71 220
71 221
71 223
71 225
71 229
71 233
71 240
71 245
71 251
71 252
71 266
71 269
71 271
71 273
71 274
71 278
71 297
72 73
72 74
72 75
72 76
72 77
72 78
72 79
72 84
72 100
72 102
72 103
72 107
72 108
72 120
72 127
72 137
72 138
72 140
72 142
72 146
72 149
72 153
72 156
72 158
72 159
72 169
72 172
72 179
72 181
72 182
72 185
72 187
72 191
72 199
72 203
72 204
72 208
72 211
72 216
72 217
72 219
72 221
72 225
72 238
72 242
72 245
72 247
72 250
72 253
72 258
72 262
72 264
72 271
72 274
72 275
72 279
72 281
72 286
72 288
72 290
72 291
72 296
73 74
73 75
73 76
73 77
73 78
73 79
73 91
73 92
73 101
73 109
73 113
73 116
73 119
73 124
73 137
73 140
73 157
73 159
73 162
73 166
73 172
73 176
73 177
73 178
73 189
73 194
73 195
73 196
73 197
73 201
73 205
73 218
73 223
73 227
73 228
73 239
73 243
73 247
73 248
73 251
73 252
73 278
73 283
73 286
73 289
73 291
73 296
74 75
74 76
74 77
74 78
74 79
74 80
74 82
74 83
74 87
74 88
74 89
74 99
74 103
74 106
74 109
74 115
74 120
74 126
74 129
74 138
74 139
74 140
74 144
74 152
74 154
74 157
74 159
74 160
74 162
74 166
74 169
74 182
74 184
74 185
74 186
74 188
74 190
74 191
74 193
74 197
74 211
74 227
74 231
74 234
74 244
74 246
74 272
74 273
74 277
74 279
74 281
74 283
74 284
74 285
74 287
74 294
75 76
75 77
75 78
75 79
75 81
75 84
75 87
75 91
75 92
75 97
75 101
75 102
75 105
75 108
75 111
75 112
75 114
75 118
75 126
75 136
75 141
75 145
75 147
75 151
75 153
75 156
75 157
75 159
75 161
75 164
75 169
75 172
75 175
75 176
75 183
75 186
75 191
75 195
75 199
75 208
75 209
75 211
75 228
75 229
75 232
75 234
75 238
75 239
75 240
75 246
75 248
75 253
75 258
75 267
75 269
75 285
75 287
75 297
75 298
76 77
76 78
76 79
76 84
76 85
76 100
76 102
76 103
76 124
76 129
76 135
76 137
76 139
76 144
76 145
76 146
76 163
76 167
76 168
76 173
76 176
76 178
76 184
76 187
76 196
76 200
76 213
76 214
76 218
76 223
76 225
76 226
76 227
76 233
76 238
76 243
76 246
76 247
76 255
76 260
76 261
76 269
76 276
76 278
76 283
76 291
76 293
76 295
76 297
77 78
77 79
77 80
77 95
77 96
77 99
77 102
77 105
77 107
77 108
77 112
77 120
77 125
77 128
77 131
77 137
77 143
77 157
77 160
77 165
77 172
77 174
77 178
77 182
77 188
77 191
77 199
77 200
77 201
77 211
77 213
77 214
77 219
77 220
77 224
77 244
77 249
77 270
77 271
77 275
77 282
77 296
77 298
77 299
78 79
78 84
78 88
78 97
78 99
78 103
78 107
78 109
78 112
78 120
78 124
78 143
78 147
78 152
78 157
78 159
78 161
78 163
78 170
78 171
78 176
78 183
78 184
78 197
78 199
78 209
78 216
78 225
78 236
78 237
78 243
78 245
78 252
78 258
78 259
78 267
78 278
78 280
78 287
78 295
78 299
79 86
79 89
79 90
79 91
79 93
79 106
79 117
79 120
79 124
79 125
79 126
79 135
79 143
79 145
79 149
79 166
79 169
79 172
79 174
79 176
79 182
79 201
79 206
79 207
79 214
79 219
79 224
79 226
79 235
79 237
79 240
79 243
79 246
79 262
79 267
79 268
79 271
79 279
79 284
79 286
79 287
80 81
80 82
80 83
80 84
80 85
80 86
80 87
80 88
80 89
80 90
80 91
80 92
80 93
80 94
80 95
80 96
80 97
80 98
80 99
80 100
80 111
80 116
80 120
80 121
80 122
80 123
80 125
80 130
80 134
80 140
80 143
80 151
80 156
80 166
80 169
80 177
80 178
80 188
80 196
80 201
80 204
80 206
80 208
80 209
80 210
80 229
80 234
80 241
80 243
80 245
80 249
80 254
80 266
80 272
80 275
80 277
80 280
80 289
80 296
80 298
81 82
81 83
81 84
81 85
81 86
81 87
81 88
81 89
81 90
81 91
81 92
81 93
81 94
81 95
81 96
81 97
81 98
81 99
81 103
81 109
81 111
81 122
81 135
81 143
81 144
81 156
81 161
81 166
81 167
81 172
81 179
81 180
81 185
81 186
81 192
81 198
81 212
81 214
81 216
81 224
81 238
81 252
81 262
81 265
81 274
81 276
81 277
81 293
81 294
81 295
81 297
81 299
82 83
82 84
82 85
82 86
82 87
82 88
82 89
82 90
82 91
82 92
82 93
82 94
82 95
82 96
82 97
82 98
82 99
82 106
82 110
82 118
82 123
82 128
82 130
82 135
82 136
82 137
82 146
82 148
82 153
82 155
82 163
82 165
82 173
82 174
82 175
82 187
82 193
82 195
82 198
82 199
82 203
82 208
82 209
82 231
82 233
82 239
82 248
82 252
82 261
82 264
82 266
82 268
82 269
82 275
82 282
82 283
82 284
82 290
82 295
83 84
83 85
83 86
83 87
83 88
83 89
83 90
83 91
83 92
83 93
83 94
83 95
83 96
83 97
83 98
83 99
83 102
83 104
83 106
83 117
83 119
83 128
83 129
83 131
83 135
83 141
83 143
83 149
83 153
83 164
83 175
83 182
83 187
83 191
83 192
83 196
83 197
83 200
83 201
83 207
83 216
83 220
83 227
83 231
83 246
83 250
83 251
83 256
83 259
83 270
83 271
83 273
83 274
83 282
83 283
83 284
83 285
83 286
83 290
84 85
84 86
84 87
84 88
84 89
84 90
84 91
84 92
84 93
84 94
84 95
84 96
84 97
84 98
84 99
84 111
84 113
84 137
84 138
84 147
84 149
84 150
84 152
84 157
84 158
84 160
84 163
84 169
84 172
84 177
84 178
84 188
84 201
84 203
84 204
84 206
84 209
84 223
84 229
84 232
84 236
84 238
84 241
84 243
84 244
84 258
84 259
84 265
84 272
84 275
84 278
84 283
84 297
85 86
85 87
85 88
85 89
85 90
85 91
85 92
85 93
85 94
85 95
85 96
85 97
85 98
85 99
85 101
85 103
85 123
85 125
85 128
85 132
85 141
85 142
85 143
85 149
85 157
85 158
85 160
85 164
85 167
85 168
85 173
85 175
85 178
85 182
85 183
85 185
85 188
85 190
85 195
85 202
85 206
85 214
85 216
85 239
85 246
85 249
85 252
85 255
85 260
85 262
85 266
85 267
85 268
85 271
85 277
85 278
85 282
85 291
86 87
86 88
86 89
86 90
86 91
86 92
86 93
86 94
86 95
86 96
86 97
86 98
86 99
86 113
86 135
86 136
86 142
86 149
86 150
86 152
86 158
86 165
86 166
86 172
86 179
86 189
86 194
86 197
86 210
86 214
86 219
86 236
86 240
86 245
86 253
86 255
86 257
86 259
86 260
86 261
86 266
86 286
87 88
87 89
87 90
87 91
87 92
87 93
87 94
87 95
87 96
87 97
87 98
87 99
87 103
87 107
87 108
87 109
87 110
87 118
87 125
87 126
87 127
87 129
87 131
87 134
87 138
87 145
87 152
87 166
87 169
87 172
87 179
87 184
87 190
87 195
87 197
87 199
87 206
87 207
87 227
87 233
87 236
87 239
87 242
87 243
87 250
87 256
87 257
87 265
87 266
87 269
87 270
87 281
87 283
87 289
87 299
88 89
88 90
88 91
88 92
88 93
88 94
88 95
88 96
88 97
88 98
88 99
88 102
88 111
88 114
88 115
88 116
88 118
88 119
88 129
88 130
88 136
88 138
88 147
88 148
88 151
88 157
88 174
88 182
88 185
88 188
88 190
88 194
88 205
88 207
88 214
88 220
88 221
88 225
88 227
88 231
88 237
88 241
88 250
88 263
88 275
88 277
88 282
88 283
88 284
88 286
88 289
88 296
89 90
89 91
89 92
89 93
89 94
89 95
89 96
89 97
89 98
89 99
89 115
89 117
89 121
89 122
89 124
89 126
89 136
89 147
89 151
89 152
89 157
89 163
89 164
89 166
89 170
89 171
89 177
89 184
89 186
89 187
89 202
89 206
89 207
89 223
89 227
89 232
89 237
89 243
89 245
89 249
89 251
89 257
89 262
89 265
89 267
89 268
89 269
89 270
89 271
89 275
89 277
89 280
89 281
89 285
89 293
90 91
90 92
90 93
90 94
90 95
90 96
90 97
90 98
90 99
90 104
90 105
90 115
90 118
90 125
90 126
90 133
90 137
90 144
90 145
90 147
90 148
90 152
90 158
90 165
90 167
90 173
90 174
90 182
90 186
90 188
90 195
90 207
90 211
90 224
90 226
90 227
90 231
90 234
90 242
90 247
90 253
90 256
90 259
90 268
90 270
90 273
90 274
90 280
90 284
90 288
90 292
90 293
90 296
91 92
91 93
91 94
91 95
91 96
91 97
91 98
91 99
91 101
91 105
91 111
91 117
91 119
91 120
91 124
91 126
91 127
91 129
91 138
91 141
91 146
91 147
91 152
91 155
91 166
91 171
91 172
91 173
91 174
91 189
91 195
91 197
91 199
91 203
91 207
91 208
91 219
91 220
91 223
91 227
91 242
91 244
91 245
91 249
91 263
91 265
91 271
91 272
91 274
91 285
91 288
91 289
91 292
91 293
91 298
92 93
92 94
92 95
92 96
92 97
92 98
92 99
92 120
92 123
92 138
92 139
92 143
92 145
92 149
92 150
92 152
92 156
92 166
92 172
92 174
92 179
92 186
92 189
92 194
92 195
92 196
92 199
92 204
92 208
92 214
92 227
92 230
92 233
92 248
92 251
92 256
92 260
92 263
92 266
92 279
92 292
92 295
92 297
93 94
93 95
93 96
93 97
93 98
93 99
93 106
93 108
93 109
93 111
93 120
93 123
93 126
93 129
93 133
93 136
93 141
93 144
93 163
93 172
93 173
93 175
93 181
93 182
93 185
93 192
93 196
93 201
93 204
93 205
93 207
93 213
93 214
93 223
93 226
93 227
93 237
93 240
93 242
93 256
93 262
93 264
93 265
93 268
93 285
93 294
94 95
94 96
94 97
94 98
94 99
94 103
94 111
94 121
94 128
94 130
94 132
94 136
94 145
94 146
94 147
94 153
94 157
94 158
94 171
94 175
94 179
94 184
94 193
94 202
94 205
94 214
94 226
94 227
94 228
94 256
94 260
94 263
95 96
95 97
95 98
95 99
95 101
95 105
95 106
95 107
95 108
95 111
95 113
95 115
95 122
95 126
95 128
95 134
95 136
95 137
95 140
95 148
95 154
95 158
95 164
95 167
95 175
95 176
95 177
95 178
95 186
95 192
95 195
95 197
95 198
95 199
95 202
95 222
95 223
95 226
95 239
95 254
95 259
95 264
95 272
95 283
95 286
95 294
95 299
96 97
96 98
96 99
96 102
96 106
96 109
96 110
96 111
96 115
96 117
96 119
96 124
96 127
96 132
96 133
96 145
96 149
96 167
96 168
96 172
96 175
96 178
96 186
96 188
96 190
96 192
96 196
96 200
96 202
96 213
96 214
96 216
96 226
96 227
96 228
96 254
96 257
96 258
96 273
96 276
96 278
96 281
96 283
96 299
97 98
97 99
97 101
97 107
97 112
97 119
97 123
97 125
97 139
97 142
97 156
97 158
97 165
97 172
97 192
97 197
97 205
97 207
97 213
97 215
97 216
97 218
97 220
97 234
97 236
97 241
97 247
97 251
97 252
97 254
97 257
97 270
97 271
97 279
97 281
97 284
97 288
97 289
97 290
98 99
98 100
98 106
98 118
98 122
98 127
98 130
98 134
98 147
98 151
98 155
98 156
98 157
98 158
98 160
98 162
98 164
98 167
98 175
98 185
98 190
98 192
98 193
98 206
98 210
98 211
98 225
98 226
98 227
98 236
98 237
98 238
98 241
98 243
98 254
98 258
98 262
98 269
98 279
98 284
99 111
99 114
99 116
99 124
99 128
99 130
99 131
99 132
99 134
99 138
99 139
99 142
99 144
99 151
99 155
99 160
99 162
99 163
99 167
99 168
99 170
99 172
99 174
99 180
99 188
99 193
99 197
99 201
99 203
99 205
99 210
99 220
99 221
99 223
99 228
99 235
99 239
99 249
99 253
99 254
99 255
99 257
99 272
99 282
99 284
99 285
99 292
99 294
99 296
100 101
100 102
100 103
100 104
100 105
100 106
100 107
100 108
100 109
100 110
100 111
100 112
100 113
100 114
100 115
100 116
100 117
100 118
100 119
100 120
100 124
100 128
100 130
100 141
100 144
100 147
100 156
100 158
100 159
100 171
100 182
100 184
100 192
100 193
100 197
100 201
100 202
100 210
100 211
100 214
100 216
100 220
100 222
100 224
100 225
100 236
100 249
100 254
100 256
100 257
100 265
100 266
100 267
100 271
100 275
100 276
100 282
100 289
100 291
100 293
100 296
100 299
101 102
101 103
101 104
101 105
101 106
101 107
101 108
101 109
101 110
101 111
101 112
101 113
101 114
101 115
101 116
101 117
101 118
101 119
101 120
101 123
101 124
101 133
101 140
101 151
101 152
101 156
101 160
101 163
101 164
101 169
101 173
101 175
101 179
101 180
101 183
101 184
101 187
101 190
101 202
101 207
101 210
101 222
101 223
101 224
101 235
101 245
101 249
101 253
101 254
101 255
101 257
101 260
101 262
101 263
101 264
101 282
101 285
101 289
101 297
102 103
102 104
102 105
102 106
102 107
102 108
102 109
102 110
102 111
102 112
102 113
102 114
102 115
102 116
102 117
102 118
102 119
102 123
102 130
102 136
102 138
102 141
102 151
102 153
102 161
102 162
102 169
102 172
102 179
102 182
102 187
102 193
102 194
102 198
102 201
102 204
102 209
102 220
102 226
102 230
102 231
102 234
102 236
102 237
102 241
102 243
102 245
102 248
102 249
102 251
102 253
102 254
102 257
102 259
102 265
102 266
102 270
102 271
102 277
102 281
102 284
102 288
103 104
103 105
103 106
103 107
103 108
103 109
103 110
103 111
103 112
103 113
103 114
103 115
103 116
103 117
103 118
103 119
103 130
103 138
103 142
103 144
103 156
103 157
103 159
103 160
103 164
103 168
103 170
103 173
103 186
103 193
103 194
103 199
103 210
103 213
103 216
103 230
103 238
103 239
103 242
103 245
103 256
103 262
103 265
103 270
103 271
103 272
103 279
103 289
103 290
103 295
104 105
104 106
104 107
104 108
104 109
104 110
104 111
104 112
104 113
104 114
104 115
104 116
104 117
104 118
104 119
104 121
104 122
104 123
104 124
104 127
104 130
104 131
104 140
104 144
104 146
104 150
104 153
104 166
104 170
104 171
104 176
104 180
104 185
104 191
104 197
104 198
104 202
104 209
104 221
104 223
104 229
104 241
104 248
104 249
104 251
104 263
104 264
104 273
104 276
104 287
104 290
104 293
104 297
105 106
105 107
105 108
105 109
105 110
105 111
105 112
105 113
105 114
105 115
105 116
105 117
105 118
105 119
105 123
105 126
105 128
105 132
105 139
105 159
105 160
105 161
105 164
105 172
105 176
105 179
105 194
105 197
105 201
105 205
105 212
105 213
105 214
105 216
105 218
105 228
105 233
105 237
105 240
105 242
105 249
105 263
105 264
105 265
105 269
105 270
105 282
105 283
106 107
106 108
106 109
106 110
106 111
106 112
106 113
106 114
106 115
106 116
106 117
106 118
106 119
106 129
106 130
106 131
106 138
106 143
106 146
106 148
106 151
106 157
106 162
106 169
106 171
106 173
106 174
106 178
106 186
106 189
106 191
106 194
106 198
106 199
106 203
106 213
106 220
106 223
106 225
106 227
106 228
106 230
106 232
106 239
106 241
106 248
106 249
106 253
106 260
106 261
106 266
106 269
106 270
106 273
106 275
106 277
106 279
106 282
106 286
106 293
106 298
107 108
107 109
107 110
107 111
107 112
107 113
107 114
107 115
107 116
107 117
107 118
107 119
107 120
107 123
107 125
107 128
107 136
107 144
107 145
107 146
107 152
107 156
107 171
107 181
107 185
107 192
107 199
107 202
107 211
107 216
107 218
107 219
107 220
107 221
107 228
107 229
107 233
107 237
107 239
107 240
107 245
107 247
107 254
107 255
107 256
107 257
107 259
107 262
107 263
107 264
107 278
107 293
107 295
107 297
108 109
108 110
108 111
108 112
108 113
108 114
108 115
108 116
108 117
108 118
108 119
108 122
108 129
108 130
108 135
108 143
108 145
108 149
108 162
108 163
108 176
108 177
108 182
108 185
108 193
108 196
108 199
108 205
108 206
108 216
108 225
108 229
108 240
108 241
108 250
108 252
108 259
108 263
108 276
108 278
108 279
108 282
108 285
108 291
108 299
109 110
109 111
109 112
109 113
109 114
109 115
109 116
109 117
109 118
109 119
109 121
109 125
109 127
109 133
109 134
109 141
109 149
109 160
109 167
109 179
109 185
109 186
109 191
109 194
109 200
109 202
109 203
109 206
109 211
109 212
109 217
109 218
109 228
109 232
109 233
109 250
109 259
109 278
109 285
109 288
109 293
109 294
109 296
109 298
110 111
110 112
110 113
110 114
110 115
110 116
110 117
110 118
110 119
110 125
110 128
110 132
110 136
110 144
110 146
110 148
110 149
110 155
110 170
110 171
110 175
110 180
110 181
110 185
110 191
110 199
110 202
110 215
110 236
110 251
110 255
110 259
110 261
110 262
110 264
110 267
110 269
110 281
110 284
110 287
110 293
110 296
110 299
111 112
111 113
111 114
111 115
111 116
111 117
111 118
111 119
111 120
111 121
111 126
111 140
111 143
111 148
111 151
111 156
111 161
111 167
111 172
111 181
111 183
111 200
111 201
111 209
111 213
111 214
111 218
111 220
111 221
111 223
111 227
111 237
111 240
111 242
111 248
111 250
111 259
111 260
111 265
111 267
111 273
111 276
111 277
111 281
111 285
111 294
111 296
111 297
111 299
112 113
112 114
112 115
112 116
112 117
112 118
112 119
112 121
112 135
112 136
112 139
112 140
112 142
112 144
112 151
112 154
112 157
112 163
112 164
112 168
112 189
112 190
112 196
112 198
112 210
112 219
112 221
112 224
112 225
112 228
112 230
112 245
112 256
112 257
112 258
112 261
112 263
112 264
112 268
112 270
112 271
112 272
112 278
112 286
112 287
112 296
113 114
113 115
113 116
113 117
113 118
113 119
113 126
113 127
113 136
113 141
113 144
113 145
113 146
113 147
113 148
113 152
113 159
113 166
113 167
113 174
113 179
113 192
113 193
113 196
113 210
113 214
113 215
113 218
113 220
113 221
113 223
113 234
113 235
113 237
113 241
113 249
113 250
113 259
113 262
113 270
113 278
113 281
113 286
113 288
113 291
113 293
113 296
114 115
114 116
114 117
114 118
114 119
114 121
114 122
114 131
114 136
114 139
114 153
114 157
114 161
114 173
114 175
114 179
114 184
114 194
114 203
114 205
114 208
114 217
114 232
114 236
114 238
114 241
114 247
114 249
114 250
114 261
114 265
114 275
114 279
114 284
114 285
114 287
114 289
114 294
115 116
115 117
115 118
115 119
115 121
115 125
115 138
115 143
115 147
115 148
115 150
115 155
115 159
115 170
115 171
115 174
115 175
115 182
115 183
115 187
115 198
115 200
115 207
115 210
115 220
115 221
115 229
115 231
115 232
115 233
115 236
115 237
115 241
115 254
115 255
115 265
115 269
115 285
115 287
115 289
116 117
116 118
116 119
116 121
116 134
116 135
116 136
116 140
116 143
116 148
116 156
116 160
116 161
116 165
116 173
116 177
116 179
116 192
116 194
116 196
116 198
116 202
116 203
116 216
116 219
116 225
116 233
116 234
116 235
116 240
116 253
116 256
116 261
116 264
116 269
116 278
116 281
116 282
116 287
116 299
117 118
117 119
117 132
117 135
117 148
117 155
117 157
117 158
117 165
117 168
117 171
117 178
117 179
117 181
117 183
117 184
117 185
117 186
117 193
117 194
117 195
117 196
117 197
117 207
117 216
117 223
117 239
117 243
117 244
117 249
117 253
117 255
117 265
117 267
117 270
117 271
117 275
117 279
117 281
117 289
117 290
117 294
117 295
117 296
118 119
118 121
118 134
118 144
118 146
118 148
118 149
118 150
118 151
118 155
118 165
118 167
118 171
118 174
118 176
118 182
118 197
118 199
118 208
118 214
118 216
118 221
118 222
118 226
118 227
118 237
118 241
118 245
118 253
118 258
118 263
118 266
118 269
118 277
118 283
118 286
119 121
119 122
119 124
119 142
119 167
119 177
119 179
119 183
119 184
119 200
119 205
119 208
119 211
119 218
119 220
119 221
119 222
119 226
119 232
119 243
119 244
119 256
119 260
119 277
119 281
119 288
119 289
128 129
128 130
128 131
128 132
128 133
128 134
128 135
128 136
128 137
128 138
128 139
128 120
128 121
128 122
128 123
128 124
128 125
128 126
128 127
128 142
128 143
128 144
128 145
128 149
128 150
128 151
128 152
128 156
128 158
128 163
128 168
128 171
128 176
128 183
128 184
128 185
128 186
128 188
128 191
128 196
128 200
128 203
128 204
128 210
128 230
128 232
128 249
128 253
128 256
128 263
128 280
128 282
128 284
128 285
128 296
128 299
129 130
129 131
129 132
129 133
129 134
129 135
129 136
129 137
129 138
129 139
129 120
129 121
129 122
129 123
129 124
129 125
129 126
129 127
129 146
129 154
129 156
129 164
129 176
129 182
129 185
129 188
129 191
129 199
129 204
129 215
129 221
129 223
129 228
129 230
129 235
129 241
129 244
129 246
129 247
129 262
129 265
129 273
129 283
129 288
129 294
129 295
130 131
130 132
130 133
130 134
130 135
130 136
130 137
130 138
130 139
130 120
130 121
130 122
130 123
130 124
130 125
130 126
130 127
130 141
130 142
130 147
130 155
130 160
130 163
130 165
130 167
130 168
130 171
130 173
130 176
130 184
130 187
130 191
130 195
130 198
130 207
130 210
130 215
130 226
130 228
130 233
130 237
130 239
130 268
130 273
130 278
130 279
130 283
130 287
130 296
131 132
131 133
131 134
131 135
131 136
131 137
131 138
131 139
131 120
131 121
131 122
131 123
131 124
131 125
131 126
131 127
131 148
131 155
131 156
131 157
131 166
131 170
131 175
131 183
131 184
131 199
131 205
131 212
131 224
131 233
131 235
131 242
131 243
131 245
131 257
131 261
131 274
131 279
131 282
131 283
131 285
131 297
132 133
132 134
132 135
132 136
132 137
132 138
132 139
132 120
132 121
132 122
132 123
132 124
132 125
132 126
132 127
132 141
132 147
132 152
132 154
132 156
132 157
132 158
132 164
132 169
132 171
132 177
132 184
132 193
132 201
132 204
132 206
132 217
132 230
132 231
132 234
132 238
132 245
132 251
132 253
132 257
132 270
132 277
132 281
132 282
132 287
132 290
132 291
133 134
133 135
133 136
133 137
133 138
133 139
133 120
133 121
133 122
133 123
133 124
133 125
133 126
133 127
133 149
133 160
133 171
133 178
133 183
133 193
133 200
133 207
133 213
133 220
133 221
133 239
133 246
133 259
133 262
133 263
133 264
133 273
133 274
133 277
133 289
133 294
133 296
133 297
134 135
134 136
134 137
134 138
134 139
134 120
134 121
134 122
134 123
134 124
134 125
134 126
134 127
134 142
134 143
134 144
134 146
134 147
134 149
134 150
134 156
134 159
134 165
134 169
134 173
134 188
134 193
134 194
134 195
134 197
134 213
134 214
134 216
134 218
134 219
134 227
134 233
134 236
134 244
134 245
134 246
134 253
134 259
134 260
134 262
134 268
134 270
134 271
134 277
134 288
134 294
134 295
134 299
135 136
135 137
135 138
135 139
135 120
135 121
135 122
135 123
135 124
135 125
135 126
135 127
135 146
135 148
135 150
135 154
135 155
135 157
135 161
135 162
135 170
135 175
135 190
135 195
135 203
135 204
135 205
135 213
135 231
135 250
135 254
135 255
135 256
135 260
135 261
135 264
135 266
135 267
135 282
135 292
135 298
136 137
136 138
136 139
136 120
136 121
136 122
136 123
136 124
136 125
136 126
136 127
136 146
136 151
136 156
136 167
136 174
136 177
136 182
136 191
136 196
136 201
136 202
136 205
136 210
136 217
136 220
136 223
136 224
136 229
136 231
136 242
136 246
136 253
136 254
136 261
136 267
136 271
136 274
136 275
136 288
136 290
136 292
136 293
136 297
137 138
137 139
137 120
137 121
137 122
137 123
137 124
137 125
137 126
137 127
137 141
137 142
137 143
137 153
137 156
137 159
137 172
137 173
137 175
137 188
137 190
137 193
137 206
137 210
137 211
137 217
137 218
137 224
137 227
137 229
137 236
137 240
137 241
137 243
137 245
137 258
137 259
137 261
137 266
137 268
137 269
137 271
137 272
137 274
137 280
137 281
137 282
137 283
137 286
137 299
138 139
138 120
138 121
138 122
138 123
138 124
138 125
138 126
138 127
138 142
138 146
138 147
138 152
138 173
138 182
138 187
138 191
138 193
138 199
138 202
138 203
138 213
138 216
138 217
138 221
138 222
138 227
138 234
138 247
138 250
138 252
138 254
138 259
138 262
138 263
138 270
138 271
138 282
138 287
138 291
139 120
139 121
139 122
139 123
139 124
139 125
139 126
139 127
139 146
139 149
139 151
139 152
139 159
139 167
139 171
139 172
139 177
139 180
139 183
139 188
139 190
139 191
139 192
139 194
139 196
139 197
139 199
139 200
139 206
139 211
139 217
139 220
139 224
139 234
139 239
139 250
139 256
139 258
139 266
139 280
139 282
139 283
139 286
139 291
139 295
120 121
120 122
120 123
120 124
120 125
120 126
120 127
120 141
120 143
120 145
120 147
120 160
120 161
120 163
120 165
120 176
120 177
120 180
120 188
120 192
120 197
120 207
120 213
120 215
120 218
120 221
120 232
120 239
120 256
120 267
120 269
120 271
120 274
120 275
120 291
120 294
121 122
121 123
121 124
121 125
121 126
121 127
121 142
121 143
121 147
121 151
121 167
121 177
121 184
121 190
121 197
121 201
121 204
121 214
121 215
121 221
121 222
121 226
121 230
121 236
121 237
121 252
121 254
121 257
121 265
121 268
121 279
121 282
121 284
121 287
121 291
122 123
122 124
122 125
122 126
122 127
122 144
122 146
122 148
122 154
122 157
122 159
122 163
122 164
122 169
122 174
122 180
122 182
122 183
122 189
122 198
122 211
122 216
122 224
122 225
122 236
122 237
122 255
122 263
122 271
122 273
122 293
122 296
123 124
123 125
123 126
123 127
123 140
123 141
123 147
123 158
123 164
123 167
123 180
123 189
123 190
123 204
123 215
123 219
123 224
123 227
123 236
123 240
123 241
123 243
123 246
123 247
123 249
123 250
123 252
123 258
123 264
123 266
123 272
123 275
123 278
123 288
123 290
123 291
124 125
124 126
124 127
124 143
124 144
124 150
124 155
124 156
124 178
124 181
124 187
124 189
124 200
124 203
124 210
124 219
124 220
124 221
124 223
124 225
124 230
124 231
124 239
124 245
124 249
124 258
124 260
124 267
124 268
124 271
124 273
124 289
124 292
125 126
125 127
125 143
125 144
125 155
125 156
125 157
125 158
125 160
125 166
125 180
125 181
125 183
125 187
125 189
125 190
125 191
125 198
125 199
125 211
125 214
125 222
125 228
125 241
125 245
125 248
125 256
125 258
125 259
125 260
125 261
125 262
125 265
125 268
125 276
125 283
125 288
125 294
125 298
126 127
126 145
126 149
126 163
126 168
126 169
126 173
126 180
126 186
126 195
126 198
126 201
126 204
126 205
126 212
126 214
126 218
126 220
126 223
126 228
126 229
126 234
126 238
126 239
126 244
126 249
126 252
126 253
126 255
126 264
126 272
126 275
126 284
126 288
126 293
126 294
127 142
127 146
127 165
127 176
127 187
127 191
127 199
127 201
127 209
127 216
127 225
127 226
127 228
127 234
127 235
127 244
127 246
127 250
127 252
127 255
127 258
127 259
127 260
127 263
127 265
127 266
127 267
127 269
127 270
127 276
127 277
127 284
127 288
127 289
127 299
140 141
140 142
140 143
140 144
140 145
140 146
140 147
140 148
140 149
140 150
140 151
140 152
140 153
140 154
140 155
140 156
140 157
140 158
140 159
140 170
140 174
140 179
140 187
140 193
140 202
140 203
140 204
140 205
140 206
140 207
140 211
140 225
140 231
140 240
140 247
140 261
140 265
140 273
140 283
140 288
140 293
140 297
140 298
141 142
141 143
141 144
141 145
141 146
141 147
141 148
141 149
141 150
141 151
141 152
141 153
141 154
141 155
141 156
141 157
141 158
141 159
141 162
141 173
141 182
141 188
141 206
141 208
141 209
141 210
141 212
141 214
141 218
141 219
141 224
141 229
141 230
141 239
141 244
141 252
141 254
141 258
141 260
141 262
141 282
141 288
141 293
142 143
142 144
142 145
142 146
142 147
142 148
142 149
142 150
142 151
142 152
142 153
142 154
142 155
142 156
142 157
142 158
142 159
142 160
142 163
142 171
142 172
142 178
142 181
142 199
142 205
142 214
142 217
142 221
142 224
142 229
142 232
142 236
142 237
142 246
142 247
142 261
142 263
142 270
142 280
142 281
142 287
142 288
142 296
143 144
143 145
143 146
143 147
143 148
143 149
143 150
143 151
143 152
143 153
143 154
143 155
143 156
143 157
143 158
143 159
143 163
143 166
143 167
143 173
143 176
143 181
143 185
143 186
143 187
143 190
143 192
143 202
143 206
143 208
143 210
143 212
143 216
143 230
143 231
143 238
143 240
143 245
143 248
143 249
143 250
143 252
143 258
143 259
143 261
143 263
143 264
143 268
143 274
143 276
143 284
143 292
144 145
144 146
144 147
144 148
144 149
144 150
144 151
144 152
144 153
144 154
144 155
144 156
144 157
144 158
144 159
144 161
144 162
144 168
144 170
144 173
144 176
144 182
144 183
144 190
144 198
144 204
144 211
144 213
144 217
144 218
144 229
144 231
144 232
144 234
144 249
144 259
144 263
144 267
144 273
144 274
144 283
145 146
145 147
145 148
145 149
145 150
145 151
145 152
145 153
145 154
145 155
145 156
145 157
145 158
145 159
145 162
145 170
145 171
145 176
145 191
145 192
145 193
145 196
145 202
145 205
145 206
145 207
145 219
145 220
145 225
145 236
145 237
145 240
145 253
145 258
145 264
145 275
145 278
145 280
145 283
145 289
145 292
145 296
146 147
146 148
146 149
146 150
146 151
146 152
146 153
146 154
146 155
146 156
146 157
146 158
146 159
146 160
146 161
146 163
146 165
146 166
146 167
146 173
146 177
146 181
146 185
146 187
146 188
146 191
146 194
146 197
146 201
146 213
146 222
146 229
146 231
146 234
146 240
146 241
146 247
146 257
146 260
146 264
146 268
146 272
146 274
146 278
146 288
146 289
146 290
146 294
146 296
146 298
146 299
147 148
147 149
147 150
147 151
147 152
147 153
147 154
147 155
147 156
147 157
147 158
147 159
147 162
147 164
147 178
147 181
147 184
147 193
147 200
147 206
147 216
147 219
147 222
147 235
147 237
147 243
147 247
147 259
147 265
147 273
147 274
147 280
147 281
147 298
148 149
148 150
148 151
148 152
148 153
148 154
148 155
148 156
148 157
148 158
148 159
148 161
148 172
148 174
148 189
148 190
148 196
148 197
148 200
148 201
148 219
148 228
148 244
148 246
148 255
148 263
148 267
148 268
148 270
148 271
148 275
148 276
148 278
148 285
148 287
148 293
149 150
149 151
149 152
149 153
149 154
149 155
149 156
149 157
149 158
149 159
149 160
149 169
149 170
149 178
149 185
149 199
149 201
149 206
149 213
149 214
149 215
149 219
149 229
149 234
149 235
149 236
149 246
149 247
149 259
149 263
149 274
149 276
149 285
149 286
149 288
149 289
150 151
150 152
150 153
150 154
150 155
150 156
150 157
150 158
150 159
150 160
150 161
150 165
150 169
150 172
150 175
150 179
150 180
150 186
150 197
150 200
150 205
150 206
150 215
150 219
150 220
150 232
150 235
150 243
150 244
150 254
150 255
150 257
150 271
150 276
150 278
150 286
150 289
150 290
150 291
150 294
150 295
150 298
151 152
151 153
151 154
151 155
151 156
151 157
151 158
151 159
151 160
151 161
151 164
151 166
151 172
151 173
151 179
151 183
151 192
151 194
151 195
151 196
151 200
151 219
151 231
151 233
151 239
151 250
151 252
151 266
151 272
151 275
151 276
151 283
151 284
151 295
152 153
152 154
152 155
152 156
152 157
152 158
152 159
152 160
152 162
152 164
152 167
152 168
152 173
152 176
152 184
152 188
152 189
152 191
152 197
152 206
152 209
152 211
152 219
152 223
152 224
152 225
152 228
152 234
152 235
152 250
152 252
152 253
152 255
152 264
152 270
152 279
152 285
152 288
152 295
152 296
153 154
153 155
153 156
153 157
153 158
153 159
153 161
153 168
153 180
153 184
153 194
153 195
153 196
153 204
153 217
153 220
153 226
153 229
153 235
153 239
153 243
153 247
153 249
153 258
153 264
153 271
153 278
153 279
153 294
153 295
154 155
154 156
154 157
154 158
154 159
154 160
154 162
154 163
154 180
154 182
154 183
154 185
154 189
154 197
154 202
154 209
154 214
154 216
154 218
154 219
154 220
154 225
154 227
154 247
154 257
154 271
154 272
154 273
154 284
154 285
154 286
154 289
154 297
155 156
155 157
155 158
155 159
155 161
155 163
155 164
155 165
155 166
155 167
155 168
155 170
155 177
155 182
155 192
155 196
155 199
155 200
155 201
155 204
155 205
155 207
155 213
155 216
155 222
155 224
155 225
155 227
155 234
155 243
155 244
155 245
155 252
155 253
155 257
155 264
155 266
155 268
155 277
155 280
155 282
155 288
155 295
155 297
155 299
156 157
156 158
156 159
156 160
156 166
156 177
156 185
156 188
156 191
156 194
156 196
156 206
156 215
156 218
156 219
156 221
156 223
156 227
156 232
156 241
156 245
156 246
156 250
156 251
156 258
156 269
156 272
156 274
156 283
156 292
156 293
156 295
156 296
157 158
157 159
157 163
157 165
157 170
157 173
157 174
157 176
157 179
157 181
157 182
157 183
157 184
157 186
157 197
157 232
157 236
157 240
157 254
157 256
157 261
157 267
157 275
157 281
157 285
157 288
157 292
157 296
158 159
158 163
158 165
158 169
158 170
158 174
158 176
158 181
158 188
158 227
158 237
158 238
158 239
158 253
158 255
158 264
158 266
158 270
158 271
158 286
158 288
158 292
158 297
158 298
158 299
159 163
159 168
159 171
159 174
159 176
159 180
159 192
159 200
159 204
159 207
159 214
159 219
159 220
159 227
159 230
159 232
159 233
159 238
159 239
159 241
159 243
159 245
159 248
159 253
159 271
159 281
159 282
159 290
159 292
160 161
160 162
160 163
160 164
160 165
160 166
160 167
160 168
160 169
160 170
160 171
160 172
160 173
160 174
160 175
160 176
160 177
160 178
160 179
160 186
160 193
160 205
160 224
160 227
160 234
160 238
160 240
160 243
160 244
160 248
160 266
160 271
160 282
160 283
160 284
160 290
160 291
160 296
161 162
161 163
161 164
161 165
161 166
161 167
161 168
161 169
161 170
161 171
161 172
161 173
161 174
161 175
161 176
161 177
161 178
161 179
161 182
161 189
161 193
161 200
161 205
161 207
161 213
161 215
161 222
161 225
161 226
161 236
161 262
161 269
161 271
161 278
161 280
161 286
161 287
161 291
161 294
161 296
161 297
161 298
162 163
162 164
162 165
162 166
162 167
162 168
162 169
162 170
162 171
162 172
162 173
162 174
162 175
162 176
162 177
162 178
162 179
162 180
162 183
162 187
162 198
162 199
162 203
162 210
162 211
162 218
162 220
162 227
162 229
162 231
162 233
162 247
162 249
162 251
162 253
162 259
162 260
162 262
162 268
162 269
162 270
162 278
162 279
162 281
162 295
162 297
163 164
163 165
163 166
163 167
163 168
163 169
163 170
163 171
163 172
163 173
163 174
163 175
163 176
163 177
163 178
163 179
163 186
163 188
163 189
163 207
163 211
163 217
163 219
163 220
163 224
163 228
163 230
163 232
163 240
163 243
163 244
163 249
163 267
163 271
163 276
163 294
164 165
164 166
164 167
164 168
164 169
164 170
164 171
164 172
164 173
164 174
164 175
164 176
164 177
164 178
164 179
164 195
164 202
164 204
164 211
164 212
164 213
164 223
164 237
164 238
164 247
164 255
164 258
164 264
164 272
164 273
164 280
164 287
164 288
164 289
165 166
165 167
165 168
165 169
165 170
165 171
165 172
165 173
165 174
165 175
165 176
165 177
165 178
165 179
165 194
165 199
165 200
165 202
165 204
165 224
165 225
165 227
165 228
165 230
165 240
165 243
165 244
165 252
165 255
165 260
165 261
165 280
165 299
166 167
166 168
166 169
166 170
166 171
166 172
166 173
166 174
166 175
166 176
166 177
166 178
166 179
166 182
166 192
166 193
166 194
166 196
166 204
166 209
166 215
166 217
166 221
166 233
166 239
166 240
166 249
166 251
166 253
166 254
166 255
166 261
166 263
166 267
166 271
166 278
166 282
166 284
166 287
166 288
166 289
166 299
167 168
167 169
167 170
167 171
167 172
167 173
167 174
167 175
167 176
167 177
167 178
167 179
167 180
167 187
167 191
167 194
167 195
167 207
167 208
167 211
167 214
167 225
167 228
167 232
167 235
167 236
167 243
167 245
167 261
167 262
167 267
167 272
167 273
167 277
167 282
167 287
167 290
168 169
168 170
168 171
168 172
168 173
168 174
168 175
168 176
168 177
168 178
168 179
168 181
168 184
168 185
168 195
168 200
168 201
168 210
168 214
168 221
168 223
168 226
168 236
168 240
168 244
168 246
168 260
168 268
168 269
168 271
168 276
168 292
168 294
168 297
169 170
169 171
169 172
169 173
169 174
169 175
169 176
169 177
169 178
169 179
169 182
169 184
169 186
169 198
169 210
169 218
169 231
169 243
169 245
169 248
169 256
169 257
169 262
169 263
169 264
169 267
169 272
169 282
169 283
169 285
169 286
169 294
169 298
170 171
170 172
170 173
170 174
170 175
170 176
170 177
170 178
170 179
170 189
170 190
170 197
170 200
170 207
170 208
170 220
170 222
170 223
170 224
170 225
170 227
170 231
170 238
170 239
170 240
170 241
170 245
170 247
170 249
170 264
170 265
170 270
170 271
170 272
170 276
170 277
170 278
170 283
170 290
170 294
171 172
171 173
171 174
171 175
171 176
171 177
171 178
171 179
171 184
171 203
171 207
171 208
171 209
171 220
171 226
171 234
171 238
171 243
171 245
171 260
171 264
171 275
171 279
171 280
171 285
171 289
171 291
171 294
171 295
171 297
171 298
172 173
172 174
172 175
172 176
172 177
172 178
172 179
172 182
172 190
172 192
172 195
172 199
172 201
172 204
172 210
172 221
172 228
172 231
172 234
172 238
172 241
172 245
172 248
172 252
172 256
172 258
172 260
172 265
172 269
172 289
172 297
173 174
173 175
173 176
173 177
173 178
173 179
173 180
173 184
173 189
173 190
173 191
173 192
173 195
173 199
173 203
173 206
173 219
173 225
173 244
173 247
173 259
173 267
173 280
173 290
173 294
173 299
174 175
174 176
174 177
174 178
174 179
174 180
174 186
174 188
174 189
174 211
174 215
174 217
174 225
174 236
174 238
174 249
174 257
174 259
174 269
174 277
174 282
174 285
174 287
174 290
174 293
175 176
175 177
175 178
175 179
175 182
175 185
175 191
175 204
175 212
175 221
175 222
175 226
175 229
175 234
175 236
175 238
175 243
175 250
175 254
175 260
175 265
175 289
175 298
176 177
176 178
176 179
176 199
176 200
176 210
176 227
176 235
176 239
176 249
176 261
176 262
176 276
176 280
176 282
176 289
176 295
177 178
177 179
177 181
177 189
177 192
177 195
177 199
177 207
177 209
177 210
177 211
177 217
177 224
177 229
177 231
177 244
177 247
177 248
177 251
177 253
177 259
177 267
177 268
177 271
177 276
177 278
177 288
178 179
178 180
178 192
178 197
178 198
178 201
178 202
178 204
178 205
178 214
178 216
178 221
178 222
178 223
178 231
178 234
178 247
178 250
178 251
178 254
178 258
178 263
178 269
178 274
178 281
178 284
178 287
178 288
179 185
179 188
179 191
179 192
179 193
179 194
179 199
179 201
179 203
179 209
179 212
179 214
179 222
179 223
179 224
179 229
179 233
179 235
179 238
179 239
179 242
179 244
179 248
179 252
179 253
179 254
179 277
179 278
179 285
179 289
179 295
180 181
180 182
180 183
180 184
180 185
180 186
180 187
180 188
180 189
180 190
180 191
180 192
180 193
180 194
180 195
180 196
180 197
180 198
180 199
180 204
180 206
180 217
180 219
180 224
180 230
180 231
180 232
180 234
180 240
180 246
180 255
180 265
180 270
180 280
180 282
180 283
180 285
180 290
180 298
180 299
181 182
181 183
181 184
181 185
181 186
181 187
181 188
181 189
181 190
181 191
181 192
181 193
181 194
181 195
181 196
181 197
181 198
181 199
181 201
181 203
181 204
181 211
181 212
181 226
181 230
181 234
181 238
181 244
181 258
181 260
181 262
181 263
181 273
181 278
181 289
182 183
182 184
182 185
182 186
182 187
182 188
182 189
182 190
182 191
182 192
182 193
182 194
182 195
182 196
182 197
182 198
182 199
182 201
182 209
182 214
182 215
182 222
182 223
182 225
182 235
182 237
182 239
182 248
182 252
182 257
182 258
182 260
182 261
182 263
182 273
182 276
182 280
182 285
182 289
182 290
182 292
182 295
182 297
183 184
183 185
183 186
183 187
183 188
183 189
183 190
183 191
183 192
183 193
183 194
183 195
183 196
183 197
183 198
183 199
183 202
183 203
183 204
183 208
183 210
183 213
183 222
183 233
183 235
183 245
183 251
183 255
183 259
183 264
183 265
183 272
183 281
183 286
183 287
183 293
184 185
184 186
184 187
184 188
184 189
184 190
184 191
184 192
184 193
184 194
184 195
184 196
184 197
184 198
184 199
184 208
184 209
184 210
184 215
184 218
184 219
184 221
184 228
184 230
184 248
184 256
184 266
184 269
184 273
184 277
184 286
184 293
185 186
185 187
185 188
185 189
185 190
185 191
185 192
185 193
185 194
185 195
185 196
185 197
185 198
185 199
185 201
185 210
185 216
185 220
185 229
185 231
185 232
185 240
185 243
185 254
185 256
185 262
185 264
185 272
185 295
186 187
186 188
186 189
186 190
186 191
186 192
186 193
186 194
186 195
186 196
186 197
186 198
186 199
186 201
186 209
186 216
186 220
186 224
186 234
186 235
186 238
186 239
186 246
186 264
186 266
186 278
186 279
186 288
186 289
186 295
186 297
187 188
187 189
187 190
187 191
187 192
187 193
187 194
187 195
187 196
187 197
187 198
187 199
187 202
187 214
187 219
187 220
187 223
187 229
187 238
187 244
187 248
187 265
187 270
187 271
187 275
187 278
187 285
187 289
187 292
187 296
187 298
188 189
188 190
188 191
188 192
188 193
188 194
188 195
188 196
188 197
188 198
188 199
188 212
188 217
188 220
188 221
188 224
188 227
188 229
188 236
188 240
188 242
188 247
188 249
188 250
188 254
188 255
188 261
188 271
188 273
188 275
188 276
188 279
188 281
188 282
188 283
188 286
189 190
189 191
189 192
189 193
189 194
189 195
189 196
189 197
189 198
189 199
189 201
189 202
189 209
189 216
189 223
189 240
189 242
189 244
189 249
189 259
189 261
189 263
189 268
189 269
189 276
189 284
189 286
189 290
189 295
189 296
190 191
190 192
190 193
190 194
190 195
190 196
190 197
190 198
190 199
190 202
190 203
190 209
190 219
190 221
190 225
190 226
190 227
190 234
190 235
190 241
190 242
190 256
190 259
190 273
190 278
190 283
190 286
190 294
190 298
191 192
191 193
191 194
191 195
191 196
191 197
191 198
191 199
191 202
191 203
191 205
191 208
191 209
191 212
191 214
191 226
191 229
191 239
191 241
191 242
191 243
191 250
191 252
191 265
191 271
191 272
191 274
191 275
191 278
191 280
191 288
192 193
192 194
192 195
192 196
192 197
192 198
192 199
192 217
192 218
192 222
192 223
192 224
192 235
192 236
192 238
192 240
192 247
192 254
192 264
192 270
192 272
192 275
192 280
192 284
192 297
193 194
193 195
193 196
193 197
193 198
193 199
193 209
193 215
193 217
193 221
193 222
193 223
193 225
193 226
193 227
193 233
193 237
193 241
193 245
193 248
193 253
193 256
193 259
193 267
193 271
193 279
193 282
193 286
193 297
194 195
194 196
194 197
194 198
194 199
194 205
194 209
194 211
194 212
194 214
194 227
194 228
194 229
194 231
194 246
194 252
194 256
194 262
194 265
194 267
194 271
194 278
194 285
194 287
194 291
194 292
194 294
194 298
195 196
195 197
195 198
195 199
195 208
195 209
195 215
195 217
195 221
195 240
195 248
195 252
195 261
195 262
195 265
195 278
195 279
195 283
195 284
195 294
196 197
196 198
196 199
196 204
196 207
196 208
196 209
196 210
196 211
196 215
196 221
196 223
196 228
196 232
196 236
196 239
196 243
196 248
196 250
196 253
196 256
196 259
196 267
196 284
196 295
197 198
197 199
197 200
197 205
197 206
197 209
197 216
197 217
197 219
197 223
197 230
197 235
197 241
197 243
197 245
197 246
197 247
197 248
197 256
197 267
197 279
197 280
197 286
197 288
197 292
197 293
197 295
198 199
198 200
198 202
198 208
198 212
198 213
198 215
198 216
198 221
198 229
198 235
198 238
198 248
198 249
198 268
198 269
198 273
198 276
198 279
198 282
198 286
198 294
199 201
199 202
199 205
199 212
199 236
199 237
199 239
199 242
199 245
199 247
199 248
199 249
199 251
199 253
199 261
199 263
199 267
199 268
199 274
199 276
199 287
199 298
200 201
200 202
200 203
200 204
200 205
200 206
200 207
200 208
200 209
200 210
200 211
200 212
200 213
200 214
200 215
200 216
200 217
200 218
200 219
200 222
200 231
200 233
200 236
200 239
200 243
200 253
200 255
200 259
200 260
200 272
200 286
200 291
200 298
201 202
201 203
201 204
201 205
201 206
201 207
201 208
201 209
201 210
201 211
201 212
201 213
201 214
201 215
201 216
201 217
201 218
201 219
201 228
201 235
201 238
201 241
201 243
201 252
201 254
201 257
201 259
201 279
201 297
201 299
202 203
202 204
202 205
202 206
202 207
202 208
202 209
202 210
202 211
202 212
202 213
202 214
202 215
202 216
202 217
202 218
202 219
202 222
202 226
202 231
202 238
202 240
202 244
202 248
202 251
202 256
202 260
202 261
202 270
202 276
202 284
202 285
202 291
202 293
202 295
203 204
203 205
203 206
203 207
203 208
203 209
203 210
203 211
203 212
203 213
203 214
203 215
203 216
203 217
203 218
203 219
203 224
203 227
203 230
203 238
203 241
203 242
203 246
203 248
203 250
203 254
203 257
203 258
203 263
203 276
203 282
203 286
203 292
203 293
203 295
204 205
204 206
204 207
204 208
204 209
204 210
204 211
204 212
204 213
204 214
204 215
204 216
204 217
204 218
204 219
204 220
204 222
204 226
204 243
204 244
204 251
204 254
204 257
204 259
204 272
204 279
204 280
204 282
204 291
204 294
204 296
205 206
205 207
205 208
205 209
205 210
205 211
205 212
205 213
205 214
205 215
205 216
205 217
205 218
205 219
205 226
205 234
205 235
205 244
205 251
205 256
205 258
205 259
205 262
205 268
205 270
205 272
205 278
205 293
205 295
205 298
206 207
206 208
206 209
206 210
206 211
206 212
206 213
206 214
206 215
206 216
206 217
206 218
206 219
206 221
206 228
206 233
206 251
206 253
206 256
206 271
206 273
206 276
206 277
206 298
207 208
207 209
207 210
207 211
207 212
207 213
207 214
207 215
207 216
207 217
207 218
207 219
207 223
207 234
207 235
207 236
207 237
207 240
207 245
207 246
207 254
207 259
207 265
207 266
207 277
207 282
207 283
207 292
208 209
208 210
208 211
208 212
208 213
208 214
208 215
208 216
208 217
208 218
208 219
208 221
208 222
208 226
208 227
208 230
208 233
208 239
208 243
208 249
208 253
208 264
208 266
208 271
208 273
208 276
208 277
208 281
208 288
208 289
208 290
208 292
208 296
208 298
208 299
209 210
209 211
209 212
209 213
209 214
209 215
209 216
209 217
209 218
209 219
209 220
209 234
209 237
209 238
209 259
209 261
209 263
209 264
209 266
209 267
209 269
209 274
209 283
209 286
209 289
209 294
209 296
209 297
210 211
210 212
210 213
210 214
210 215
210 216
210 217
210 218
210 219
210 224
210 230
210 233
210 237
210 248
210 252
210 254
210 257
210 265
210 278
210 294
210 298
211 212
211 213
211 214
211 215
211 216
211 217
211 218
211 219
211 221
211 225
211 232
211 233
211 254
211 255
211 259
211 265
211 268
211 269
211 271
211 275
211 278
211 279
211 284
211 289
212 213
212 214
212 215
212 216
212 217
212 218
212 219
212 221
212 226
212 233
212 241
212 248
212 250
212 256
212 274
212 278
212 289
212 297
213 214
213 215
213 216
213 217
213 218
213 219
213 222
213 240
213 245
213 251
213 257
213 259
213 267
213 278
213 287
213 292
213 297
214 215
214 216
214 217
214 218
214 219
214 226
214 228
214 236
214 240
214 250
214 253
214 268
214 276
214 277
214 280
214 281
214 286
214 292
215 216
215 217
215 218
215 219
215 222
215 226
215 227
215 236
215 244
215 245
215 250
215 255
215 258
215 259
215 264
215 274
215 279
215 288
215 289
215 296
216 217
216 218
216 219
216 224
216 225
216 230
216 235
216 252
216 254
216 255
216 259
216 261
216 264
216 275
216 278
216 285
216 286
216 292
216 295
216 299
217 218
217 219
217 245
217 248
217 250
217 254
217 255
217 271
217 272
217 277
217 278
217 284
217 291
218 219
218 230
218 233
218 241
218 242
218 246
218 247
218 248
218 249
218 251
218 254
218 268
218 272
218 283
218 284
218 289
218 297
219 221
219 227
219 229
219 231
219 233
219 242
219 248
219 255
219 257
219 258
219 260
219 261
219 263
219 265
219 266
219 272
219 276
219 279
219 284
219 289
219 292
219 295
220 221
220 222
220 223
220 224
220 225
220 226
220 227
220 228
220 229
220 230
220 231
220 232
220 233
220 234
220 235
220 236
220 237
220 238
220 239
220 241
220 251
220 255
220 256
220 260
220 261
220 263
220 266
220 271
220 272
220 277
220 278
220 279
220 280
220 288
220 290
221 222
221 223
221 224
221 225
221 226
221 227
221 228
221 229
221 230
221 231
221 232
221 233
221 234
221 235
221 236
221 237
221 238
221 239
221 241
221 245
221 252
221 254
221 255
221 256
221 267
221 270
221 276
221 285
221 286
221 288
221 294
221 296
222 223
222 224
222 225
222 226
222 227
222 228
222 229
222 230
222 231
222 232
222 233
222 234
222 235
222 236
222 237
222 238
222 239
222 255
222 257
222 264
222 272
222 273
222 275
222 285
222 292
222 298
223 224
223 225
223 226
223 227
223 228
223 229
223 230
223 231
223 232
223 233
223 234
223 235
223 236
223 237
223 238
223 239
223 240
223 249
223 251
223 252
223 253
223 255
223 259
223 260
223 266
223 267
223 270
223 273
223 275
223 282
223 285
223 291
224 225
224 226
224 227
224 228
224 229
224 230
224 231
224 232
224 233
224 234
224 235
224 236
224 237
224 238
224 239
224 240
224 247
224 254
224 256
224 257
224 259
224 265
224 269
224 272
224 291
224 293
224 294
224 295
224 297
225 226
225 227
225 228
225 229
225 230
225 231
225 232
225 233
225 234
225 235
225 236
225 237
225 238
225 239
225 243
225 248
225 251
225 259
225 263
225 266
225 269
225 279
225 282
225 288
225 294
225 299
226 227
226 228
226 229
226 230
226 231
226 232
226 233
226 234
226 235
226 236
226 237
226 238
226 239
226 246
226 249
226 259
226 261
226 264
226 279
226 280
226 284
226 286
226 289
226 290
226 296
226 297
227 228
227 229
227 230
227 231
227 232
227 233
227 234
227 235
227 236
227 237
227 238
227 239
227 241
227 242
227 246
227 247
227 249
227 251
227 253
227 260
227 272
227 277
227 290
227 295
228 229
228 230
228 231
228 232
228 233
228 234
228 235
228 236
228 237
228 238
228 239
228 241
228 243
228 244
228 254
228 257
228 263
228 271
228 273
228 278
229 230
229 231
229 232
229 233
229 234
229 235
229 236
229 237
229 238
229 239
229 248
229 263
229 280
229 298
230 231
230 232
230 233
230 234
230 235
230 236
230 237
230 238
230 239
230 247
230 259
230 266
230 275
230 281
230 282
230 287
230 288
231 232
231 233
231 234
231 235
231 236
231 237
231 238
231 239
231 241
231 246
231 247
231 258
231 268
231 283
231 287
231 291
231 294
231 296
232 233
232 234
232 235
232 236
232 237
232 238
232 239
232 241
232 245
232 252
232 258
232 261
232 266
232 267
232 285
232 288
232 290
232 296
233 234
233 235
233 236
233 237
233 238
233 239
233 242
233 271
233 275
233 292
233 293
234 235
234 236
234 237
234 238
234 239
234 242
234 249
234 255
234 258
234 262
234 266
234 267
234 272
234 274
234 280
234 282
234 283
234 285
234 291
234 295
234 298
235 236
235 237
235 238
235 239
235 243
235 247
235 252
235 255
235 263
235 265
235 268
235 270
235 284
235 285
235 286
235 295
235 299
236 237
236 238
236 239
236 252
236 256
236 258
236 262
236 265
236 266
236 267
236 286
236 288
236 289
236 297
237 238
237 239
237 241
237 248
237 288
237 290
237 292
238 239
238 243
238 252
238 259
238 263
238 264
238 280
238 289
238 293
238 294
238 297
239 244
239 248
239 250
239 252
239 256
239 258
239 262
239 263
239 268
239 273
239 274
239 279
239 282
239 283
239 285
239 286
239 295
256 257
256 258
256 259
256 240
256 241
256 242
256 243
256 244
256 245
256 246
256 247
256 248
256 249
256 250
256 251
256 252
256 253
256 254
256 255
256 263
256 265
256 277
256 279
256 290
256 292
257 258
257 259
257 240
257 241
257 242
257 243
257 244
257 245
257 246
257 247
257 248
257 249
257 250
257 251
257 252
257 253
257 254
257 255
257 260
257 262
257 266
257 269
257 272
257 274
257 284
257 286
257 287
257 289
257 292
257 295
257 296
258 259
258 240
258 241
258 242
258 243
258 244
258 245
258 246
258 247
258 248
258 249
258 250
258 251
258 252
258 253
258 254
258 255
258 262
258 271
258 278
258 281
258 282
258 290
258 296
258 299
259 240
259 241
259 242
259 243
259 244
259 245
259 246
259 247
259 248
259 249
259 250
259 251
259 252
259 253
259 254
259 255
259 264
259 269
259 272
259 284
259 287
259 290
259 292
259 296
259 298
259 299
240 241
240 242
240 243
240 244
240 245
240 246
240 247
240 248
240 249
240 250
240 251
240 252
240 253
240 254
240 255
240 261
240 262
240 266
240 269
240 271
240 276
240 277
240 279
240 286
240 291
240 294
240 296
241 242
241 243
241 244
241 245
241 246
241 247
241 248
241 249
241 250
241 251
241 252
241 253
241 254
241 255
241 260
241 263
241 273
241 282
241 285
241 294
242 243
242 244
242 245
242 246
242 247
242 248
242 249
242 250
242 251
242 252
242 253
242 254
242 255
242 262
242 265
242 274
242 282
242 283
242 286
242 289
242 290
242 293
242 294
242 295
243 244
243 245
243 246
243 247
243 248
243 249
243 250
243 251
243 252
243 253
243 254
243 255
243 263
243 277
243 278
243 280
243 285
243 289
243 292
243 293
243 296
244 245
244 246
244 247
244 248
244 249
244 250
244 251
244 252
244 253
244 254
244 255
244 262
244 264
244 265
244 277
244 278
244 287
244 296
244 297
245 246
245 247
245 248
245 249
245 250
245 251
245 252
245 253
245 254
245 255
245 273
245 279
245 281
246 247
246 248
246 249
246 250
246 251
246 252
246 253
246 254
246 255
246 262
246 265
246 269
246 275
246 281
246 297
247 248
247 249
247 250
247 251
247 252
247 253
247 254
247 255
247 261
247 266
247 267
247 268
247 271
247 272
247 280
247 294
247 295
247 298
248 249
248 250
248 251
248 252
248 253
248 254
248 255
248 265
248 267
248 270
248 278
248 284
248 288
248 294
249 250
249 251
249 252
249 253
249 254
249 255
249 260
249 261
249 276
249 278
249 279
249 280
249 282
249 292
250 251
250 252
250 253
250 254
250 255
250 265
250 266
250 280
250 281
250 289
251 252
251 253
251 254
251 255
251 261
251 262
251 272
251 274
251 277
251 282
251 283
251 286
251 294
251 299
252 253
252 254
252 255
252 264
252 266
252 267
252 270
252 271
252 277
252 286
252 294
252 295
252 297
253 254
253 255
253 263
253 265
253 266
253 271
253 278
253 285
253 287
253 290
253 291
253 293
254 255
254 265
254 267
254 276
254 281
254 284
254 287
254 295
255 262
255 266
255 271
255 273
255 278
255 297
255 299
260 261
260 262
260 263
260 264
260 265
260 266
260 267
260 268
260 269
260 270
260 271
260 272
260 273
260 274
260 275
260 276
260 277
260 278
260 279
260 284
260 286
260 291
260 293
260 294
260 296
261 262
261 263
261 264
261 265
261 266
261 267
261 268
261 269
261 270
261 271
261 272
261 273
261 274
261 275
261 276
261 277
261 278
261 279
261 280
261 283
261 287
261 298
262 263
262 264
262 265
262 266
262 267
262 268
262 269
262 270
262 271
262 272
262 273
262 274
262 275
262 276
262 277
262 278
262 279
262 282
262 283
262 285
262 289
262 290
262 292
262 295
262 297
263 264
263 265
263 266
263 267
263 268
263 269
263 270
263 271
263 272
263 273
263 274
263 275
263 276
263 277
263 278
263 279
263 280
263 281
263 285
263 286
263 293
264 265
264 266
264 267
264 268
264 269
264 270
264 271
264 272
264 273
264 274
264 275
264 276
264 277
264 278
264 279
264 284
264 285
264 286
264 293
264 298
265 266
265 267
265 268
265 269
265 270
265 271
265 272
265 273
265 274
265 275
265 276
265 277
265 278
265 279
265 280
265 281
265 287
265 289
265 296
266 267
266 268
266 269
266 270
266 271
266 272
266 273
266 274
266 275
266 276
266 277
266 278
266 279
266 283
266 284
266 286
266 290
266 299
267 268
267 269
267 270
267 271
267 272
267 273
267 274
267 275
267 276
267 277
267 278
267 279
267 285
268 269
268 270
268 271
268 272
268 273
268 274
268 275
268 276
268 277
268 278
268 279
268 283
268 290
268 295
268 297
269 270
269 271
269 272
269 273
269 274
269 275
269 276
269 277
269 278
269 279
269 284
269 292
269 298
270 271
270 272
270 273
270 274
270 275
270 276
270 277
270 278
270 279
270 281
270 294
270 297
271 272
271 273
271 274
271 275
271 276
271 277
271 278
271 279
271 281
271 288
271 291
271 298
272 273
272 274
272 275
272 276
272 277
272 278
272 279
272 280
272 286
272 291
273 274
273 275
273 276
273 277
273 278
273 279
273 288
273 290
273 293
273 298
274 275
274 276
274 277
274 278
274 279
274 288
274 294
274 295
274 296
275 276
275 277
275 278
275 279
275 282
275 286
275 291
275 293
275 297
276 277
276 278
276 279
276 280
276 285
276 297
277 278
277 279
277 287
277 290
278 279
279 280
280 281
280 282
280 283
280 284
280 285
280 286
280 287
280 288
280 289
280 290
280 291
280 292
280 293
280 294
280 295
280 296
280 297
280 298
280 299
281 282
281 283
281 284
281 285
281 286
281 287
281 288
281 289
281 290
281 291
281 292
281 293
281 294
281 295
281 296
281 297
281 298
281 299
282 283
282 284
282 285
282 286
282 287
282 288
282 289
282 290
282 291
282 292
282 293
282 294
282 295
282 296
282 297
282 298
282 299
283 284
283 285
283 286
283 287
283 288
283 289
283 290
283 291
283 292
283 293
283 294
283 295
283 296
283 297
283 298
283 299
284 285
284 286
284 287
284 288
284 289
284 290
284 291
284 292
284 293
284 294
284 295
284 296
284 297
284 298
284 299
285 286
285 287
285 288
285 289
285 290
285 291
285 292
285 293
285 294
285 295
285 296
285 297
285 298
285 299
286 287
286 288
286 289
286 290
286 291
286 292
286 293
286 294
286 295
286 296
286 297
286 298
286 299
287 288
287 289
287 290
287 291
287 292
287 293
287 294
287 295
287 296
287 297
287 298
287 299
288 289
288 290
288 291
288 292
288 293
288 294
288 295
288 296
288 297
288 298
288 299
289 290
289 291
289 292
289 293
289 294
289 295
289 296
289 297
289 298
289 299
290 291
290 292
290 293
290 294
290 295
290 296
290 297
290 298
290 299
291 292
291 293
291 294
291 295
291 296
291 297
291 298
291 299
292 293
292 294
292 295
292 296
292 297
292 298
292 299
293 294
293 295
293 296
293 297
293 298
293 299
294 295
294 296
294 297
294 298
294 299
295 296
295 297
295 298
295 299
296 297
296 298
296 299
297 298
297 299
298 299
