# 268 edges
0 1
0 2
0 3
0 4
0 42
0 52
0 58
1 2
1 3
1 4
1 11
1 18
1 31
1 42
1 58
2 3
2 4
2 6
2 12
2 26
2 31
2 35
2 52
2 53
3 4
3 6
3 9
3 14
3 15
3 21
3 22
3 47
3 58
4 15
4 40
4 47
4 55
5 6
5 7
5 8
5 9
5 21
5 37
6 7
6 8
6 9
6 47
7 8
7 9
7 17
7 21
7 24
7 31
7 35
7 44
7 54
8 9
8 51
8 52
9 19
9 23
9 26
9 32
9 36
9 40
9 49
9 54
9 57
10 11
10 12
10 13
10 14
10 30
10 34
10 40
10 46
10 55
11 12
11 13
11 14
11 21
11 26
11 40
11 51
11 55
12 13
12 14
12 17
12 54
13 14
13 15
13 42
13 45
14 17
14 20
14 22
14 30
14 51
14 56
15 16
15 17
15 18
15 19
15 31
15 49
15 51
15 55
16 17
16 18
16 19
16 28
16 34
16 38
16 42
16 47
16 49
16 52
16 54
16 57
17 18
17 19
17 49
18 19
18 38
19 29
19 36
19 56
20 21
20 22
20 23
20 24
20 38
21 22
21 23
21 24
21 26
21 29
21 40
21 48
21 56
22 23
22 24
22 58
23 24
23 31
23 47
23 50
23 51
24 26
24 34
24 36
24 38
24 39
25 26
25 27
25 28
25 29
25 42
25 56
26 27
26 28
26 29
26 31
26 39
27 28
27 29
27 37
27 46
28 29
28 39
28 44
28 53
29 41
29 47
29 54
32 33
32 34
32 30
32 31
32 42
33 34
33 30
33 31
33 37
33 42
33 44
33 47
33 49
33 55
34 30
34 31
34 59
30 31
30 48
30 52
31 35
31 36
31 52
35 36
35 37
35 38
35 39
36 37
36 38
36 39
36 52
36 56
37 38
37 39
37 59
38 39
38 42
38 49
39 48
40 41
40 42
40 43
40 44
40 50
40 59
41 42
41 43
41 44
41 49
41 55
42 43
42 44
42 54
43 44
43 45
43 51
43 55
44 48
45 46
45 47
45 48
45 49
46 47
46 48
46 49
46 56
47 48
47 49
48 49
48 57
49 54
50 51
50 52
50 53
50 54
51 52
51 53
51 54
51 55
52 53
52 54
53 54
53 58
55 56
55 57
55 58
55 59
56 57
56 58
56 59
57 58
57 59
58 59
