# 178 edges
0 1
0 2
0 3
0 4
0 11
0 14
0 16
0 18
0 24
1 2
1 3
1 4
1 14
1 15
1 17
1 19
1 23
1 27
1 28
1 29
2 3
2 4
2 6
2 7
2 8
2 10
2 11
2 12
2 14
2 16
2 22
2 23
2 27
2 28
3 4
3 8
3 9
3 10
3 11
3 19
3 22
3 23
4 7
4 8
4 9
4 13
4 15
4 16
4 22
4 23
4 25
4 28
5 6
5 7
5 8
5 9
5 10
5 11
5 13
5 16
5 19
5 21
5 25
5 26
6 7
6 8
6 9
6 11
6 12
6 21
6 22
6 23
7 8
7 9
7 11
7 14
7 19
7 20
7 22
7 24
7 26
7 27
7 29
8 9
8 15
8 28
9 11
9 12
9 13
9 14
9 21
9 22
9 23
9 29
10 11
10 12
10 13
10 14
10 18
10 20
10 21
10 23
10 25
10 27
11 12
11 13
11 14
11 21
11 23
11 25
11 27
12 13
12 14
12 15
12 19
12 22
12 23
12 25
12 26
12 29
13 14
13 15
13 29
14 16
14 17
14 23
14 24
14 28
15 16
15 17
15 18
15 19
15 22
15 24
15 26
15 28
16 17
16 18
16 19
16 29
17 18
17 19
17 22
17 23
17 27
18 19
18 28
19 29
20 21
20 22
20 23
20 24
20 27
21 22
21 23
21 24
21 29
22 23
22 24
22 26
22 27
22 28
23 24
23 25
23 28
24 25
24 28
24 29
25 26
25 27
25 28
25 29
26 27
26 28
26 29
27 28
27 29
28 29
