# 567 edges
0 1
0 2
0 3
0 4
0 5
0 6
0 7
0 8
0 9
0 19
0 21
0 23
0 45
0 47
0 49
0 57
0 58
0 59
1 2
1 3
1 4
1 5
1 6
1 7
1 8
1 9
1 12
1 13
1 15
1 16
1 17
1 21
1 28
1 32
1 38
1 39
1 41
1 49
1 52
2 3
2 4
2 5
2 6
2 7
2 8
2 9
2 12
2 18
2 20
2 21
2 27
2 28
2 35
2 36
2 38
2 41
2 44
2 46
2 50
2 56
3 4
3 5
3 6
3 7
3 8
3 9
3 16
3 17
3 18
3 26
3 29
3 34
3 35
3 41
3 42
3 44
3 50
4 5
4 6
4 7
4 8
4 9
4 13
4 17
4 26
4 27
4 28
4 40
4 41
4 47
4 56
4 58
5 6
5 7
5 8
5 9
5 10
5 15
5 19
5 22
5 23
5 25
5 26
5 30
5 46
5 53
5 54
5 58
6 7
6 8
6 9
6 12
6 29
6 37
6 48
7 8
7 9
7 12
7 19
7 21
7 22
7 23
7 25
7 34
7 42
7 44
7 46
7 47
7 48
7 49
7 55
7 56
7 58
8 9
8 10
8 13
8 19
8 21
8 22
8 28
8 29
8 45
8 49
9 12
9 20
9 26
9 27
9 28
9 36
9 43
9 44
9 48
9 51
9 57
10 11
10 12
10 13
10 14
10 15
10 16
10 17
10 18
10 19
10 21
10 25
10 29
10 34
10 37
10 39
10 41
10 42
10 49
11 12
11 13
11 14
11 15
11 16
11 17
11 18
11 19
11 20
11 24
11 27
11 30
11 36
11 43
11 44
11 45
11 54
11 56
12 13
12 14
12 15
12 16
12 17
12 18
12 19
12 21
12 25
12 31
12 35
12 39
12 42
12 46
12 50
12 53
12 57
13 14
13 15
13 16
13 17
13 18
13 19
13 39
13 50
13 54
14 15
14 16
14 17
14 18
14 19
14 20
14 37
14 39
14 42
14 44
14 47
14 48
14 50
15 16
15 17
15 18
15 19
15 27
15 30
15 32
15 34
15 40
16 17
16 18
16 19
16 21
16 24
16 26
16 41
16 45
16 59
17 18
17 19
17 21
17 22
17 25
17 27
17 31
17 33
17 38
17 44
17 48
17 52
17 57
17 59
18 19
18 22
18 24
18 27
18 59
19 21
19 48
19 53
19 59
20 21
20 22
20 23
20 24
20 25
20 26
20 27
20 28
20 29
20 30
20 49
20 56
20 59
21 22
21 23
21 24
21 25
21 26
21 27
21 28
21 29
21 36
21 37
21 45
21 46
21 47
21 52
21 56
22 23
22 24
22 25
22 26
22 27
22 28
22 29
22 33
22 39
22 40
22 55
22 56
22 59
23 24
23 25
23 26
23 27
23 28
23 29
23 40
23 48
23 50
23 56
24 25
24 26
24 27
24 28
24 29
24 34
24 44
24 46
24 51
24 58
25 26
25 27
25 28
25 29
25 33
25 41
25 57
26 27
26 28
26 29
26 30
26 31
26 34
26 41
26 49
26 51
26 53
26 54
26 56
27 28
27 29
27 32
27 37
27 56
27 57
28 29
28 36
28 40
28 41
28 44
28 46
28 54
28 59
29 52
29 55
32 33
32 34
32 35
32 36
32 37
32 38
32 39
32 30
32 31
32 49
32 56
33 34
33 35
33 36
33 37
33 38
33 39
33 30
33 31
33 42
33 47
33 49
33 51
34 35
34 36
34 37
34 38
34 39
34 30
34 31
34 46
34 48
34 50
34 52
35 36
35 37
35 38
35 39
35 30
35 31
35 40
35 41
35 42
35 43
35 45
35 49
35 54
35 57
35 59
36 37
36 38
36 39
36 30
36 31
36 40
36 49
36 52
36 55
37 38
37 39
37 30
37 31
37 42
37 45
37 48
37 51
37 52
37 57
37 58
37 59
38 39
38 30
38 31
38 42
38 44
38 50
39 30
39 31
39 50
39 52
39 55
39 56
39 59
30 31
30 40
30 41
30 46
31 44
31 49
31 58
40 41
40 42
40 43
40 44
40 45
40 46
40 47
40 48
40 49
40 59
41 42
41 43
41 44
41 45
41 46
41 47
41 48
41 49
41 56
42 43
42 44
42 45
42 46
42 47
42 48
42 49
42 53
42 58
43 44
43 45
43 46
43 47
43 48
43 49
43 51
43 52
43 56
44 45
44 46
44 47
44 48
44 49
44 59
45 46
45 47
45 48
45 49
45 59
46 47
46 48
46 49
46 52
46 53
46 57
46 59
47 48
47 49
47 52
47 57
48 49
48 53
48 54
48 55
48 56
48 58
49 59
50 51
50 52
50 53
50 54
50 55
50 56
50 57
50 58
50 59
51 52
51 53
51 54
51 55
51 56
51 57
51 58
51 59
52 53
52 54
52 55
52 56
52 57
52 58
52 59
53 54
53 55
53 56
53 57
53 58
53 59
54 55
54 56
54 57
54 58
54 59
55 56
55 57
55 58
55 59
56 57
56 58
56 59
57 58
57 59
58 59
