# 963 edges
0 1
0 2
0 3
0 4
0 5
0 6
0 7
0 8
0 9
0 10
0 11
0 12
0 13
0 14
0 52
0 62
0 68
0 76
0 83
1 2
1 3
1 4
1 5
1 6
1 7
1 8
1 9
1 10
1 11
1 12
1 13
1 14
1 21
1 32
1 48
1 51
1 57
1 71
1 76
1 80
2 3
2 4
2 5
2 6
2 7
2 8
2 9
2 10
2 11
2 12
2 13
2 14
2 22
2 23
2 31
2 34
2 39
2 40
2 46
2 47
2 72
2 83
3 4
3 5
3 6
3 7
3 8
3 9
3 10
3 11
3 12
3 13
3 14
3 20
3 45
3 52
3 60
3 76
4 5
4 6
4 7
4 8
4 9
4 10
4 11
4 12
4 13
4 14
4 17
4 77
5 6
5 7
5 8
5 9
5 10
5 11
5 12
5 13
5 14
5 22
5 26
5 29
5 36
5 40
5 49
5 59
6 7
6 8
6 9
6 10
6 11
6 12
6 13
6 14
6 31
6 32
6 49
6 53
6 56
6 62
6 66
6 70
6 79
6 84
6 87
7 8
7 9
7 10
7 11
7 12
7 13
7 14
7 30
7 34
7 40
7 46
7 55
7 66
7 71
7 85
8 9
8 10
8 11
8 12
8 13
8 14
8 21
8 25
8 32
8 69
8 75
9 10
9 11
9 12
9 13
9 14
9 27
9 30
9 47
9 50
9 52
9 60
9 81
9 86
10 11
10 12
10 13
10 14
10 26
10 44
10 46
10 50
10 63
10 69
10 73
10 77
10 82
10 84
10 87
10 89
11 12
11 13
11 14
11 17
11 49
11 78
12 13
12 14
12 34
12 41
12 61
12 78
13 14
13 26
13 29
13 40
13 48
13 56
14 18
14 26
14 42
14 45
14 46
14 56
14 64
14 66
14 68
14 69
15 16
15 17
15 18
15 19
15 20
15 21
15 22
15 23
15 24
15 25
15 26
15 27
15 28
15 29
15 42
15 56
15 61
15 69
16 17
16 18
16 19
16 20
16 21
16 22
16 23
16 24
16 25
16 26
16 27
16 28
16 29
16 37
16 46
16 69
16 74
16 83
17 18
17 19
17 20
17 21
17 22
17 23
17 24
17 25
17 26
17 27
17 28
17 29
17 41
17 47
17 54
17 73
17 77
17 85
17 86
18 19
18 20
18 21
18 22
18 23
18 24
18 25
18 26
18 27
18 28
18 29
18 42
18 57
18 77
18 82
18 84
18 87
18 89
19 20
19 21
19 22
19 23
19 24
19 25
19 26
19 27
19 28
19 29
19 35
19 64
20 21
20 22
20 23
20 24
20 25
20 26
20 27
20 28
20 29
20 37
20 41
20 64
20 67
20 74
21 22
21 23
21 24
21 25
21 26
21 27
21 28
21 29
21 33
21 50
21 59
21 64
21 70
21 84
22 23
22 24
22 25
22 26
22 27
22 28
22 29
22 30
22 36
22 40
22 48
22 76
23 24
23 25
23 26
23 27
23 28
23 29
23 37
23 44
23 55
23 68
23 76
24 25
24 26
24 27
24 28
24 29
24 46
24 62
24 64
24 69
24 83
25 26
25 27
25 28
25 29
25 42
25 48
25 59
25 63
25 67
25 77
25 80
25 82
26 27
26 28
26 29
26 33
26 48
26 68
26 73
26 81
26 83
26 86
26 89
27 28
27 29
27 31
27 49
27 59
27 62
27 74
27 78
27 82
27 88
28 29
28 31
28 32
28 36
28 55
28 70
28 74
28 79
28 80
28 81
28 83
29 31
29 32
29 41
29 54
29 56
29 83
29 88
29 89
32 33
32 34
32 35
32 36
32 37
32 38
32 39
32 40
32 41
32 42
32 43
32 44
32 30
32 31
32 62
32 66
32 71
32 73
32 85
32 89
33 34
33 35
33 36
33 37
33 38
33 39
33 40
33 41
33 42
33 43
33 44
33 30
33 31
33 53
33 59
33 68
33 69
33 74
33 80
33 89
34 35
34 36
34 37
34 38
34 39
34 40
34 41
34 42
34 43
34 44
34 30
34 31
34 54
34 87
35 36
35 37
35 38
35 39
35 40
35 41
35 42
35 43
35 44
35 30
35 31
35 48
35 78
36 37
36 38
36 39
36 40
36 41
36 42
36 43
36 44
36 30
36 31
36 52
36 64
36 66
36 74
36 78
36 87
37 38
37 39
37 40
37 41
37 42
37 43
37 44
37 30
37 31
37 56
37 75
37 77
38 39
38 40
38 41
38 42
38 43
38 44
38 30
38 31
38 51
38 52
38 57
38 63
38 71
38 76
38 85
39 40
39 41
39 42
39 43
39 44
39 30
39 31
39 47
39 58
39 63
40 41
40 42
40 43
40 44
40 30
40 31
40 63
40 84
40 88
41 42
41 43
41 44
41 30
41 31
41 47
41 49
41 54
41 74
41 78
41 82
41 86
42 43
42 44
42 30
42 31
42 49
42 54
42 75
42 76
43 44
43 30
43 31
43 52
43 55
43 72
43 77
44 30
44 31
44 53
44 56
44 57
30 31
30 51
30 56
30 66
30 68
30 76
30 82
30 85
31 45
31 73
45 46
45 47
45 48
45 49
45 50
45 51
45 52
45 53
45 54
45 55
45 56
45 57
45 58
45 59
45 81
45 84
46 47
46 48
46 49
46 50
46 51
46 52
46 53
46 54
46 55
46 56
46 57
46 58
46 59
47 48
47 49
47 50
47 51
47 52
47 53
47 54
47 55
47 56
47 57
47 58
47 59
47 62
47 82
48 49
48 50
48 51
48 52
48 53
48 54
48 55
48 56
48 57
48 58
48 59
48 60
48 66
49 50
49 51
49 52
49 53
49 54
49 55
49 56
49 57
49 58
49 59
49 60
49 61
49 63
49 72
49 86
49 88
50 51
50 52
50 53
50 54
50 55
50 56
50 57
50 58
50 59
50 80
50 85
51 52
51 53
51 54
51 55
51 56
51 57
51 58
51 59
51 61
51 79
51 89
52 53
52 54
52 55
52 56
52 57
52 58
52 59
52 62
52 69
52 74
53 54
53 55
53 56
53 57
53 58
53 59
53 70
53 74
53 77
54 55
54 56
54 57
54 58
54 59
54 66
54 82
54 87
55 56
55 57
55 58
55 59
55 61
55 72
55 88
56 57
56 58
56 59
56 60
56 68
56 72
56 76
56 85
57 58
57 59
57 76
57 77
57 81
57 83
57 88
58 59
58 62
58 74
58 76
58 83
58 87
59 61
59 67
59 78
64 65
64 66
64 67
64 68
64 69
64 70
64 71
64 72
64 73
64 74
64 60
64 61
64 62
64 63
64 81
64 82
64 85
64 87
65 66
65 67
65 68
65 69
65 70
65 71
65 72
65 73
65 74
65 60
65 61
65 62
65 63
66 67
66 68
66 69
66 70
66 71
66 72
66 73
66 74
66 60
66 61
66 62
66 63
66 78
67 68
67 69
67 70
67 71
67 72
67 73
67 74
67 60
67 61
67 62
67 63
67 76
68 69
68 70
68 71
68 72
68 73
68 74
68 60
68 61
68 62
68 63
68 84
69 70
69 71
69 72
69 73
69 74
69 60
69 61
69 62
69 63
69 77
70 71
70 72
70 73
70 74
70 60
70 61
70 62
70 63
70 78
70 87
71 72
71 73
71 74
71 60
71 61
71 62
71 63
71 78
71 89
72 73
72 74
72 60
72 61
72 62
72 63
72 75
72 79
72 86
73 74
73 60
73 61
73 62
73 63
73 75
73 76
74 60
74 61
74 62
74 63
60 61
60 62
60 63
60 82
60 86
60 88
61 62
61 63
61 85
61 88
62 63
63 75
63 89
75 76
75 77
75 78
75 79
75 80
75 81
75 82
75 83
75 84
75 85
75 86
75 87
75 88
75 89
76 77
76 78
76 79
76 80
76 81
76 82
76 83
76 84
76 85
76 86
76 87
76 88
76 89
77 78
77 79
77 80
77 81
77 82
77 83
77 84
77 85
77 86
77 87
77 88
77 89
78 79
78 80
78 81
78 82
78 83
78 84
78 85
78 86
78 87
78 88
78 89
79 80
79 81
79 82
79 83
79 84
79 85
79 86
79 87
79 88
79 89
80 81
80 82
80 83
80 84
80 85
80 86
80 87
80 88
80 89
81 82
81 83
81 84
81 85
81 86
81 87
81 88
81 89
82 83
82 84
82 85
82 86
82 87
82 88
82 89
83 84
83 85
83 86
83 87
83 88
83 89
84 85
84 86
84 87
84 88
84 89
85 86
85 87
85 88
85 89
86 87
86 88
86 89
87 88
87 89
88 89
