# 404 edges
0 1
0 2
0 3
0 4
0 5
0 6
0 7
0 8
0 9
0 47
0 57
1 2
1 3
1 4
1 5
1 6
1 7
1 8
1 9
1 13
1 21
1 28
1 41
1 52
2 3
2 4
2 5
2 6
2 7
2 8
2 9
2 18
2 21
2 27
2 41
2 46
2 50
3 4
3 5
3 6
3 7
3 8
3 9
3 17
3 18
3 26
3 29
3 34
3 35
3 41
3 42
4 5
4 6
4 7
4 8
4 9
4 17
4 28
4 40
5 6
5 7
5 8
5 9
5 15
5 22
5 30
5 46
6 7
6 8
6 9
6 12
7 8
7 9
7 22
7 42
7 46
7 49
7 56
8 9
8 10
8 19
8 29
9 26
9 27
9 44
9 48
9 51
9 57
10 11
10 12
10 13
10 14
10 15
10 16
10 17
10 18
10 19
10 21
10 25
10 34
10 39
10 42
11 12
11 13
11 14
11 15
11 16
11 17
11 18
11 19
11 20
11 24
11 30
11 36
11 45
11 56
12 13
12 14
12 15
12 16
12 17
12 18
12 19
12 21
12 35
12 46
12 50
12 57
13 14
13 15
13 16
13 17
13 18
13 19
13 54
14 15
14 16
14 17
14 18
14 19
14 20
14 47
14 50
15 16
15 17
15 18
15 19
15 27
15 30
15 32
15 40
16 17
16 18
16 19
16 21
16 26
16 41
16 59
17 18
17 19
17 21
17 25
17 38
17 44
17 48
17 52
17 57
17 59
18 19
18 22
18 24
18 27
18 59
19 48
20 21
20 22
20 23
20 24
20 25
20 26
20 27
20 28
20 29
20 49
20 56
21 22
21 23
21 24
21 25
21 26
21 27
21 28
21 29
21 46
22 23
22 24
22 25
22 26
22 27
22 28
22 29
22 33
22 56
22 59
23 24
23 25
23 26
23 27
23 28
23 29
23 40
23 48
23 56
24 25
24 26
24 27
24 28
24 29
25 26
25 27
25 28
25 29
25 33
25 41
25 57
26 27
26 28
26 29
26 30
26 31
26 41
26 49
26 51
26 53
26 54
27 28
27 29
27 57
28 29
28 41
28 46
28 54
29 52
32 33
32 34
32 35
32 36
32 37
32 38
32 39
32 30
32 31
32 56
33 34
33 35
33 36
33 37
33 38
33 39
33 30
33 31
33 42
33 49
34 35
34 36
34 37
34 38
34 39
34 30
34 31
34 48
34 52
35 36
35 37
35 38
35 39
35 30
35 31
35 40
35 41
35 57
36 37
36 38
36 39
36 30
36 31
36 52
37 38
37 39
37 30
37 31
37 52
37 57
37 59
38 39
38 30
38 31
38 42
38 44
38 50
39 30
39 31
39 59
30 31
30 41
31 44
31 49
31 58
40 41
40 42
40 43
40 44
40 45
40 46
40 47
40 48
40 49
41 42
41 43
41 44
41 45
41 46
41 47
41 48
41 49
42 43
42 44
42 45
42 46
42 47
42 48
42 49
43 44
43 45
43 46
43 47
43 48
43 49
43 52
43 56
44 45
44 46
44 47
44 48
44 49
45 46
45 47
45 48
45 49
45 59
46 47
46 48
46 49
46 52
46 59
47 48
47 49
48 49
48 58
50 51
50 52
50 53
50 54
50 55
50 56
50 57
50 58
50 59
51 52
51 53
51 54
51 55
51 56
51 57
51 58
51 59
52 53
52 54
52 55
52 56
52 57
52 58
52 59
53 54
53 55
53 56
53 57
53 58
53 59
54 55
54 56
54 57
54 58
54 59
55 56
55 57
55 58
55 59
56 57
56 58
56 59
57 58
57 59
58 59
