# 2349 edges
0 1
0 2
0 3
0 4
0 5
0 6
0 7
0 8
0 9
0 10
0 11
0 12
0 13
0 14
0 15
0 16
0 17
0 18
0 19
0 29
0 31
0 33
0 55
0 57
0 59
0 67
0 68
0 69
0 72
0 73
0 75
0 76
0 77
0 81
0 88
0 92
0 98
0 99
0 101
0 109
0 112
1 2
1 3
1 4
1 5
1 6
1 7
1 8
1 9
1 10
1 11
1 12
1 13
1 14
1 15
1 16
1 17
1 18
1 19
1 22
1 28
1 30
1 31
1 37
1 38
1 45
1 46
1 48
1 51
1 54
1 56
1 60
1 66
1 76
1 77
1 78
1 86
1 89
1 94
1 95
1 101
1 102
1 104
1 110
2 3
2 4
2 5
2 6
2 7
2 8
2 9
2 10
2 11
2 12
2 13
2 14
2 15
2 16
2 17
2 18
2 19
2 23
2 27
2 36
2 37
2 38
2 50
2 51
2 57
2 66
2 68
2 70
2 75
2 79
2 82
2 83
2 85
2 86
2 90
2 106
2 113
2 114
2 118
3 4
3 5
3 6
3 7
3 8
3 9
3 10
3 11
3 12
3 13
3 14
3 15
3 16
3 17
3 18
3 19
3 22
3 39
3 47
3 58
3 72
3 79
3 81
3 82
3 83
3 85
3 94
3 102
3 104
3 106
3 107
3 108
3 109
3 115
3 116
3 118
4 5
4 6
4 7
4 8
4 9
4 10
4 11
4 12
4 13
4 14
4 15
4 16
4 17
4 18
4 19
4 20
4 23
4 29
4 31
4 32
4 38
4 39
4 55
4 59
4 72
4 80
4 86
4 87
4 88
4 96
4 103
4 104
4 108
4 111
4 117
5 6
5 7
5 8
5 9
5 10
5 11
5 12
5 13
5 14
5 15
5 16
5 17
5 18
5 19
5 21
5 25
5 29
5 34
5 37
5 39
5 41
5 42
5 49
5 60
5 64
5 67
5 70
5 76
5 83
5 84
5 85
5 94
5 96
5 101
5 105
5 111
5 115
5 119
6 7
6 8
6 9
6 10
6 11
6 12
6 13
6 14
6 15
6 16
6 17
6 18
6 19
6 22
6 26
6 30
6 33
6 37
6 59
6 70
6 74
6 80
6 97
6 99
6 102
6 104
6 107
6 108
6 110
7 8
7 9
7 10
7 11
7 12
7 13
7 14
7 15
7 16
7 17
7 18
7 19
7 27
7 30
7 32
7 34
7 40
7 61
7 64
7 66
7 81
7 85
7 99
7 101
7 102
7 105
7 107
7 111
7 113
7 118
8 9
8 10
8 11
8 12
8 13
8 14
8 15
8 16
8 17
8 18
8 19
8 24
8 28
8 32
8 37
8 39
8 42
8 44
8 47
8 79
8 81
8 108
8 113
8 119
9 10
9 11
9 12
9 13
9 14
9 15
9 16
9 17
9 18
9 19
9 20
9 39
9 46
9 49
9 56
9 57
9 65
9 66
9 67
9 72
9 76
9 83
9 89
9 90
9 105
9 106
9 109
10 11
10 12
10 13
10 14
10 15
10 16
10 17
10 18
10 19
10 20
10 28
10 30
10 36
10 44
10 54
10 56
10 61
10 68
10 73
10 81
10 97
10 100
10 101
10 104
10 111
10 119
11 12
11 13
11 14
11 15
11 16
11 17
11 18
11 19
11 21
11 23
11 24
11 26
11 32
11 37
11 56
11 57
11 66
11 70
11 71
11 74
11 76
11 84
11 89
11 112
11 115
12 13
12 14
12 15
12 16
12 17
12 18
12 19
12 20
12 21
12 26
12 44
12 49
12 58
12 69
12 76
12 82
12 87
12 89
12 91
12 106
12 108
12 110
12 112
13 14
13 15
13 16
13 17
13 18
13 19
13 20
13 21
13 22
13 23
13 25
13 29
13 34
13 37
13 39
13 40
13 49
13 52
13 55
13 62
13 65
13 68
13 71
13 72
13 77
13 78
13 79
13 82
13 84
13 90
13 110
13 112
13 115
13 116
13 119
14 15
14 16
14 17
14 18
14 19
14 29
14 36
14 43
14 48
14 51
14 52
14 56
14 69
14 79
14 82
14 83
14 87
14 89
14 92
14 97
14 103
14 104
14 105
14 106
14 108
14 119
15 16
15 17
15 18
15 19
15 21
15 25
15 34
15 39
15 44
15 45
15 59
15 64
15 65
15 71
15 75
15 79
15 83
15 93
15 105
15 111
15 114
16 17
16 18
16 19
16 27
16 29
16 32
16 34
16 36
16 39
16 43
16 46
16 50
16 63
16 67
16 71
16 74
16 83
16 94
16 101
16 115
16 117
16 119
17 18
17 19
17 20
17 24
17 27
17 30
17 38
17 41
17 52
17 57
17 63
17 68
17 74
17 76
17 78
17 82
17 86
17 92
17 95
17 97
17 102
17 108
17 114
18 19
18 23
18 25
18 34
18 43
18 48
18 52
18 55
18 56
18 58
18 61
18 64
18 66
18 76
18 79
18 84
18 87
18 94
18 97
18 99
18 101
18 109
18 113
18 117
19 23
19 25
19 26
19 27
19 31
19 33
19 44
19 48
19 50
19 61
19 65
19 69
19 74
19 75
19 76
19 78
19 79
19 84
19 86
19 87
19 96
19 109
19 111
19 119
20 21
20 22
20 23
20 24
20 25
20 26
20 27
20 28
20 29
20 30
20 31
20 32
20 33
20 34
20 35
20 36
20 37
20 38
20 39
20 43
20 52
20 53
20 57
20 58
20 60
20 63
20 64
20 67
20 68
20 70
20 71
20 76
20 86
20 88
20 90
20 94
20 96
20 102
20 103
20 105
20 110
20 119
21 22
21 23
21 24
21 25
21 26
21 27
21 28
21 29
21 30
21 31
21 32
21 33
21 34
21 35
21 36
21 37
21 38
21 39
21 43
21 46
21 50
21 51
21 53
21 56
21 58
21 73
21 81
21 92
21 96
21 101
21 103
21 114
21 115
21 119
22 23
22 24
22 25
22 26
22 27
22 28
22 29
22 30
22 31
22 32
22 33
22 34
22 35
22 36
22 37
22 38
22 39
22 41
22 43
22 48
22 54
22 61
22 63
22 64
22 69
22 71
22 75
22 79
22 80
22 82
22 84
22 85
22 94
22 111
22 116
22 117
23 24
23 25
23 26
23 27
23 28
23 29
23 30
23 31
23 32
23 33
23 34
23 35
23 36
23 37
23 38
23 39
23 41
23 43
23 47
23 52
23 53
23 66
23 68
23 81
23 83
23 84
23 87
23 95
23 97
23 102
23 103
23 114
23 116
24 25
24 26
24 27
24 28
24 29
24 30
24 31
24 32
24 33
24 34
24 35
24 36
24 37
24 38
24 39
24 44
24 48
24 57
24 70
24 71
24 78
24 86
24 90
24 92
24 96
24 106
24 111
24 112
24 115
24 117
25 26
25 27
25 28
25 29
25 30
25 31
25 32
25 33
25 34
25 35
25 36
25 37
25 38
25 39
25 43
25 51
25 56
25 59
25 65
25 66
25 72
25 83
25 86
25 88
25 103
25 111
25 118
25 119
26 27
26 28
26 29
26 30
26 31
26 32
26 33
26 34
26 35
26 36
26 37
26 38
26 39
26 40
26 47
26 50
26 53
26 74
26 77
26 78
26 81
26 82
26 84
26 85
26 89
26 94
26 98
26 107
26 109
26 113
26 117
27 28
27 29
27 30
27 31
27 32
27 33
27 34
27 35
27 36
27 37
27 38
27 39
27 41
27 49
27 50
27 54
27 59
27 68
27 75
27 76
27 91
27 97
27 100
27 103
27 117
28 29
28 30
28 31
28 32
28 33
28 34
28 35
28 36
28 37
28 38
28 39
28 42
28 46
28 56
28 57
28 63
28 66
28 67
28 70
28 72
28 85
28 92
28 95
28 100
29 30
29 31
29 32
29 33
29 34
29 35
29 36
29 37
29 38
29 39
29 41
29 43
29 44
29 56
29 74
29 82
29 92
29 97
29 102
29 103
29 110
29 116
29 119
30 31
30 32
30 33
30 34
30 35
30 36
30 37
30 38
30 39
30 41
30 43
30 52
30 60
30 61
30 63
30 68
30 72
30 74
30 81
30 86
30 88
30 96
30 100
30 104
30 105
30 110
30 112
30 115
31 32
31 33
31 34
31 35
31 36
31 37
31 38
31 39
31 41
31 45
31 48
31 59
31 60
31 69
31 72
31 75
31 79
31 84
31 96
31 98
31 109
31 110
31 114
31 117
32 33
32 34
32 35
32 36
32 37
32 38
32 39
32 43
32 44
32 45
32 52
32 56
32 72
32 77
32 78
32 81
32 92
32 100
32 108
32 110
32 113
32 115
32 118
33 34
33 35
33 36
33 37
33 38
33 39
33 40
33 42
33 46
33 55
33 58
33 59
33 75
33 76
33 77
33 81
33 83
33 88
33 92
33 104
33 105
33 106
33 111
33 113
33 114
33 117
34 35
34 36
34 37
34 38
34 39
34 41
34 44
34 47
34 56
34 58
34 61
34 63
34 77
34 81
34 83
34 91
34 95
34 96
34 98
34 113
34 115
35 36
35 37
35 38
35 39
35 42
35 48
35 49
35 56
35 57
35 60
35 62
35 64
35 67
35 79
35 83
35 96
35 101
35 107
35 113
35 119
36 37
36 38
36 39
36 47
36 49
36 55
36 59
36 60
36 63
36 72
36 78
36 79
36 80
36 89
36 90
36 94
36 98
36 99
36 101
36 105
36 106
37 38
37 39
37 48
37 56
37 59
37 63
37 73
37 79
37 88
37 90
37 106
37 119
38 39
38 45
38 49
38 50
38 51
38 55
38 60
38 65
38 66
38 67
38 68
38 69
38 76
38 83
38 89
38 91
38 92
38 95
38 97
38 98
38 104
38 105
38 106
38 115
38 116
38 118
39 42
39 45
39 56
39 57
39 64
39 66
39 68
39 73
39 80
39 82
39 100
39 101
39 110
39 111
40 41
40 42
40 43
40 44
40 45
40 46
40 47
40 48
40 49
40 50
40 51
40 52
40 53
40 54
40 55
40 56
40 57
40 58
40 59
40 62
40 76
40 88
40 92
40 93
40 94
40 100
40 104
40 106
40 114
41 42
41 43
41 44
41 45
41 46
41 47
41 48
41 49
41 50
41 51
41 52
41 53
41 54
41 55
41 56
41 57
41 58
41 59
41 63
41 75
41 82
41 84
41 89
41 91
41 98
41 108
41 110
41 111
41 116
42 43
42 44
42 45
42 46
42 47
42 48
42 49
42 50
42 51
42 52
42 53
42 54
42 55
42 56
42 57
42 58
42 59
42 61
42 62
42 66
42 75
42 88
42 90
42 93
42 94
42 99
42 103
42 108
42 112
42 115
42 116
42 119
43 44
43 45
43 46
43 47
43 48
43 49
43 50
43 51
43 52
43 53
43 54
43 55
43 56
43 57
43 58
43 59
43 72
43 75
43 78
43 80
43 103
43 104
43 106
43 113
43 118
44 45
44 46
44 47
44 48
44 49
44 50
44 51
44 52
44 53
44 54
44 55
44 56
44 57
44 58
44 59
44 62
44 70
44 86
44 93
44 106
44 108
44 112
44 115
44 118
45 46
45 47
45 48
45 49
45 50
45 51
45 52
45 53
45 54
45 55
45 56
45 57
45 58
45 59
45 62
45 66
45 71
45 73
45 74
45 92
45 99
45 102
45 105
45 111
45 115
45 119
46 47
46 48
46 49
46 50
46 51
46 52
46 53
46 54
46 55
46 56
46 57
46 58
46 59
46 60
46 63
46 70
46 77
46 91
46 93
46 94
46 100
46 101
46 108
46 109
47 48
47 49
47 50
47 51
47 52
47 53
47 54
47 55
47 56
47 57
47 58
47 59
47 64
47 65
47 66
47 70
47 71
47 78
47 82
47 84
47 92
47 94
47 104
47 113
47 116
47 117
48 49
48 50
48 51
48 52
48 53
48 54
48 55
48 56
48 57
48 58
48 59
48 62
48 63
48 66
48 69
48 71
48 73
48 77
48 82
48 87
48 94
48 105
48 106
48 107
48 111
48 113
48 117
49 50
49 51
49 52
49 53
49 54
49 55
49 56
49 57
49 58
49 59
49 63
49 64
49 67
49 71
49 73
49 92
49 108
49 115
49 118
50 51
50 52
50 53
50 54
50 55
50 56
50 57
50 58
50 59
50 65
50 77
50 83
50 85
50 86
50 89
50 95
50 101
50 104
50 107
50 112
51 52
51 53
51 54
51 55
51 56
51 57
51 58
51 59
51 62
51 65
51 69
51 70
51 71
51 73
51 77
51 82
51 98
51 100
51 107
51 109
51 115
52 53
52 54
52 55
52 56
52 57
52 58
52 59
52 61
52 67
52 68
52 75
52 78
52 83
52 88
52 90
52 92
52 95
52 97
52 100
52 102
52 103
52 112
52 118
53 54
53 55
53 56
53 57
53 58
53 59
53 65
53 66
53 67
53 72
53 74
53 78
53 88
53 89
53 90
53 95
53 98
53 100
53 101
53 116
54 55
54 56
54 57
54 58
54 59
54 66
54 67
54 69
54 73
54 76
54 80
54 82
54 87
54 88
54 89
54 92
54 93
54 94
54 96
54 98
54 102
54 107
54 110
54 112
54 115
54 116
55 56
55 57
55 58
55 59
55 62
55 65
55 71
55 73
55 84
55 87
55 88
55 97
55 107
55 119
56 57
56 58
56 59
56 62
56 66
56 67
56 69
56 76
56 83
56 89
56 90
56 97
56 98
56 103
56 105
56 108
56 111
56 114
56 116
57 58
57 59
57 60
57 63
57 66
57 69
57 71
57 72
57 74
57 76
57 86
57 90
57 91
57 94
57 96
57 99
57 106
57 109
58 59
58 62
58 64
58 65
58 76
58 77
58 79
58 80
58 81
58 95
58 99
58 102
58 115
58 119
59 76
59 80
59 83
59 86
59 89
59 90
59 100
59 105
59 107
60 61
60 62
60 63
60 64
60 65
60 66
60 67
60 68
60 69
60 70
60 71
60 72
60 73
60 74
60 75
60 76
60 77
60 78
60 79
60 85
60 94
60 96
60 101
60 106
60 110
60 114
60 118
61 62
61 63
61 64
61 65
61 66
61 67
61 68
61 69
61 70
61 71
61 72
61 73
61 74
61 75
61 76
61 77
61 78
61 79
61 83
61 104
61 106
61 109
61 117
62 63
62 64
62 65
62 66
62 67
62 68
62 69
62 70
62 71
62 72
62 73
62 74
62 75
62 76
62 77
62 78
62 79
62 80
62 92
62 93
62 97
62 104
62 105
62 107
62 115
62 118
63 64
63 65
63 66
63 67
63 68
63 69
63 70
63 71
63 72
63 73
63 74
63 75
63 76
63 77
63 78
63 79
63 82
63 83
63 85
63 86
63 91
63 92
63 94
63 118
64 65
64 66
64 67
64 68
64 69
64 70
64 71
64 72
64 73
64 74
64 75
64 76
64 77
64 78
64 79
64 82
64 87
64 103
64 106
64 109
64 110
64 111
64 112
64 116
65 66
65 67
65 68
65 69
65 70
65 71
65 72
65 73
65 74
65 75
65 76
65 77
65 78
65 79
65 87
65 92
65 94
65 95
65 99
65 104
65 107
65 115
66 67
66 68
66 69
66 70
66 71
66 72
66 73
66 74
66 75
66 76
66 77
66 78
66 79
66 95
66 100
66 112
67 68
67 69
67 70
67 71
67 72
67 73
67 74
67 75
67 76
67 77
67 78
67 79
67 96
67 97
67 100
67 103
67 109
67 114
67 115
67 116
68 69
68 70
68 71
68 72
68 73
68 74
68 75
68 76
68 77
68 78
68 79
68 80
68 81
68 82
68 86
68 91
68 111
68 115
68 118
69 70
69 71
69 72
69 73
69 74
69 75
69 76
69 77
69 78
69 79
69 81
69 89
69 90
69 91
69 92
69 97
69 100
69 103
69 107
69 111
69 115
69 117
69 118
70 71
70 72
70 73
70 74
70 75
70 76
70 77
70 78
70 79
70 80
70 85
70 93
70 94
70 96
70 100
70 102
70 104
70 112
70 114
71 72
71 73
71 74
71 75
71 76
71 77
71 78
71 79
71 80
71 88
71 89
71 95
71 98
71 99
71 102
71 115
72 73
72 74
72 75
72 76
72 77
72 78
72 79
72 81
72 90
72 98
72 103
72 112
73 74
73 75
73 76
73 77
73 78
73 79
73 92
73 95
73 98
73 105
73 108
73 112
73 114
73 115
73 119
74 75
74 76
74 77
74 78
74 79
74 82
74 86
74 87
74 97
74 108
75 76
75 77
75 78
75 79
75 80
75 82
75 89
75 93
75 94
75 95
75 96
75 106
75 107
75 111
75 113
75 119
76 77
76 78
76 79
76 84
76 86
76 90
76 99
76 102
76 106
76 115
77 78
77 79
77 88
77 97
77 103
77 106
77 115
78 79
78 84
78 91
78 94
78 98
78 99
78 104
78 107
78 117
79 86
79 88
79 89
79 91
79 93
79 117
80 81
80 82
80 83
80 84
80 85
80 86
80 87
80 88
80 89
80 90
80 91
80 92
80 93
80 94
80 95
80 96
80 97
80 98
80 99
80 103
80 114
81 82
81 83
81 84
81 85
81 86
81 87
81 88
81 89
81 90
81 91
81 92
81 93
81 94
81 95
81 96
81 97
81 98
81 99
81 108
81 114
81 115
81 116
81 117
82 83
82 84
82 85
82 86
82 87
82 88
82 89
82 90
82 91
82 92
82 93
82 94
82 95
82 96
82 97
82 98
82 99
82 101
82 103
82 111
82 115
83 84
83 85
83 86
83 87
83 88
83 89
83 90
83 91
83 92
83 93
83 94
83 95
83 96
83 97
83 98
83 99
83 108
83 117
84 85
84 86
84 87
84 88
84 89
84 90
84 91
84 92
84 93
84 94
84 95
84 96
84 97
84 98
84 99
84 102
84 103
84 119
85 86
85 87
85 88
85 89
85 90
85 91
85 92
85 93
85 94
85 95
85 96
85 97
85 98
85 99
85 109
85 110
85 116
86 87
86 88
86 89
86 90
86 91
86 92
86 93
86 94
86 95
86 96
86 97
86 98
86 99
86 117
87 88
87 89
87 90
87 91
87 92
87 93
87 94
87 95
87 96
87 97
87 98
87 99
87 102
87 106
87 107
87 108
87 109
87 113
88 89
88 90
88 91
88 92
88 93
88 94
88 95
88 96
88 97
88 98
88 99
88 105
88 108
88 114
88 119
89 90
89 91
89 92
89 93
89 94
89 95
89 96
89 97
89 98
89 99
89 102
89 103
89 106
89 109
89 113
89 116
90 91
90 92
90 93
90 94
90 95
90 96
90 97
90 98
90 99
90 102
90 119
91 92
91 93
91 94
91 95
91 96
91 97
91 98
91 99
91 102
91 107
91 108
92 93
92 94
92 95
92 96
92 97
92 98
92 99
92 119
93 94
93 95
93 96
93 97
93 98
93 99
93 101
93 111
93 112
93 115
93 118
93 119
94 95
94 96
94 97
94 98
94 99
94 101
94 102
94 107
94 109
94 115
94 117
94 118
95 96
95 97
95 98
95 99
95 105
95 107
95 113
96 97
96 98
96 99
96 103
96 108
96 112
96 119
97 98
97 99
97 101
97 118
98 99
98 105
98 106
98 107
99 116
100 101
100 102
100 103
100 104
100 105
100 106
100 107
100 108
100 109
100 110
100 111
100 112
100 113
100 114
100 115
100 116
100 117
100 118
100 119
101 102
101 103
101 104
101 105
101 106
101 107
101 108
101 109
101 110
101 111
101 112
101 113
101 114
101 115
101 116
101 117
101 118
101 119
102 103
102 104
102 105
102 106
102 107
102 108
102 109
102 110
102 111
102 112
102 113
102 114
102 115
102 116
102 117
102 118
102 119
103 104
103 105
103 106
103 107
103 108
103 109
103 110
103 111
103 112
103 113
103 114
103 115
103 116
103 117
103 118
103 119
104 105
104 106
104 107
104 108
104 109
104 110
104 111
104 112
104 113
104 114
104 115
104 116
104 117
104 118
104 119
105 106
105 107
105 108
105 109
105 110
105 111
105 112
105 113
105 114
105 115
105 116
105 117
105 118
105 119
106 107
106 108
106 109
106 110
106 111
106 112
106 113
106 114
106 115
106 116
106 117
106 118
106 119
107 108
107 109
107 110
107 111
107 112
107 113
107 114
107 115
107 116
107 117
107 118
107 119
108 109
108 110
108 111
108 112
108 113
108 114
108 115
108 116
108 117
108 118
108 119
109 110
109 111
109 112
109 113
109 114
109 115
109 116
109 117
109 118
109 119
110 111
110 112
110 113
110 114
110 115
110 116
110 117
110 118
110 119
111 112
111 113
111 114
111 115
111 116
111 117
111 118
111 119
112 113
112 114
112 115
112 116
112 117
112 118
112 119
113 114
113 115
113 116
113 117
113 118
113 119
114 115
114 116
114 117
114 118
114 119
115 116
115 117
115 118
115 119
116 117
116 118
116 119
117 118
117 119
118 119
