# 760 edges
0 1
0 2
0 3
0 4
0 5
0 6
0 7
0 8
0 9
0 47
0 57
0 63
0 71
0 78
1 2
1 3
1 4
1 5
1 6
1 7
1 8
1 9
1 11
1 22
1 38
1 41
1 47
1 61
1 66
1 70
1 87
1 88
2 3
2 4
2 5
2 6
2 7
2 8
2 9
2 16
2 19
2 24
2 25
2 31
2 32
2 57
2 68
2 80
3 4
3 5
3 6
3 7
3 8
3 9
3 25
3 32
3 40
3 56
3 72
4 5
4 6
4 7
4 8
4 9
4 52
4 72
4 76
4 79
4 86
5 6
5 7
5 8
5 9
5 10
5 19
5 29
5 76
5 77
6 7
6 8
6 9
6 14
6 18
6 21
6 27
6 31
6 35
6 44
6 49
6 52
6 70
6 74
6 80
6 86
7 8
7 9
7 15
7 26
7 31
7 45
7 56
7 60
7 67
8 9
8 24
8 30
8 57
8 60
8 77
8 80
8 82
9 10
9 31
9 36
9 51
9 69
9 71
9 75
9 88
10 11
10 12
10 13
10 14
10 15
10 16
10 17
10 18
10 19
10 24
10 28
10 32
10 37
10 39
10 42
10 44
10 47
10 79
11 12
11 13
11 14
11 15
11 16
11 17
11 18
11 19
11 38
11 69
11 76
12 13
12 14
12 15
12 16
12 17
12 18
12 19
12 26
12 43
12 66
12 69
12 80
12 88
13 14
13 15
13 16
13 17
13 18
13 19
13 26
13 63
13 71
13 87
14 15
14 16
14 17
14 18
14 19
14 20
14 21
14 31
14 39
14 41
14 43
14 44
14 77
15 16
15 17
15 18
15 19
15 21
15 26
15 34
15 62
15 71
16 17
16 18
16 19
16 24
16 29
16 38
16 56
16 62
16 69
16 88
17 18
17 19
17 22
17 30
17 31
17 47
17 62
17 82
17 87
17 89
18 19
18 22
18 24
18 30
18 59
19 22
19 26
19 49
19 52
19 59
19 78
20 21
20 22
20 23
20 24
20 25
20 26
20 27
20 28
20 29
20 35
20 44
20 49
20 55
20 69
20 75
20 81
20 85
21 22
21 23
21 24
21 25
21 26
21 27
21 28
21 29
21 33
21 61
21 82
21 89
22 23
22 24
22 25
22 26
22 27
22 28
22 29
22 40
22 53
22 61
23 24
23 25
23 26
23 27
23 28
23 29
23 31
23 47
23 49
23 54
23 68
23 87
24 25
24 26
24 27
24 28
24 29
24 33
24 44
24 48
24 52
24 62
24 65
24 67
24 78
25 26
25 27
25 28
25 29
25 33
25 53
25 58
25 66
25 68
25 71
25 74
25 76
26 27
26 28
26 29
26 34
26 44
26 47
26 59
26 63
26 67
26 73
26 76
26 77
26 81
27 28
27 29
27 40
27 55
27 59
27 64
27 65
27 66
27 68
27 76
27 77
27 86
28 29
28 39
28 41
28 68
28 73
28 74
28 81
28 86
29 36
29 38
29 46
29 52
29 55
29 60
29 88
32 33
32 34
32 35
32 36
32 37
32 38
32 39
32 30
32 31
32 44
32 54
32 87
33 34
33 35
33 36
33 37
33 38
33 39
33 30
33 31
33 43
33 73
34 35
34 36
34 37
34 38
34 39
34 30
34 31
34 42
34 54
34 56
34 64
34 68
34 77
35 36
35 37
35 38
35 39
35 30
35 31
35 41
35 60
35 62
35 81
35 82
35 87
36 37
36 38
36 39
36 30
36 31
36 43
36 51
36 56
36 65
36 72
36 83
36 88
37 38
37 39
37 30
37 31
37 83
38 39
38 30
38 31
38 54
38 58
38 62
38 64
38 69
38 89
39 30
39 31
39 43
39 47
39 51
39 59
39 64
39 85
39 86
30 31
30 72
30 76
30 81
30 83
31 45
31 49
31 58
31 64
31 73
31 74
31 79
31 85
40 41
40 42
40 43
40 44
40 45
40 46
40 47
40 48
40 49
40 67
40 70
40 87
41 42
41 43
41 44
41 45
41 46
41 47
41 48
41 49
41 52
41 73
41 76
41 77
42 43
42 44
42 45
42 46
42 47
42 48
42 49
43 44
43 45
43 46
43 47
43 48
43 49
43 51
43 54
44 45
44 46
44 47
44 48
44 49
44 52
44 72
44 80
44 86
45 46
45 47
45 48
45 49
45 70
45 71
45 73
45 82
46 47
46 48
46 49
46 56
46 58
46 80
46 85
47 48
47 49
47 51
47 69
47 79
47 82
47 89
48 49
48 54
48 80
48 84
48 87
49 66
49 82
49 87
50 51
50 52
50 53
50 54
50 55
50 56
50 57
50 58
50 59
50 61
50 72
50 88
51 52
51 53
51 54
51 55
51 56
51 57
51 58
51 59
51 60
51 68
51 72
51 76
51 85
52 53
52 54
52 55
52 56
52 57
52 58
52 59
52 76
52 77
52 81
52 83
52 88
53 54
53 55
53 56
53 57
53 58
53 59
53 62
53 74
53 76
53 83
53 87
54 55
54 56
54 57
54 58
54 59
54 61
54 67
54 78
55 56
55 57
55 58
55 59
55 67
55 71
55 73
55 85
55 88
56 57
56 58
56 59
56 75
56 89
57 58
57 59
57 66
57 67
57 70
57 72
58 59
58 63
58 76
59 69
59 77
64 65
64 66
64 67
64 68
64 69
64 60
64 61
64 62
64 63
64 73
64 83
65 66
65 67
65 68
65 69
65 60
65 61
65 62
65 63
66 67
66 68
66 69
66 60
66 61
66 62
66 63
67 68
67 69
67 60
67 61
67 62
67 63
67 80
67 81
67 85
68 69
68 60
68 61
68 62
68 63
68 75
68 76
68 77
68 78
68 86
69 60
69 61
69 62
69 63
69 73
69 81
69 82
69 88
60 61
60 62
60 63
60 73
60 82
60 88
61 62
61 63
61 79
61 80
61 84
62 63
62 71
62 75
62 76
63 89
70 71
70 72
70 73
70 74
70 75
70 76
70 77
70 78
70 79
70 85
71 72
71 73
71 74
71 75
71 76
71 77
71 78
71 79
72 73
72 74
72 75
72 76
72 77
72 78
72 79
72 82
73 74
73 75
73 76
73 77
73 78
73 79
73 86
74 75
74 76
74 77
74 78
74 79
74 84
74 86
75 76
75 77
75 78
75 79
76 77
76 78
76 79
76 80
77 78
77 79
78 79
79 80
80 81
80 82
80 83
80 84
80 85
80 86
80 87
80 88
80 89
81 82
81 83
81 84
81 85
81 86
81 87
81 88
81 89
82 83
82 84
82 85
82 86
82 87
82 88
82 89
83 84
83 85
83 86
83 87
83 88
83 89
84 85
84 86
84 87
84 88
84 89
85 86
85 87
85 88
85 89
86 87
86 88
86 89
87 88
87 89
88 89
