# 1742 edges
0 1
0 2
0 3
0 4
0 5
0 6
0 7
0 8
0 9
0 10
0 11
0 12
0 13
0 14
0 52
0 62
0 68
0 76
0 83
0 96
0 107
0 123
0 126
0 132
1 2
1 3
1 4
1 5
1 6
1 7
1 8
1 9
1 10
1 11
1 12
1 13
1 14
1 26
1 31
1 35
1 52
1 53
1 61
1 64
1 69
1 70
1 76
1 77
1 102
1 113
1 125
2 3
2 4
2 5
2 6
2 7
2 8
2 9
2 10
2 11
2 12
2 13
2 14
2 30
2 37
2 45
2 61
2 77
3 4
3 5
3 6
3 7
3 8
3 9
3 10
3 11
3 12
3 13
3 14
3 17
3 37
3 41
3 44
3 51
3 55
3 64
3 74
3 121
3 122
4 5
4 6
4 7
4 8
4 9
4 10
4 11
4 12
4 13
4 14
4 19
4 23
4 26
4 32
4 36
4 40
4 49
4 54
4 57
4 75
4 79
4 85
4 91
4 100
4 111
4 116
4 130
5 6
5 7
5 8
5 9
5 10
5 11
5 12
5 13
5 14
5 21
5 25
5 32
5 69
5 75
5 102
5 105
5 122
5 125
5 127
6 7
6 8
6 9
6 10
6 11
6 12
6 13
6 14
6 15
6 36
6 41
6 56
6 74
6 76
6 80
6 93
6 99
6 103
6 107
6 112
6 114
6 117
6 119
6 122
7 8
7 9
7 10
7 11
7 12
7 13
7 14
7 34
7 63
7 94
7 101
7 121
8 9
8 10
8 11
8 12
8 13
8 14
8 18
8 41
8 44
8 55
8 63
8 71
8 108
8 116
8 132
9 10
9 11
9 12
9 13
9 14
9 15
9 16
9 26
9 34
9 36
9 38
9 39
9 72
9 86
9 91
9 99
9 127
10 11
10 12
10 13
10 14
10 16
10 39
10 44
10 53
10 71
10 77
10 84
10 103
10 107
10 115
10 116
10 132
11 12
11 13
11 14
11 27
11 47
11 52
11 54
11 57
11 59
11 65
11 94
11 127
11 131
12 13
12 14
12 34
12 37
12 44
12 63
12 80
12 89
12 94
12 100
12 114
12 120
12 126
12 130
13 14
13 18
13 46
13 67
13 74
13 85
13 98
13 106
14 16
14 32
14 34
14 39
14 53
14 72
14 78
14 89
14 93
14 97
14 107
14 110
14 112
14 123
15 16
15 17
15 18
15 19
15 20
15 21
15 22
15 23
15 24
15 25
15 26
15 27
15 28
15 29
15 33
15 53
15 58
15 66
15 68
15 71
15 74
15 76
15 94
15 104
15 107
15 119
15 123
15 127
15 133
16 17
16 18
16 19
16 20
16 21
16 22
16 23
16 24
16 25
16 26
16 27
16 28
16 29
16 31
16 32
16 36
16 55
16 70
16 74
16 79
16 80
16 81
16 83
16 91
16 92
16 101
16 114
16 116
17 18
17 19
17 20
17 21
17 22
17 23
17 24
17 25
17 26
17 27
17 28
17 29
17 38
17 43
17 44
17 51
17 56
17 66
17 68
17 76
17 82
17 85
17 90
17 118
18 19
18 20
18 21
18 22
18 23
18 24
18 25
18 26
18 27
18 28
18 29
18 47
18 51
18 56
18 58
18 70
18 74
18 83
18 89
18 98
18 99
18 104
18 110
18 119
18 129
19 20
19 21
19 22
19 23
19 24
19 25
19 26
19 27
19 28
19 29
19 57
19 63
19 93
19 112
19 124
19 126
19 134
20 21
20 22
20 23
20 24
20 25
20 26
20 27
20 28
20 29
20 33
20 42
20 56
20 75
20 77
20 96
20 97
20 102
20 108
20 116
20 121
20 130
21 22
21 23
21 24
21 25
21 26
21 27
21 28
21 29
21 32
21 43
21 48
21 93
21 114
21 118
21 122
21 124
21 129
22 23
22 24
22 25
22 26
22 27
22 28
22 29
22 44
22 48
22 52
22 56
22 64
22 69
22 90
22 91
22 112
22 115
22 132
23 24
23 25
23 26
23 27
23 28
23 29
23 32
23 53
23 56
23 57
23 111
23 114
24 25
24 26
24 27
24 28
24 29
24 47
24 67
24 75
24 81
24 105
24 106
24 108
24 117
24 131
24 133
25 26
25 27
25 28
25 29
25 50
25 55
25 61
25 79
25 89
25 92
25 99
25 104
25 130
25 134
26 27
26 28
26 29
26 32
26 51
26 67
26 72
26 76
26 87
26 103
26 105
26 113
26 117
26 121
26 130
27 28
27 29
27 46
27 47
27 51
27 53
27 58
27 62
27 74
27 76
27 83
27 87
27 91
27 97
27 108
27 127
27 131
27 133
28 29
28 40
28 43
28 60
28 74
28 81
28 82
28 85
28 87
28 108
28 121
29 39
29 47
29 63
29 72
29 78
29 89
29 90
29 94
29 101
29 105
29 106
32 33
32 34
32 35
32 36
32 37
32 38
32 39
32 40
32 41
32 42
32 43
32 44
32 30
32 31
32 50
32 80
32 118
32 124
32 134
33 34
33 35
33 36
33 37
33 38
33 39
33 40
33 41
33 42
33 43
33 44
33 30
33 31
33 84
33 89
33 91
33 108
33 111
33 116
34 35
34 36
34 37
34 38
34 39
34 40
34 41
34 42
34 43
34 44
34 30
34 31
34 58
34 63
34 78
34 86
34 102
34 110
34 134
35 36
35 37
35 38
35 39
35 40
35 41
35 42
35 43
35 44
35 30
35 31
35 53
35 58
35 62
35 93
35 108
35 112
35 115
35 118
35 122
35 131
36 37
36 38
36 39
36 40
36 41
36 42
36 43
36 44
36 30
36 31
36 72
36 85
36 89
36 90
36 93
36 121
36 123
36 124
37 38
37 39
37 40
37 41
37 42
37 43
37 44
37 30
37 31
37 48
37 49
37 64
37 65
37 66
37 70
37 78
37 92
37 94
37 104
37 122
37 129
38 39
38 40
38 41
38 42
38 43
38 44
38 30
38 31
38 47
38 76
38 77
38 83
38 87
38 93
38 97
38 101
39 40
39 41
39 42
39 43
39 44
39 30
39 31
39 48
39 58
39 77
39 85
39 95
39 104
39 125
39 129
39 131
39 133
40 41
40 42
40 43
40 44
40 30
40 31
40 70
40 77
40 85
40 91
40 98
40 118
40 122
40 132
41 42
41 43
41 44
41 30
41 31
41 78
41 88
41 89
41 126
41 127
41 129
41 133
42 43
42 44
42 30
42 31
42 46
42 52
42 59
42 64
42 66
42 68
42 72
42 77
42 80
42 85
42 95
42 101
42 114
42 118
42 127
43 44
43 30
43 31
43 47
43 66
43 67
43 69
43 76
43 83
43 90
43 97
43 116
43 123
43 129
43 131
43 132
43 134
44 30
44 31
44 46
44 60
44 69
44 107
44 110
44 111
30 31
30 49
30 53
30 63
30 120
30 121
30 125
31 45
31 46
31 47
31 48
31 56
31 63
31 71
31 72
31 78
31 85
31 102
31 116
31 124
31 126
45 46
45 47
45 48
45 49
45 50
45 51
45 52
45 53
45 54
45 55
45 56
45 57
45 58
45 59
45 74
45 91
45 95
45 101
45 105
45 115
45 120
46 47
46 48
46 49
46 50
46 51
46 52
46 53
46 54
46 55
46 56
46 57
46 58
46 59
46 65
46 74
46 76
46 81
46 98
46 129
47 48
47 49
47 50
47 51
47 52
47 53
47 54
47 55
47 56
47 57
47 58
47 59
47 62
47 78
47 90
47 108
47 110
47 111
47 116
48 49
48 50
48 51
48 52
48 53
48 54
48 55
48 56
48 57
48 58
48 59
48 72
48 99
48 100
48 101
48 102
48 106
48 117
48 122
48 124
48 129
49 50
49 51
49 52
49 53
49 54
49 55
49 56
49 57
49 58
49 59
49 90
49 132
50 51
50 52
50 53
50 54
50 55
50 56
50 57
50 58
50 59
50 74
50 80
50 81
50 86
50 111
50 121
50 130
50 131
51 52
51 53
51 54
51 55
51 56
51 57
51 58
51 59
51 62
51 65
51 76
51 80
51 82
51 85
51 101
51 107
51 109
51 117
51 133
52 53
52 54
52 55
52 56
52 57
52 58
52 59
52 65
52 68
52 72
52 108
52 122
53 54
53 55
53 56
53 57
53 58
53 59
53 67
53 70
53 73
53 80
53 83
53 89
53 90
53 97
53 123
54 55
54 56
54 57
54 58
54 59
54 60
54 69
54 74
54 75
54 76
54 91
54 93
54 99
54 104
54 106
54 122
55 56
55 57
55 58
55 59
55 73
55 91
55 100
55 109
55 129
56 57
56 58
56 59
56 67
56 79
56 81
56 83
56 107
56 124
57 58
57 59
57 70
57 72
57 76
57 86
57 90
57 117
57 118
57 134
58 59
58 76
58 102
58 109
59 67
59 74
59 78
59 104
59 107
59 112
59 113
64 65
64 66
64 67
64 68
64 69
64 70
64 71
64 72
64 73
64 74
64 60
64 61
64 62
64 63
64 81
64 84
64 107
64 111
64 113
64 128
64 132
65 66
65 67
65 68
65 69
65 70
65 71
65 72
65 73
65 74
65 60
65 61
65 62
65 63
65 77
65 84
65 91
65 100
65 109
65 110
65 112
65 118
65 121
65 129
65 133
66 67
66 68
66 69
66 70
66 71
66 72
66 73
66 74
66 60
66 61
66 62
66 63
66 77
66 83
66 108
66 112
66 115
66 130
66 132
67 68
67 69
67 70
67 71
67 72
67 73
67 74
67 60
67 61
67 62
67 63
67 81
67 90
67 91
67 92
67 94
67 95
67 108
67 110
67 121
67 125
68 69
68 70
68 71
68 72
68 73
68 74
68 60
68 61
68 62
68 63
68 84
68 92
68 110
68 113
68 120
68 122
68 128
68 132
69 70
69 71
69 72
69 73
69 74
69 60
69 61
69 62
69 63
69 78
69 79
69 81
69 88
69 109
69 118
69 120
69 131
70 71
70 72
70 73
70 74
70 60
70 61
70 62
70 63
70 87
70 101
70 111
70 114
70 119
71 72
71 73
71 74
71 60
71 61
71 62
71 63
71 83
71 95
71 100
71 103
71 104
71 106
71 123
71 130
72 73
72 74
72 60
72 61
72 62
72 63
72 89
72 96
72 102
73 74
73 60
73 61
73 62
73 63
73 85
73 87
73 92
73 95
73 99
73 103
73 121
73 125
74 60
74 61
74 62
74 63
74 76
74 101
74 106
74 120
74 124
60 61
60 62
60 63
60 96
60 97
60 103
60 104
60 107
60 120
60 122
60 123
60 132
61 62
61 63
61 88
61 93
61 97
61 104
61 123
61 131
62 63
62 101
62 134
63 81
63 82
63 107
63 111
63 113
75 76
75 77
75 78
75 79
75 80
75 81
75 82
75 83
75 84
75 85
75 86
75 87
75 88
75 89
75 94
75 103
75 106
75 109
75 129
76 77
76 78
76 79
76 80
76 81
76 82
76 83
76 84
76 85
76 86
76 87
76 88
76 89
76 94
76 130
77 78
77 79
77 80
77 81
77 82
77 83
77 84
77 85
77 86
77 87
77 88
77 89
77 93
77 96
77 110
77 114
77 115
77 121
78 79
78 80
78 81
78 82
78 83
78 84
78 85
78 86
78 87
78 88
78 89
79 80
79 81
79 82
79 83
79 84
79 85
79 86
79 87
79 88
79 89
79 98
79 102
79 103
79 123
79 124
80 81
80 82
80 83
80 84
80 85
80 86
80 87
80 88
80 89
80 98
80 100
80 109
80 116
80 134
81 82
81 83
81 84
81 85
81 86
81 87
81 88
81 89
81 92
81 100
81 119
81 133
82 83
82 84
82 85
82 86
82 87
82 88
82 89
82 98
83 84
83 85
83 86
83 87
83 88
83 89
83 90
84 85
84 86
84 87
84 88
84 89
84 122
84 134
85 86
85 87
85 88
85 89
85 90
86 87
86 88
86 89
86 112
86 128
86 130
86 132
87 88
87 89
87 94
87 95
87 97
87 102
87 103
87 108
87 120
88 89
88 92
88 94
88 96
88 119
88 134
89 102
96 97
96 98
96 99
96 100
96 101
96 102
96 103
96 104
96 90
96 91
96 92
96 93
96 94
96 95
96 108
96 123
97 98
97 99
97 100
97 101
97 102
97 103
97 104
97 90
97 91
97 92
97 93
97 94
97 95
97 106
97 110
97 122
98 99
98 100
98 101
98 102
98 103
98 104
98 90
98 91
98 92
98 93
98 94
98 95
98 105
98 113
98 117
98 119
98 123
99 100
99 101
99 102
99 103
99 104
99 90
99 91
99 92
99 93
99 94
99 95
99 112
99 128
100 101
100 102
100 103
100 104
100 90
100 91
100 92
100 93
100 94
100 95
100 113
100 117
100 123
100 126
101 102
101 103
101 104
101 90
101 91
101 92
101 93
101 94
101 95
101 115
101 118
101 125
101 129
102 103
102 104
102 90
102 91
102 92
102 93
102 94
102 95
102 105
102 107
102 112
102 114
102 115
102 133
103 104
103 90
103 91
103 92
103 93
103 94
103 95
103 107
103 113
103 114
103 117
103 118
103 123
103 132
104 90
104 91
104 92
104 93
104 94
104 95
104 105
104 123
104 124
104 130
104 131
104 132
90 91
90 92
90 93
90 94
90 95
90 110
90 130
91 92
91 93
91 94
91 95
91 107
91 128
92 93
92 94
92 95
92 119
92 128
92 129
93 94
93 95
93 108
94 95
94 116
94 124
94 130
105 106
105 107
105 108
105 109
105 110
105 111
105 112
105 113
105 114
105 115
105 116
105 117
105 118
105 119
105 134
106 107
106 108
106 109
106 110
106 111
106 112
106 113
106 114
106 115
106 116
106 117
106 118
106 119
106 127
106 130
107 108
107 109
107 110
107 111
107 112
107 113
107 114
107 115
107 116
107 117
107 118
107 119
107 133
108 109
108 110
108 111
108 112
108 113
108 114
108 115
108 116
108 117
108 118
108 119
109 110
109 111
109 112
109 113
109 114
109 115
109 116
109 117
109 118
109 119
109 125
109 133
110 111
110 112
110 113
110 114
110 115
110 116
110 117
110 118
110 119
110 120
111 112
111 113
111 114
111 115
111 116
111 117
111 118
111 119
111 125
111 129
112 113
112 114
112 115
112 116
112 117
112 118
112 119
112 125
112 126
113 114
113 115
113 116
113 117
113 118
113 119
113 122
114 115
114 116
114 117
114 118
114 119
114 127
115 116
115 117
115 118
115 119
115 123
115 124
115 125
115 126
115 130
116 117
116 118
116 119
116 121
116 131
117 118
117 119
118 119
118 132
119 131
128 129
128 130
128 131
128 132
128 133
128 134
128 120
128 121
128 122
128 123
128 124
128 125
128 126
128 127
129 130
129 131
129 132
129 133
129 134
129 120
129 121
129 122
129 123
129 124
129 125
129 126
129 127
130 131
130 132
130 133
130 134
130 120
130 121
130 122
130 123
130 124
130 125
130 126
130 127
131 132
131 133
131 134
131 120
131 121
131 122
131 123
131 124
131 125
131 126
131 127
132 133
132 134
132 120
132 121
132 122
132 123
132 124
132 125
132 126
132 127
133 134
133 120
133 121
133 122
133 123
133 124
133 125
133 126
133 127
134 120
134 121
134 122
134 123
134 124
134 125
134 126
134 127
120 121
120 122
120 123
120 124
120 125
120 126
120 127
121 122
121 123
121 124
121 125
121 126
121 127
122 123
122 124
122 125
122 126
122 127
123 124
123 125
123 126
123 127
124 125
124 126
124 127
125 126
125 127
126 127
