# 1137 edges
0 1
0 2
0 3
0 4
0 5
0 6
0 7
0 8
0 9
0 19
0 21
0 23
0 45
0 47
0 49
0 57
0 58
0 59
0 62
0 63
0 65
0 66
0 67
0 71
0 78
0 82
0 88
0 89
1 2
1 3
1 4
1 5
1 6
1 7
1 8
1 9
1 11
1 19
1 22
1 32
1 38
1 40
1 41
1 47
1 48
1 55
1 56
1 58
1 61
1 64
1 66
1 70
1 76
1 86
1 87
1 88
2 3
2 4
2 5
2 6
2 7
2 8
2 9
2 16
2 19
2 24
2 25
2 31
2 32
2 34
2 40
2 53
2 57
2 66
2 67
2 68
2 80
2 81
2 87
3 4
3 5
3 6
3 7
3 8
3 9
3 16
3 18
3 20
3 25
3 29
3 32
3 33
3 35
3 36
3 40
3 56
3 63
3 64
3 68
3 72
3 89
4 5
4 6
4 7
4 8
4 9
4 17
4 28
4 42
4 49
4 51
4 52
4 53
4 55
4 64
4 72
4 74
4 76
4 77
4 78
4 79
4 85
4 86
4 88
5 6
5 7
5 8
5 9
5 10
5 13
5 19
5 21
5 22
5 28
5 29
5 45
5 49
5 62
5 70
5 76
5 77
5 78
5 86
6 7
6 8
6 9
6 13
6 14
6 18
6 21
6 27
6 31
6 35
6 39
6 44
6 47
6 49
6 51
6 52
6 59
6 70
6 74
6 77
6 80
6 86
7 8
7 9
7 13
7 14
7 15
7 24
7 26
7 31
7 35
7 41
7 45
7 49
7 52
7 56
7 60
7 63
7 67
7 89
8 9
8 20
8 24
8 30
8 47
8 49
8 52
8 54
8 57
8 58
8 60
8 77
8 80
8 82
8 84
9 10
9 31
9 34
9 36
9 51
9 55
9 69
9 71
9 72
9 75
9 77
9 81
9 83
9 88
10 11
10 12
10 13
10 14
10 15
10 16
10 17
10 18
10 19
10 24
10 28
10 32
10 37
10 39
10 42
10 44
10 47
10 79
10 81
11 12
11 13
11 14
11 15
11 16
11 17
11 18
11 19
11 38
11 43
11 49
11 50
11 69
11 76
11 79
11 86
11 87
12 13
12 14
12 15
12 16
12 17
12 18
12 19
12 25
12 26
12 27
12 32
12 36
12 43
12 49
12 50
12 65
12 66
12 69
12 80
12 88
13 14
13 15
13 16
13 17
13 18
13 19
13 20
13 26
13 34
13 44
13 46
13 51
13 58
13 63
13 71
13 87
14 15
14 16
14 17
14 18
14 19
14 20
14 21
14 24
14 31
14 39
14 41
14 43
14 44
14 46
14 52
14 57
14 76
14 77
14 86
15 16
15 17
15 18
15 19
15 20
15 21
15 24
15 26
15 34
15 39
15 62
15 65
15 70
15 71
15 76
16 17
16 18
16 19
16 24
16 29
16 38
16 49
16 56
16 62
16 67
16 69
16 71
16 86
16 88
17 18
17 19
17 20
17 22
17 30
17 31
17 32
17 33
17 35
17 39
17 44
17 47
17 49
17 50
17 59
17 62
17 65
17 72
17 75
17 78
17 81
17 82
17 87
17 88
17 89
18 19
18 22
18 24
18 30
18 50
18 52
18 55
18 56
18 59
18 69
18 76
18 83
18 88
19 21
19 22
19 26
19 39
19 49
19 52
19 53
19 57
19 59
19 62
19 67
19 73
19 74
19 75
19 76
19 78
19 89
20 21
20 22
20 23
20 24
20 25
20 26
20 27
20 28
20 29
20 31
20 35
20 44
20 49
20 54
20 55
20 69
20 74
20 75
20 81
20 85
20 89
21 22
21 23
21 24
21 25
21 26
21 27
21 28
21 29
21 33
21 43
21 55
21 61
21 64
21 77
21 79
21 82
21 84
21 86
21 89
22 23
22 24
22 25
22 26
22 27
22 28
22 29
22 33
22 36
22 40
22 53
22 57
22 61
22 64
22 73
22 84
23 24
23 25
23 26
23 27
23 28
23 29
23 31
23 45
23 47
23 49
23 50
23 54
23 57
23 60
23 68
23 71
23 82
23 87
24 25
24 26
24 27
24 28
24 29
24 33
24 38
24 44
24 46
24 48
24 52
24 56
24 62
24 65
24 67
24 72
24 78
24 84
25 26
25 27
25 28
25 29
25 33
25 35
25 44
25 53
25 58
25 62
25 65
25 66
25 68
25 71
25 74
25 76
25 86
25 89
26 27
26 28
26 29
26 34
26 37
26 44
26 47
26 49
26 51
26 59
26 63
26 67
26 73
26 75
26 76
26 77
26 81
26 83
27 28
27 29
27 34
27 38
27 40
27 51
27 55
27 59
27 64
27 65
27 66
27 68
27 69
27 74
27 76
27 77
27 86
28 29
28 39
28 41
28 49
28 53
28 62
28 63
28 67
28 68
28 70
28 73
28 74
28 77
28 78
28 80
28 81
28 86
29 36
29 38
29 40
29 44
29 46
29 52
29 53
29 55
29 60
29 69
29 73
29 76
29 80
29 81
29 83
29 86
29 88
32 33
32 34
32 35
32 36
32 37
32 38
32 39
32 30
32 31
32 40
32 42
32 44
32 45
32 54
32 71
32 76
32 77
32 81
32 83
32 87
33 34
33 35
33 36
33 37
33 38
33 39
33 30
33 31
33 42
33 43
33 56
33 58
33 71
33 73
33 74
33 77
33 85
33 87
34 35
34 36
34 37
34 38
34 39
34 30
34 31
34 42
34 43
34 54
34 56
34 64
34 68
34 77
35 36
35 37
35 38
35 39
35 30
35 31
35 40
35 41
35 48
35 56
35 60
35 62
35 66
35 76
35 81
35 82
35 85
35 87
36 37
36 38
36 39
36 30
36 31
36 43
36 51
36 56
36 59
36 65
36 66
36 72
36 83
36 86
36 88
37 38
37 39
37 30
37 31
37 53
37 61
37 68
37 69
37 70
37 77
37 80
37 83
38 39
38 30
38 31
38 54
38 57
38 58
38 61
38 62
38 64
38 65
38 69
38 74
38 78
38 87
38 89
39 30
39 31
39 43
39 47
39 51
39 59
39 60
39 64
39 69
39 78
39 85
39 86
30 31
30 53
30 61
30 72
30 76
30 81
30 83
31 44
31 45
31 49
31 51
31 53
31 58
31 64
31 71
31 73
31 74
31 79
31 81
31 85
31 89
40 41
40 42
40 43
40 44
40 45
40 46
40 47
40 48
40 49
40 61
40 67
40 70
40 73
40 87
41 42
41 43
41 44
41 45
41 46
41 47
41 48
41 49
41 52
41 56
41 66
41 67
41 73
41 76
41 77
41 80
41 82
42 43
42 44
42 45
42 46
42 47
42 48
42 49
42 55
42 62
42 65
42 70
43 44
43 45
43 46
43 47
43 48
43 49
43 51
43 53
43 54
43 66
43 84
44 45
44 46
44 47
44 48
44 49
44 52
44 62
44 67
44 72
44 73
44 80
44 86
44 89
45 46
45 47
45 48
45 49
45 51
45 53
45 62
45 70
45 71
45 73
45 78
45 82
45 84
46 47
46 48
46 49
46 51
46 56
46 58
46 66
46 70
46 74
46 75
46 80
46 82
46 85
47 48
47 49
47 51
47 55
47 58
47 69
47 70
47 79
47 82
47 85
47 89
48 49
48 54
48 66
48 68
48 79
48 80
48 84
48 87
49 53
49 54
49 55
49 62
49 66
49 82
49 87
49 88
50 51
50 52
50 53
50 54
50 55
50 56
50 57
50 58
50 59
50 61
50 72
50 80
50 88
51 52
51 53
51 54
51 55
51 56
51 57
51 58
51 59
51 60
51 63
51 65
51 68
51 70
51 72
51 76
51 85
51 88
51 89
52 53
52 54
52 55
52 56
52 57
52 58
52 59
52 75
52 76
52 77
52 81
52 83
52 88
53 54
53 55
53 56
53 57
53 58
53 59
53 62
53 74
53 75
53 76
53 81
53 83
53 84
53 87
54 55
54 56
54 57
54 58
54 59
54 61
54 64
54 67
54 76
54 78
54 81
54 83
55 56
55 57
55 58
55 59
55 67
55 71
55 73
55 81
55 85
55 86
55 88
56 57
56 58
56 59
56 73
56 75
56 82
56 88
56 89
57 58
57 59
57 66
57 67
57 70
57 72
57 74
57 77
57 89
58 59
58 63
58 76
58 81
58 87
59 63
59 69
59 77
59 79
59 85
59 89
64 65
64 66
64 67
64 68
64 69
64 60
64 61
64 62
64 63
64 73
64 83
64 89
65 66
65 67
65 68
65 69
65 60
65 61
65 62
65 63
65 78
65 80
66 67
66 68
66 69
66 60
66 61
66 62
66 63
66 76
66 89
67 68
67 69
67 60
67 61
67 62
67 63
67 75
67 79
67 80
67 81
67 85
68 69
68 60
68 61
68 62
68 63
68 70
68 75
68 76
68 77
68 78
68 79
68 86
69 60
69 61
69 62
69 63
69 73
69 79
69 81
69 82
69 85
69 87
69 88
60 61
60 62
60 63
60 70
60 73
60 82
60 88
60 89
61 62
61 63
61 70
61 79
61 80
61 84
61 88
61 89
62 63
62 71
62 75
62 76
63 78
63 86
63 89
70 71
70 72
70 73
70 74
70 75
70 76
70 77
70 78
70 79
70 84
70 85
70 86
71 72
71 73
71 74
71 75
71 76
71 77
71 78
71 79
71 85
71 86
71 88
72 73
72 74
72 75
72 76
72 77
72 78
72 79
72 82
72 85
73 74
73 75
73 76
73 77
73 78
73 79
73 86
73 87
74 75
74 76
74 77
74 78
74 79
74 84
74 86
74 88
75 76
75 77
75 78
75 79
75 83
76 77
76 78
76 79
76 80
76 82
77 78
77 79
78 79
78 80
78 81
79 80
79 81
80 81
80 82
80 83
80 84
80 85
80 86
80 87
80 88
80 89
81 82
81 83
81 84
81 85
81 86
81 87
81 88
81 89
82 83
82 84
82 85
82 86
82 87
82 88
82 89
83 84
83 85
83 86
83 87
83 88
83 89
84 85
84 86
84 87
84 88
84 89
85 86
85 87
85 88
85 89
86 87
86 88
86 89
87 88
87 89
88 89
