# 270 edges
0 1
0 2
0 3
0 4
0 14
0 16
0 18
0 40
0 42
0 44
1 2
1 3
1 4
1 12
1 13
1 14
1 17
1 18
1 20
1 21
1 22
1 26
1 33
1 37
1 43
1 44
2 3
2 4
2 6
2 14
2 17
2 27
2 33
2 35
2 36
2 42
2 43
3 4
3 10
3 11
3 13
3 16
3 19
3 21
3 25
3 31
3 41
3 42
3 43
4 11
4 14
4 19
4 20
4 26
4 27
4 29
4 35
5 6
5 7
5 8
5 9
5 13
5 17
5 26
5 27
5 28
5 40
5 41
6 7
6 8
6 9
6 12
6 21
6 23
6 25
6 30
6 34
6 37
6 38
6 40
6 41
7 8
7 9
7 10
7 26
7 33
7 34
7 38
7 42
8 9
8 24
8 32
8 43
9 22
9 29
9 31
9 32
9 33
9 35
9 44
10 11
10 12
10 13
10 14
10 22
10 24
10 26
10 27
10 28
10 29
10 35
10 36
10 38
10 40
10 43
11 12
11 13
11 14
11 19
11 21
11 22
11 28
11 29
12 13
12 14
12 15
12 19
12 32
12 40
13 14
13 16
13 17
13 18
13 26
13 33
13 34
13 38
13 41
14 17
14 21
14 25
14 29
14 34
14 37
14 39
14 41
14 42
15 16
15 17
15 18
15 19
15 24
15 35
15 39
15 42
16 17
16 18
16 19
16 20
16 26
16 33
16 34
16 35
16 44
17 18
17 19
17 21
17 26
17 30
17 36
17 40
17 44
18 19
18 22
18 26
18 30
18 33
18 37
19 34
20 21
20 22
20 23
20 24
20 25
20 29
20 35
21 22
21 23
21 24
21 32
21 34
21 37
21 39
21 42
21 43
22 23
22 24
22 25
22 42
23 24
23 25
23 27
23 29
23 35
24 36
24 39
24 41
25 26
25 27
25 28
25 29
25 41
26 27
26 28
26 29
26 30
26 44
27 28
27 29
27 31
27 32
27 35
27 37
27 41
27 43
28 29
28 33
28 39
28 43
29 32
29 37
29 39
29 42
29 44
32 33
32 34
32 30
32 31
33 34
33 30
33 31
33 39
33 41
34 30
34 31
30 31
30 37
35 36
35 37
35 38
35 39
36 37
36 38
36 39
37 38
37 39
37 43
38 39
38 43
39 44
40 41
40 42
40 43
40 44
41 42
41 43
41 44
42 43
42 44
43 44
