# 368 edges
0 1
0 2
0 3
0 4
0 11
0 14
0 16
0 18
0 24
0 39
0 40
0 42
0 44
1 2
1 3
1 4
1 8
1 12
1 13
1 14
1 16
1 17
1 18
1 20
1 21
1 22
1 24
1 26
1 32
1 33
1 37
1 38
1 43
1 44
2 3
2 4
2 5
2 6
2 14
2 17
2 18
2 27
2 28
2 29
2 33
2 35
2 36
2 42
2 43
3 4
3 5
3 8
3 10
3 11
3 13
3 16
3 19
3 21
3 25
3 26
3 31
3 32
3 41
3 42
3 43
4 11
4 14
4 19
4 20
4 22
4 24
4 26
4 27
4 29
4 35
5 6
5 7
5 8
5 9
5 13
5 16
5 17
5 18
5 19
5 26
5 27
5 28
5 34
5 38
5 40
5 41
5 43
6 7
6 8
6 9
6 10
6 12
6 21
6 23
6 25
6 27
6 30
6 34
6 37
6 38
6 40
6 41
6 44
7 8
7 9
7 10
7 24
7 26
7 27
7 33
7 34
7 38
7 42
7 44
8 9
8 11
8 13
8 24
8 27
8 28
8 32
8 43
9 19
9 22
9 29
9 31
9 32
9 33
9 35
9 38
9 40
9 43
9 44
10 11
10 12
10 13
10 14
10 17
10 18
10 22
10 24
10 26
10 27
10 28
10 29
10 31
10 35
10 36
10 38
10 40
10 43
10 44
11 12
11 13
11 14
11 17
11 19
11 21
11 22
11 28
11 29
11 41
12 13
12 14
12 15
12 19
12 32
12 37
12 39
12 40
12 41
13 14
13 16
13 17
13 18
13 23
13 26
13 31
13 33
13 34
13 38
13 41
14 17
14 18
14 20
14 21
14 24
14 25
14 29
14 33
14 34
14 37
14 39
14 40
14 41
14 42
15 16
15 17
15 18
15 19
15 20
15 22
15 23
15 24
15 25
15 26
15 32
15 35
15 39
15 42
16 17
16 18
16 19
16 20
16 26
16 29
16 33
16 34
16 35
16 39
16 41
16 44
17 18
17 19
17 21
17 26
17 30
17 32
17 36
17 37
17 40
17 44
18 19
18 22
18 23
18 26
18 30
18 31
18 33
18 37
19 21
19 29
19 34
19 42
20 21
20 22
20 23
20 24
20 25
20 28
20 29
20 30
20 32
20 35
20 36
21 22
21 23
21 24
21 32
21 34
21 37
21 39
21 42
21 43
22 23
22 24
22 25
22 31
22 42
23 24
23 25
23 26
23 27
23 29
23 34
23 35
24 36
24 39
24 40
24 41
24 44
25 26
25 27
25 28
25 29
25 33
25 40
25 41
25 44
26 27
26 28
26 29
26 30
26 34
26 35
26 41
26 44
27 28
27 29
27 31
27 32
27 34
27 35
27 37
27 39
27 41
27 43
28 29
28 30
28 33
28 39
28 40
28 43
29 31
29 32
29 37
29 39
29 42
29 44
32 33
32 34
32 30
32 31
32 36
32 43
33 34
33 30
33 31
33 35
33 38
33 39
33 41
34 30
34 31
34 36
34 38
30 31
30 37
31 40
35 36
35 37
35 38
35 39
36 37
36 38
36 39
37 38
37 39
37 43
38 39
38 42
38 43
39 44
40 41
40 42
40 43
40 44
41 42
41 43
41 44
42 43
42 44
43 44
