# 6071 edges
0 1
0 2
0 3
0 4
0 5
0 6
0 7
0 8
0 9
0 10
0 11
0 12
0 13
0 14
0 15
0 16
0 17
0 18
0 19
0 26
0 29
0 31
0 33
0 39
0 54
0 55
0 57
0 59
0 63
0 67
0 68
0 69
0 71
0 72
0 73
0 75
0 76
0 77
0 79
0 81
0 87
0 88
0 92
0 93
0 98
0 99
0 100
0 101
0 109
0 112
0 113
0 122
0 123
0 124
0 128
0 130
0 131
0 137
0 138
0 140
0 143
0 145
0 146
0 148
0 151
0 154
0 156
0 160
0 161
0 166
0 167
0 176
0 177
0 178
1 2
1 3
1 4
1 5
1 6
1 7
1 8
1 9
1 10
1 11
1 12
1 13
1 14
1 15
1 16
1 17
1 18
1 19
1 26
1 29
1 34
1 35
1 37
1 39
1 41
1 42
1 44
1 50
1 63
1 66
1 67
1 68
1 69
1 76
1 77
1 78
1 84
1 88
1 90
1 91
1 93
1 95
1 97
1 106
1 108
1 110
1 112
1 115
1 119
1 122
1 123
1 125
1 126
1 129
1 130
1 144
1 146
1 147
1 153
1 154
1 158
1 162
1 164
1 166
1 168
1 179
2 3
2 4
2 5
2 6
2 7
2 8
2 9
2 10
2 11
2 12
2 13
2 14
2 15
2 16
2 17
2 18
2 19
2 22
2 23
2 27
2 38
2 49
2 52
2 59
2 61
2 62
2 63
2 65
2 68
2 70
2 73
2 74
2 77
2 78
2 82
2 84
2 86
2 87
2 88
2 89
2 91
2 95
2 96
2 98
2 100
2 103
2 104
2 107
2 109
2 111
2 112
2 118
2 119
2 131
2 135
2 139
2 152
2 157
2 159
2 160
2 161
2 166
2 167
2 168
2 173
2 176
3 4
3 5
3 6
3 7
3 8
3 9
3 10
3 11
3 12
3 13
3 14
3 15
3 16
3 17
3 18
3 19
3 21
3 23
3 24
3 28
3 31
3 37
3 38
3 40
3 41
3 44
3 45
3 49
3 53
3 54
3 57
3 59
3 60
3 61
3 62
3 65
3 67
3 68
3 69
3 70
3 71
3 77
3 80
3 84
3 87
3 90
3 96
3 99
3 103
3 104
3 105
3 109
3 111
3 114
3 116
3 121
3 125
3 127
3 131
3 132
3 135
3 139
3 142
3 143
3 146
3 150
3 151
3 153
3 157
3 166
3 174
3 179
4 5
4 6
4 7
4 8
4 9
4 10
4 11
4 12
4 13
4 14
4 15
4 16
4 17
4 18
4 19
4 27
4 30
4 33
4 34
4 35
4 37
4 40
4 41
4 57
4 59
4 62
4 64
4 67
4 68
4 70
4 76
4 87
4 90
4 91
4 92
4 94
4 99
4 100
4 121
4 124
4 125
4 126
4 129
4 133
4 140
4 141
4 144
4 145
4 149
4 150
4 156
4 159
4 161
4 162
4 164
4 165
4 167
4 169
4 171
4 173
4 175
4 178
5 6
5 7
5 8
5 9
5 10
5 11
5 12
5 13
5 14
5 15
5 16
5 17
5 18
5 19
5 24
5 25
5 28
5 31
5 32
5 37
5 39
5 42
5 44
5 47
5 60
5 66
5 73
5 75
5 78
5 79
5 81
5 86
5 88
5 108
5 112
5 113
5 119
5 120
5 122
5 133
5 139
5 141
5 146
5 149
5 150
5 156
5 157
5 165
5 166
5 167
5 172
5 176
6 7
6 8
6 9
6 10
6 11
6 12
6 13
6 14
6 15
6 16
6 17
6 18
6 19
6 20
6 23
6 24
6 29
6 30
6 31
6 40
6 41
6 44
6 45
6 46
6 49
6 52
6 57
6 58
6 60
6 62
6 63
6 68
6 70
6 73
6 74
6 76
6 84
6 87
6 90
6 94
6 96
6 98
6 101
6 103
6 108
6 111
6 113
6 118
6 120
6 121
6 128
6 131
6 134
6 137
6 140
6 141
6 144
6 151
6 152
6 159
6 161
6 163
6 164
6 165
6 166
6 172
6 173
6 177
7 8
7 9
7 10
7 11
7 12
7 13
7 14
7 15
7 16
7 17
7 18
7 19
7 29
7 36
7 37
7 45
7 46
7 50
7 51
7 52
7 54
7 56
7 57
7 64
7 68
7 69
7 72
7 74
7 84
7 92
7 95
7 97
7 99
7 100
7 101
7 106
7 120
7 124
7 127
7 129
7 138
7 145
7 147
7 148
7 149
7 155
7 156
7 162
7 167
7 168
7 169
7 171
8 9
8 10
8 11
8 12
8 13
8 14
8 15
8 16
8 17
8 18
8 19
8 26
8 27
8 28
8 30
8 32
8 40
8 41
8 42
8 43
8 45
8 49
8 54
8 57
8 58
8 59
8 60
8 69
8 72
8 74
8 75
8 82
8 85
8 87
8 88
8 89
8 91
8 92
8 97
8 98
8 99
8 102
8 104
8 110
8 125
8 130
8 132
8 135
8 136
8 139
8 149
8 153
8 156
8 157
8 163
8 167
8 168
8 171
8 172
8 173
8 176
9 10
9 11
9 12
9 13
9 14
9 15
9 16
9 17
9 18
9 19
9 23
9 24
9 29
9 32
9 39
9 42
9 43
9 45
9 46
9 47
9 49
9 52
9 56
9 57
9 63
9 64
9 65
9 66
9 67
9 68
9 74
9 75
9 79
9 80
9 81
9 85
9 90
9 94
9 97
9 99
9 104
9 105
9 117
9 118
9 119
9 124
9 125
9 131
9 132
9 133
9 135
9 139
9 143
9 147
9 152
9 153
9 158
9 161
9 164
9 165
9 171
9 174
9 177
10 11
10 12
10 13
10 14
10 15
10 16
10 17
10 18
10 19
10 25
10 27
10 29
10 32
10 34
10 36
10 39
10 43
10 46
10 48
10 50
10 58
10 59
10 61
10 63
10 66
10 67
10 69
10 71
10 74
10 76
10 80
10 83
10 87
10 91
10 93
10 94
10 96
10 100
10 101
10 111
10 115
10 117
10 119
10 120
10 124
10 127
10 128
10 130
10 138
10 141
10 152
10 155
10 157
10 163
10 168
10 169
10 174
10 176
10 178
11 12
11 13
11 14
11 15
11 16
11 17
11 18
11 19
11 21
11 22
11 24
11 26
11 32
11 35
11 37
11 38
11 42
11 48
11 54
11 58
11 63
11 65
11 74
11 83
11 84
11 85
11 88
11 92
11 95
11 96
11 98
11 101
11 104
11 106
11 107
11 111
11 116
11 119
11 120
11 123
11 124
11 127
11 132
11 133
11 134
11 137
11 138
11 139
11 141
11 149
11 150
11 152
11 153
11 155
11 157
11 161
11 163
11 165
11 166
11 167
11 171
11 173
12 13
12 14
12 15
12 16
12 17
12 18
12 19
12 24
12 28
12 30
12 31
12 39
12 41
12 45
12 46
12 49
12 54
12 55
12 56
12 58
12 59
12 64
12 66
12 67
12 76
12 82
12 89
12 91
12 99
12 103
12 104
12 112
12 113
12 117
12 118
12 120
12 121
12 123
12 124
12 127
12 128
12 130
12 131
12 136
12 139
12 140
12 142
12 146
12 148
12 150
12 154
12 156
12 157
12 162
12 163
12 165
12 170
12 179
13 14
13 15
13 16
13 17
13 18
13 19
13 22
13 23
13 26
13 30
13 31
13 33
13 36
13 38
13 42
13 43
13 53
13 61
13 70
13 72
13 73
13 76
13 81
13 83
13 86
13 87
13 94
13 95
13 99
13 101
13 103
13 108
13 109
13 113
13 114
13 121
13 123
13 124
13 126
13 129
13 131
13 135
13 139
13 140
13 141
13 142
13 144
13 145
13 148
13 154
13 168
13 171
13 176
13 177
13 179
14 15
14 16
14 17
14 18
14 19
14 21
14 23
14 27
14 29
14 32
14 33
14 37
14 40
14 46
14 48
14 50
14 52
14 54
14 56
14 61
14 63
14 64
14 67
14 75
14 76
14 77
14 82
14 83
14 84
14 91
14 94
14 96
14 104
14 108
14 110
14 114
14 117
14 130
14 131
14 134
14 138
14 142
14 146
14 150
14 152
14 154
14 156
14 166
14 171
14 172
14 174
14 175
14 177
15 16
15 17
15 18
15 19
15 21
15 23
15 31
15 36
15 39
15 40
15 45
15 46
15 48
15 50
15 52
15 63
15 66
15 68
15 73
15 83
15 91
15 98
15 99
15 100
15 105
15 107
15 108
15 110
15 113
15 115
15 116
15 134
15 137
15 138
15 141
15 142
15 144
15 145
15 148
15 149
15 150
15 154
15 158
15 165
15 167
15 169
15 171
15 173
15 177
15 179
16 17
16 18
16 19
16 20
16 21
16 26
16 29
16 30
16 34
16 35
16 39
16 48
16 50
16 53
16 55
16 56
16 69
16 71
16 73
16 77
16 80
16 83
16 88
16 93
16 97
16 102
16 105
16 106
16 108
16 116
16 117
16 122
16 123
16 126
16 127
16 130
16 132
16 134
16 137
16 145
16 147
16 152
16 155
16 160
16 174
17 18
17 19
17 21
17 23
17 24
17 27
17 29
17 32
17 34
17 36
17 41
17 43
17 47
17 54
17 62
17 72
17 77
17 82
17 83
17 90
17 96
17 99
17 101
17 103
17 108
17 112
17 113
17 114
17 116
17 117
17 120
17 121
17 123
17 128
17 131
17 132
17 133
17 134
17 137
17 141
17 145
17 146
17 148
17 155
17 156
17 158
17 160
17 163
17 164
17 165
17 170
17 172
17 175
18 19
18 21
18 24
18 25
18 28
18 29
18 33
18 35
18 37
18 38
18 39
18 40
18 41
18 42
18 45
18 49
18 52
18 53
18 55
18 59
18 64
18 76
18 78
18 82
18 84
18 86
18 89
18 90
18 93
18 94
18 97
18 98
18 100
18 101
18 103
18 104
18 105
18 112
18 114
18 116
18 118
18 125
18 127
18 131
18 132
18 137
18 138
18 141
18 142
18 152
18 160
18 163
18 164
18 168
18 170
18 172
18 173
18 175
18 178
19 20
19 22
19 24
19 26
19 27
19 34
19 35
19 38
19 39
19 42
19 52
19 53
19 55
19 56
19 57
19 59
19 61
19 63
19 67
19 68
19 72
19 75
19 79
19 84
19 85
19 86
19 87
19 88
19 91
19 93
19 94
19 96
19 97
19 101
19 104
19 107
19 116
19 118
19 121
19 122
19 123
19 127
19 137
19 141
19 143
19 148
19 151
19 155
19 156
19 158
19 173
19 175
19 177
20 21
20 22
20 23
20 24
20 25
20 26
20 27
20 28
20 29
20 30
20 31
20 32
20 33
20 34
20 35
20 36
20 37
20 38
20 39
20 42
20 48
20 49
20 52
20 53
20 56
20 57
20 60
20 62
20 64
20 66
20 67
20 76
20 79
20 83
20 91
20 94
20 96
20 101
20 107
20 108
20 113
20 115
20 119
20 127
20 129
20 132
20 133
20 135
20 138
20 139
20 140
20 143
20 145
20 152
20 158
20 159
20 160
20 164
20 169
20 170
20 174
20 178
20 179
21 22
21 23
21 24
21 25
21 26
21 27
21 28
21 29
21 30
21 31
21 32
21 33
21 34
21 35
21 36
21 37
21 38
21 39
21 41
21 42
21 43
21 45
21 46
21 50
21 55
21 68
21 71
21 72
21 75
21 76
21 79
21 83
21 93
21 98
21 99
21 107
21 108
21 109
21 110
21 111
21 126
21 139
21 141
21 143
21 145
21 147
21 149
21 150
21 151
21 155
21 157
21 160
21 162
21 165
21 166
21 167
21 168
21 169
21 172
21 176
22 23
22 24
22 25
22 26
22 27
22 28
22 29
22 30
22 31
22 32
22 33
22 34
22 35
22 36
22 37
22 38
22 39
22 43
22 49
22 51
22 52
22 55
22 56
22 57
22 58
22 62
22 64
22 65
22 66
22 75
22 76
22 78
22 81
22 82
22 84
22 85
22 96
22 97
22 104
22 106
22 108
22 113
22 115
22 120
22 122
22 130
22 140
22 141
22 142
22 150
22 151
22 160
22 162
22 173
22 176
23 24
23 25
23 26
23 27
23 28
23 29
23 30
23 31
23 32
23 33
23 34
23 35
23 36
23 37
23 38
23 39
23 47
23 48
23 52
23 53
23 54
23 60
23 64
23 66
23 69
23 73
23 74
23 79
23 83
23 87
23 89
23 94
23 95
23 102
23 104
23 109
23 111
23 118
23 122
23 128
23 130
23 131
23 136
23 139
23 141
23 142
23 143
23 146
23 155
23 156
23 158
23 168
23 170
23 173
23 174
23 179
24 25
24 26
24 27
24 28
24 29
24 30
24 31
24 32
24 33
24 34
24 35
24 36
24 37
24 38
24 39
24 41
24 43
24 48
24 52
24 55
24 56
24 59
24 61
24 72
24 75
24 76
24 78
24 80
24 103
24 104
24 106
24 112
24 113
24 116
24 118
24 120
24 122
24 127
24 128
24 130
24 135
24 146
24 148
24 153
24 162
24 166
24 168
24 172
24 175
24 178
25 26
25 27
25 28
25 29
25 30
25 31
25 32
25 33
25 34
25 35
25 36
25 37
25 38
25 39
25 41
25 42
25 46
25 51
25 52
25 53
25 54
25 62
25 72
25 74
25 78
25 79
25 82
25 85
25 91
25 93
25 95
25 99
25 100
25 103
25 106
25 110
25 113
25 117
25 118
25 131
25 132
25 133
25 134
25 140
25 141
25 142
25 148
25 149
25 154
25 158
25 164
25 165
25 166
25 170
25 171
25 175
25 178
26 27
26 28
26 29
26 30
26 31
26 32
26 33
26 34
26 35
26 36
26 37
26 38
26 39
26 42
26 44
26 50
26 52
26 54
26 64
26 73
26 74
26 76
26 77
26 81
26 82
26 83
26 86
26 89
26 91
26 92
26 93
26 97
26 99
26 100
26 102
26 107
26 114
26 120
26 124
26 125
26 126
26 127
26 131
26 133
26 137
26 143
26 144
26 146
26 147
26 151
26 152
26 153
26 167
26 172
26 177
27 28
27 29
27 30
27 31
27 32
27 33
27 34
27 35
27 36
27 37
27 38
27 39
27 48
27 55
27 58
27 63
27 64
27 65
27 71
27 77
27 78
27 83
27 85
27 86
27 89
27 95
27 101
27 103
27 104
27 107
27 112
27 118
27 122
27 125
27 128
27 129
27 130
27 131
27 133
27 136
27 137
27 142
27 153
27 158
27 160
27 167
27 169
27 171
27 175
28 29
28 30
28 31
28 32
28 33
28 34
28 35
28 36
28 37
28 38
28 39
28 41
28 47
28 48
28 49
28 55
28 57
28 58
28 62
28 63
28 68
28 70
28 71
28 72
28 75
28 77
28 78
28 80
28 82
28 83
28 86
28 89
28 92
28 98
28 105
28 106
28 107
28 112
28 114
28 118
28 123
28 128
28 129
28 130
28 132
28 135
28 138
28 140
28 141
28 153
28 156
28 157
28 166
28 167
28 169
28 173
28 175
28 176
29 30
29 31
29 32
29 33
29 34
29 35
29 36
29 37
29 38
29 39
29 40
29 42
29 45
29 47
29 48
29 49
29 52
29 53
29 54
29 56
29 58
29 59
29 62
29 67
29 70
29 72
29 74
29 75
29 76
29 81
29 82
29 85
29 91
29 93
29 100
29 103
29 104
29 106
29 107
29 108
29 112
29 117
29 127
29 132
29 139
29 142
29 146
29 147
29 149
29 151
29 156
29 163
29 168
29 169
29 170
29 177
29 178
30 31
30 32
30 33
30 34
30 35
30 36
30 37
30 38
30 39
30 40
30 42
30 43
30 45
30 48
30 51
30 54
30 56
30 60
30 63
30 66
30 69
30 71
30 72
30 74
30 76
30 85
30 86
30 88
30 90
30 91
30 94
30 96
30 99
30 106
30 109
30 113
30 115
30 120
30 122
30 124
30 125
30 130
30 136
30 137
30 139
30 140
30 141
30 151
30 155
30 157
30 158
30 159
30 162
30 168
30 173
30 175
30 179
31 32
31 33
31 34
31 35
31 36
31 37
31 38
31 39
31 48
31 49
31 56
31 60
31 63
31 64
31 66
31 69
31 70
31 77
31 80
31 85
31 86
31 87
31 95
31 98
31 101
31 105
31 109
31 110
31 114
31 116
31 121
31 123
31 126
31 130
31 134
31 138
31 139
31 143
31 144
31 151
31 155
31 164
31 166
31 169
31 177
31 179
32 33
32 34
32 35
32 36
32 37
32 38
32 39
32 40
32 52
32 53
32 57
32 64
32 65
32 67
32 73
32 75
32 78
32 82
32 83
32 84
32 85
32 86
32 87
32 91
32 92
32 94
32 105
32 109
32 118
32 122
32 127
32 142
32 143
32 146
32 149
32 150
32 151
32 152
32 156
32 167
32 172
32 174
32 175
32 179
33 34
33 35
33 36
33 37
33 38
33 39
33 41
33 44
33 47
33 55
33 61
33 62
33 74
33 75
33 80
33 87
33 89
33 91
33 92
33 93
33 101
33 114
33 116
33 117
33 120
33 123
33 129
33 134
33 135
33 136
33 138
33 139
33 140
33 141
33 142
33 146
33 149
33 151
33 154
33 163
33 171
33 175
33 178
34 35
34 36
34 37
34 38
34 39
34 41
34 43
34 44
34 49
34 50
34 51
34 52
34 56
34 57
34 60
34 61
34 63
34 67
34 68
34 71
34 75
34 77
34 78
34 80
34 85
34 89
34 93
34 94
34 96
34 100
34 101
34 102
34 104
34 108
34 112
34 113
34 114
34 120
34 128
34 129
34 133
34 135
34 137
34 138
34 139
34 142
34 154
34 155
34 161
34 170
34 173
34 178
35 36
35 37
35 38
35 39
35 43
35 47
35 52
35 65
35 66
35 72
35 75
35 78
35 81
35 85
35 88
35 92
35 94
35 95
35 99
35 101
35 102
35 106
35 107
35 115
35 117
35 121
35 123
35 128
35 131
35 135
35 138
35 140
35 142
35 149
35 153
35 154
35 155
35 156
35 157
35 166
35 167
35 171
35 173
35 179
36 37
36 38
36 39
36 44
36 46
36 50
36 59
36 62
36 64
36 66
36 74
36 75
36 88
36 93
36 97
36 103
36 106
36 110
36 115
36 121
36 124
36 126
36 131
36 134
36 138
36 139
36 144
36 147
36 154
36 157
36 158
36 166
36 168
36 169
36 171
36 173
37 38
37 39
37 42
37 57
37 63
37 74
37 83
37 85
37 88
37 91
37 92
37 94
37 95
37 96
37 97
37 101
37 102
37 103
37 105
37 111
37 114
37 115
37 121
37 128
37 137
37 142
37 143
37 146
37 152
37 159
37 168
37 169
37 170
37 171
37 176
38 39
38 41
38 52
38 57
38 62
38 63
38 66
38 67
38 68
38 69
38 73
38 77
38 83
38 85
38 88
38 92
38 94
38 99
38 102
38 103
38 106
38 109
38 113
38 114
38 116
38 122
38 139
38 141
38 142
38 146
38 147
38 148
38 152
38 153
38 169
38 179
39 41
39 51
39 52
39 55
39 58
39 59
39 61
39 62
39 66
39 67
39 69
39 75
39 77
39 78
39 85
39 87
39 89
39 93
39 95
39 103
39 108
39 112
39 116
39 118
39 119
39 121
39 127
39 128
39 138
39 142
39 145
39 146
39 147
39 156
39 157
39 160
39 161
39 166
39 174
39 175
39 176
40 41
40 42
40 43
40 44
40 45
40 46
40 47
40 48
40 49
40 50
40 51
40 52
40 53
40 54
40 55
40 56
40 57
40 58
40 59
40 67
40 77
40 84
40 87
40 89
40 92
40 96
40 97
40 99
40 102
40 106
40 110
40 122
40 126
40 127
40 128
40 129
40 130
40 132
40 138
40 154
40 155
40 156
40 159
40 163
40 170
40 171
40 174
40 176
40 177
41 42
41 43
41 44
41 45
41 46
41 47
41 48
41 49
41 50
41 51
41 52
41 53
41 54
41 55
41 56
41 57
41 58
41 59
41 62
41 66
41 68
41 78
41 79
41 81
41 82
41 83
41 87
41 92
41 94
41 97
41 99
41 101
41 106
41 112
41 114
41 115
41 116
41 117
41 120
41 124
41 125
41 127
41 132
41 133
41 136
41 137
41 141
41 144
41 148
41 152
41 155
41 158
41 162
41 163
41 164
41 165
41 170
41 171
42 43
42 44
42 45
42 46
42 47
42 48
42 49
42 50
42 51
42 52
42 53
42 54
42 55
42 56
42 57
42 58
42 59
42 63
42 67
42 70
42 71
42 74
42 75
42 78
42 80
42 85
42 87
42 94
42 95
42 96
42 105
42 106
42 107
42 109
42 110
42 112
42 119
42 121
42 123
42 124
42 125
42 133
42 135
42 136
42 140
42 141
42 143
42 146
42 148
42 152
42 155
42 156
42 157
42 159
42 165
42 167
42 173
42 177
42 179
43 44
43 45
43 46
43 47
43 48
43 49
43 50
43 51
43 52
43 53
43 54
43 55
43 56
43 57
43 58
43 59
43 60
43 61
43 62
43 64
43 65
43 68
43 71
43 73
43 75
43 77
43 83
43 87
43 88
43 90
43 91
43 93
43 94
43 96
43 97
43 98
43 99
43 101
43 102
43 103
43 104
43 110
43 112
43 116
43 118
43 124
43 126
43 130
43 133
43 135
43 139
43 142
43 143
43 146
43 148
43 153
43 154
43 156
43 157
43 162
43 166
43 172
43 176
43 177
43 178
44 45
44 46
44 47
44 48
44 49
44 50
44 51
44 52
44 53
44 54
44 55
44 56
44 57
44 58
44 59
44 63
44 64
44 66
44 68
44 69
44 74
44 75
44 90
44 92
44 95
44 98
44 100
44 103
44 109
44 110
44 113
44 115
44 118
44 119
44 120
44 121
44 122
44 124
44 125
44 129
44 132
44 138
44 141
44 142
44 143
44 145
44 146
44 150
44 154
44 158
44 161
44 164
44 168
44 170
44 171
44 173
44 177
44 179
45 46
45 47
45 48
45 49
45 50
45 51
45 52
45 53
45 54
45 55
45 56
45 57
45 58
45 59
45 60
45 63
45 65
45 66
45 67
45 78
45 84
45 85
45 87
45 90
45 96
45 97
45 100
45 102
45 107
45 108
45 110
45 114
45 115
45 116
45 117
45 118
45 119
45 120
45 121
45 128
45 130
45 135
45 136
45 137
45 138
45 140
45 142
45 149
45 151
45 156
45 157
45 173
45 175
45 176
46 47
46 48
46 49
46 50
46 51
46 52
46 53
46 54
46 55
46 56
46 57
46 58
46 59
46 60
46 61
46 68
46 69
46 75
46 77
46 79
46 82
46 83
46 84
46 87
46 94
46 101
46 103
46 106
46 107
46 108
46 109
46 110
46 112
46 115
46 119
46 120
46 123
46 128
46 129
46 132
46 134
46 137
46 139
46 141
46 151
46 172
46 174
46 175
47 48
47 49
47 50
47 51
47 52
47 53
47 54
47 55
47 56
47 57
47 58
47 59
47 63
47 65
47 66
47 69
47 76
47 78
47 79
47 80
47 83
47 84
47 85
47 88
47 90
47 91
47 92
47 94
47 105
47 107
47 117
47 127
47 138
47 143
47 150
47 154
47 158
47 162
47 163
47 165
47 168
47 174
48 49
48 50
48 51
48 52
48 53
48 54
48 55
48 56
48 57
48 58
48 59
48 63
48 64
48 66
48 67
48 83
48 85
48 90
48 94
48 97
48 99
48 101
48 102
48 104
48 105
48 108
48 112
48 115
48 119
48 122
48 126
48 130
48 135
48 137
48 139
48 149
48 151
48 153
48 158
48 163
48 167
48 170
48 172
48 173
48 175
48 179
49 50
49 51
49 52
49 53
49 54
49 55
49 56
49 57
49 58
49 59
49 60
49 61
49 74
49 79
49 81
49 84
49 86
49 88
49 89
49 90
49 91
49 97
49 100
49 102
49 108
49 113
49 116
49 118
49 119
49 123
49 124
49 143
49 145
49 150
49 154
49 155
49 161
49 167
49 169
49 170
49 175
49 179
50 51
50 52
50 53
50 54
50 55
50 56
50 57
50 58
50 59
50 60
50 61
50 64
50 69
50 70
50 84
50 89
50 103
50 104
50 106
50 108
50 111
50 112
50 116
50 127
50 136
50 140
50 143
50 145
50 146
50 147
50 148
50 149
50 150
50 154
50 155
50 157
50 158
50 159
50 160
50 162
50 163
50 164
50 168
50 176
50 179
51 52
51 53
51 54
51 55
51 56
51 57
51 58
51 59
51 60
51 62
51 71
51 77
51 79
51 80
51 81
51 95
51 96
51 97
51 98
51 101
51 103
51 104
51 107
51 111
51 119
51 123
51 132
51 149
51 158
51 159
51 164
51 170
51 172
51 173
52 53
52 54
52 55
52 56
52 57
52 58
52 59
52 60
52 65
52 66
52 70
52 73
52 74
52 75
52 77
52 90
52 92
52 98
52 110
52 111
52 113
52 114
52 119
52 120
52 128
52 129
52 138
52 144
52 151
52 155
52 164
52 166
52 171
52 176
53 54
53 55
53 56
53 57
53 58
53 59
53 63
53 64
53 69
53 70
53 71
53 82
53 83
53 84
53 89
53 97
53 101
53 104
53 108
53 111
53 112
53 114
53 117
53 122
53 123
53 125
53 130
53 131
53 132
53 133
53 136
53 138
53 140
53 144
53 146
53 152
53 155
53 165
53 171
53 173
53 177
53 179
54 55
54 56
54 57
54 58
54 59
54 62
54 63
54 64
54 67
54 69
54 74
54 75
54 77
54 82
54 83
54 87
54 94
54 96
54 98
54 99
54 106
54 110
54 112
54 113
54 117
54 118
54 119
54 121
54 123
54 124
54 126
54 130
54 144
54 145
54 146
54 147
54 148
54 151
54 152
54 155
54 159
54 163
54 165
54 167
54 172
54 174
54 175
54 177
54 179
55 56
55 57
55 58
55 59
55 69
55 70
55 73
55 75
55 76
55 77
55 80
55 83
55 84
55 87
55 88
55 91
55 92
55 93
55 94
55 101
55 102
55 105
55 108
55 119
55 123
55 124
55 125
55 126
55 130
55 131
55 132
55 137
55 141
55 144
55 145
55 146
55 147
55 149
55 150
55 152
55 154
55 157
55 160
55 163
55 164
55 166
55 170
55 173
55 176
55 178
56 57
56 58
56 59
56 60
56 64
56 66
56 69
56 70
56 72
56 75
56 80
56 86
56 88
56 90
56 93
56 96
56 100
56 101
56 103
56 104
56 106
56 107
56 110
56 114
56 120
56 125
56 126
56 137
56 144
56 155
56 157
56 158
56 159
56 160
56 161
56 165
56 166
56 167
56 168
56 169
56 170
56 171
56 175
56 177
56 178
57 58
57 59
57 61
57 64
57 66
57 67
57 68
57 70
57 71
57 73
57 74
57 75
57 77
57 78
57 83
57 96
57 97
57 98
57 99
57 102
57 106
57 107
57 108
57 110
57 115
57 116
57 119
57 121
57 127
57 132
57 137
57 146
57 148
57 150
57 152
57 156
57 158
57 162
57 164
57 165
57 169
57 172
57 173
57 176
57 178
58 59
58 61
58 62
58 65
58 67
58 73
58 74
58 83
58 86
58 90
58 95
58 101
58 103
58 104
58 107
58 108
58 112
58 124
58 132
58 135
58 144
58 146
58 150
58 151
58 158
58 162
58 163
58 178
59 60
59 64
59 65
59 70
59 71
59 78
59 81
59 84
59 85
59 86
59 88
59 91
59 96
59 100
59 103
59 105
59 111
59 113
59 117
59 118
59 119
59 120
59 121
59 123
59 131
59 132
59 133
59 141
59 146
59 156
59 161
59 164
59 170
59 172
59 178
60 61
60 62
60 63
60 64
60 65
60 66
60 67
60 68
60 69
60 70
60 71
60 72
60 73
60 74
60 75
60 76
60 77
60 78
60 79
60 80
60 83
60 85
60 91
60 94
60 95
60 96
60 98
60 107
60 111
60 118
60 121
60 123
60 128
60 129
60 135
60 136
60 143
60 147
60 151
60 153
60 159
60 160
60 171
60 175
60 178
61 62
61 63
61 64
61 65
61 66
61 67
61 68
61 69
61 70
61 71
61 72
61 73
61 74
61 75
61 76
61 77
61 78
61 79
61 80
61 81
61 83
61 84
61 90
61 92
61 93
61 95
61 97
61 104
61 109
61 115
61 124
61 125
61 128
61 129
61 132
61 134
61 135
61 136
61 137
61 138
61 144
61 145
61 150
61 154
61 155
61 159
61 161
61 163
61 165
61 166
61 167
61 169
61 171
61 173
61 176
61 177
61 178
62 63
62 64
62 65
62 66
62 67
62 68
62 69
62 70
62 71
62 72
62 73
62 74
62 75
62 76
62 77
62 78
62 79
62 80
62 88
62 90
62 91
62 92
62 96
62 97
62 98
62 102
62 105
62 107
62 110
62 115
62 116
62 117
62 126
62 127
62 129
62 130
62 133
62 136
62 141
62 143
62 149
62 150
62 154
62 157
62 158
62 159
62 163
62 164
62 165
62 167
62 175
62 177
62 178
63 64
63 65
63 66
63 67
63 68
63 69
63 70
63 71
63 72
63 73
63 74
63 75
63 76
63 77
63 78
63 79
63 80
63 81
63 86
63 88
63 96
63 98
63 99
63 107
63 108
63 111
63 114
63 116
63 123
63 124
63 127
63 128
63 129
63 131
63 134
63 135
63 146
63 147
63 154
63 156
63 157
63 161
63 163
63 167
63 173
63 177
64 65
64 66
64 67
64 68
64 69
64 70
64 71
64 72
64 73
64 74
64 75
64 76
64 77
64 78
64 79
64 87
64 89
64 90
64 93
64 94
64 97
64 101
64 110
64 115
64 118
64 119
64 120
64 123
64 125
64 127
64 129
64 131
64 141
64 145
64 151
64 153
64 154
64 156
64 157
64 159
64 160
64 161
64 164
64 168
64 169
64 171
64 172
64 173
64 176
64 178
64 179
65 66
65 67
65 68
65 69
65 70
65 71
65 72
65 73
65 74
65 75
65 76
65 77
65 78
65 79
65 82
65 91
65 99
65 100
65 101
65 103
65 105
65 108
65 113
65 116
65 124
65 126
65 128
65 141
65 142
65 146
65 147
65 148
65 149
65 151
65 155
65 157
65 158
65 160
65 161
65 162
65 165
65 168
65 169
65 171
65 175
65 177
66 67
66 68
66 69
66 70
66 71
66 72
66 73
66 74
66 75
66 76
66 77
66 78
66 79
66 83
66 84
66 103
66 108
66 110
66 115
66 124
66 127
66 134
66 139
66 140
66 141
66 143
66 144
66 147
66 148
66 154
66 158
66 161
66 164
66 165
66 167
66 169
66 172
66 174
67 68
67 69
67 70
67 71
67 72
67 73
67 74
67 75
67 76
67 77
67 78
67 79
67 82
67 83
67 100
67 101
67 103
67 105
67 106
67 110
67 115
67 117
67 118
67 124
67 125
67 128
67 129
67 130
67 138
67 139
67 140
67 142
67 145
67 146
67 159
67 162
67 163
67 165
67 167
67 169
67 172
67 173
67 177
68 69
68 70
68 71
68 72
68 73
68 74
68 75
68 76
68 77
68 78
68 79
68 83
68 95
68 96
68 99
68 100
68 101
68 102
68 106
68 107
68 110
68 113
68 117
68 123
68 125
68 129
68 132
68 133
68 136
68 139
68 142
68 145
68 147
68 152
68 161
68 164
68 170
68 173
68 177
69 70
69 71
69 72
69 73
69 74
69 75
69 76
69 77
69 78
69 79
69 80
69 83
69 86
69 90
69 96
69 97
69 103
69 104
69 105
69 108
69 111
69 115
69 116
69 124
69 125
69 139
69 140
69 143
69 147
69 149
69 151
69 154
69 155
69 156
69 159
69 164
69 165
69 168
69 169
69 172
69 174
69 175
70 71
70 72
70 73
70 74
70 75
70 76
70 77
70 78
70 79
70 81
70 83
70 90
70 95
70 100
70 102
70 103
70 104
70 106
70 114
70 117
70 123
70 134
70 136
70 137
70 141
70 150
70 151
70 161
70 162
70 164
70 168
70 169
70 172
70 174
71 72
71 73
71 74
71 75
71 76
71 77
71 78
71 79
71 81
71 84
71 99
71 101
71 103
71 104
71 108
71 109
71 120
71 122
71 123
71 125
71 126
71 132
71 135
71 137
71 139
71 141
71 142
71 143
71 146
71 149
71 154
71 155
71 165
71 169
71 170
71 173
71 178
72 73
72 74
72 75
72 76
72 77
72 78
72 79
72 80
72 85
72 87
72 93
72 95
72 102
72 105
72 108
72 109
72 110
72 112
72 113
72 115
72 118
72 119
72 122
72 124
72 125
72 127
72 130
72 134
72 137
72 138
72 139
72 140
72 142
72 143
72 148
72 151
72 155
72 156
72 159
72 160
72 163
72 164
72 167
72 170
72 172
72 174
73 74
73 75
73 76
73 77
73 78
73 79
73 82
73 88
73 89
73 92
73 93
73 95
73 97
73 98
73 100
73 102
73 107
73 109
73 110
73 113
73 117
73 122
73 127
73 133
73 134
73 135
73 137
73 140
73 142
73 147
73 148
73 154
73 157
73 159
73 160
73 164
73 171
73 177
74 75
74 76
74 77
74 78
74 79
74 83
74 84
74 85
74 88
74 91
74 97
74 100
74 101
74 103
74 104
74 106
74 107
74 108
74 125
74 128
74 132
74 133
74 138
74 141
74 143
74 148
74 150
74 153
74 154
74 156
74 160
74 164
74 165
74 174
74 175
74 178
75 76
75 77
75 78
75 79
75 80
75 83
75 84
75 86
75 90
75 91
75 97
75 101
75 105
75 109
75 110
75 111
75 120
75 122
75 123
75 125
75 129
75 133
75 139
75 141
75 144
75 147
75 150
75 152
75 153
75 156
75 164
75 166
76 77
76 78
76 79
76 85
76 90
76 98
76 99
76 100
76 102
76 103
76 117
76 119
76 125
76 127
76 128
76 131
76 132
76 137
76 139
76 149
76 150
76 152
76 153
76 159
76 161
76 162
76 166
76 168
76 169
76 172
76 178
77 78
77 79
77 80
77 84
77 86
77 87
77 89
77 92
77 97
77 101
77 108
77 109
77 117
77 119
77 121
77 122
77 125
77 126
77 132
77 133
77 134
77 136
77 142
77 145
77 149
77 151
77 154
77 156
77 161
77 164
77 170
77 172
77 173
77 175
77 176
78 79
78 83
78 84
78 88
78 90
78 96
78 99
78 100
78 101
78 106
78 107
78 108
78 109
78 110
78 111
78 115
78 117
78 121
78 130
78 132
78 133
78 134
78 135
78 136
78 142
78 148
78 149
78 150
78 151
78 154
78 159
78 164
78 168
78 169
78 170
78 174
78 175
78 176
78 179
79 80
79 81
79 90
79 95
79 101
79 103
79 104
79 108
79 113
79 115
79 117
79 123
79 128
79 129
79 131
79 133
79 136
79 137
79 139
79 141
79 143
79 144
79 147
79 151
79 152
79 157
79 158
79 161
79 164
79 168
79 170
79 177
80 81
80 82
80 83
80 84
80 85
80 86
80 87
80 88
80 89
80 90
80 91
80 92
80 93
80 94
80 95
80 96
80 97
80 98
80 99
80 104
80 108
80 109
80 111
80 114
80 118
80 120
80 123
80 127
80 134
80 139
80 145
80 151
80 154
80 155
80 162
80 168
80 169
80 170
80 171
80 173
81 82
81 83
81 84
81 85
81 86
81 87
81 88
81 89
81 90
81 91
81 92
81 93
81 94
81 95
81 96
81 97
81 98
81 99
81 100
81 104
81 116
81 118
81 120
81 122
81 125
81 127
81 129
81 143
81 144
81 146
81 147
81 153
81 155
81 157
81 158
81 159
81 161
81 163
81 164
81 166
81 168
81 169
81 176
82 83
82 84
82 85
82 86
82 87
82 88
82 89
82 90
82 91
82 92
82 93
82 94
82 95
82 96
82 97
82 98
82 99
82 104
82 105
82 107
82 109
82 116
82 121
82 123
82 126
82 127
82 129
82 133
82 142
82 144
82 146
82 147
82 158
82 167
82 169
82 170
82 171
82 176
82 178
82 179
83 84
83 85
83 86
83 87
83 88
83 89
83 90
83 91
83 92
83 93
83 94
83 95
83 96
83 97
83 98
83 99
83 106
83 107
83 109
83 113
83 115
83 118
83 119
83 124
83 133
83 136
83 139
83 141
83 143
83 149
83 152
83 155
83 158
83 162
83 163
83 165
83 172
83 176
84 85
84 86
84 87
84 88
84 89
84 90
84 91
84 92
84 93
84 94
84 95
84 96
84 97
84 98
84 99
84 105
84 106
84 111
84 112
84 116
84 124
84 126
84 127
84 128
84 131
84 132
84 135
84 136
84 141
84 146
84 149
84 155
84 164
84 169
84 179
85 86
85 87
85 88
85 89
85 90
85 91
85 92
85 93
85 94
85 95
85 96
85 97
85 98
85 99
85 108
85 109
85 111
85 115
85 117
85 118
85 124
85 128
85 131
85 135
85 136
85 137
85 138
85 139
85 140
85 141
85 146
85 152
85 154
85 155
85 158
85 161
85 162
85 164
85 167
85 168
85 173
85 174
85 176
86 87
86 88
86 89
86 90
86 91
86 92
86 93
86 94
86 95
86 96
86 97
86 98
86 99
86 101
86 103
86 104
86 107
86 113
86 116
86 117
86 118
86 119
86 120
86 121
86 122
86 123
86 126
86 129
86 130
86 133
86 135
86 138
86 139
86 140
86 142
86 145
86 150
86 152
86 153
86 155
86 156
86 159
86 164
86 165
86 170
86 175
86 176
86 178
87 88
87 89
87 90
87 91
87 92
87 93
87 94
87 95
87 96
87 97
87 98
87 99
87 105
87 109
87 116
87 118
87 123
87 124
87 125
87 126
87 131
87 134
87 137
87 139
87 143
87 145
87 148
87 149
87 150
87 155
87 158
87 161
87 163
87 169
87 170
87 173
88 89
88 90
88 91
88 92
88 93
88 94
88 95
88 96
88 97
88 98
88 99
88 103
88 105
88 114
88 115
88 121
88 122
88 124
88 125
88 134
88 135
88 136
88 140
88 141
88 143
88 145
88 147
88 148
88 150
88 151
88 153
88 155
88 156
88 159
88 160
88 165
88 167
88 168
88 170
88 171
88 177
88 179
89 90
89 91
89 92
89 93
89 94
89 95
89 96
89 97
89 98
89 99
89 100
89 102
89 109
89 114
89 116
89 122
89 123
89 124
89 128
89 129
89 133
89 137
89 139
89 140
89 142
89 148
89 152
89 159
89 166
89 167
89 168
89 171
89 176
89 178
90 91
90 92
90 93
90 94
90 95
90 96
90 97
90 98
90 99
90 101
90 116
90 117
90 121
90 131
90 132
90 134
90 137
90 138
90 142
90 149
90 151
90 152
90 153
90 154
90 157
90 162
90 164
90 165
90 169
90 176
90 177
91 92
91 93
91 94
91 95
91 96
91 97
91 98
91 99
91 108
91 114
91 117
91 119
91 120
91 123
91 125
91 127
91 130
91 132
91 136
91 143
91 146
91 155
91 157
91 159
91 161
91 172
91 176
91 178
92 93
92 94
92 95
92 96
92 97
92 98
92 99
92 104
92 109
92 111
92 118
92 119
92 123
92 126
92 129
92 133
92 145
92 151
92 156
92 164
92 175
92 176
92 178
93 94
93 95
93 96
93 97
93 98
93 99
93 105
93 107
93 108
93 110
93 111
93 113
93 127
93 128
93 129
93 130
93 132
93 134
93 136
93 138
93 149
93 150
93 151
93 154
93 156
93 161
93 169
93 171
93 172
93 174
93 177
94 95
94 96
94 97
94 98
94 99
94 101
94 104
94 110
94 113
94 115
94 121
94 123
94 130
94 132
94 138
94 143
94 144
94 147
94 158
94 163
94 164
94 170
94 171
94 174
94 176
94 177
94 179
95 96
95 97
95 98
95 99
95 100
95 102
95 115
95 119
95 121
95 122
95 123
95 124
95 125
95 128
95 133
95 135
95 138
95 141
95 146
95 147
95 149
95 152
95 154
95 159
95 161
95 164
95 166
95 168
95 169
95 171
95 172
95 173
95 175
95 176
95 178
96 97
96 98
96 99
96 101
96 103
96 114
96 125
96 127
96 128
96 130
96 132
96 139
96 142
96 148
96 149
96 151
96 153
96 162
96 170
96 172
96 177
97 98
97 99
97 101
97 103
97 104
97 107
97 118
97 120
97 121
97 126
97 138
97 139
97 140
97 141
97 143
97 149
97 152
97 153
97 156
97 157
97 174
97 179
98 99
98 102
98 104
98 107
98 108
98 109
98 111
98 116
98 120
98 124
98 126
98 130
98 134
98 139
98 142
98 147
98 153
98 160
98 162
98 164
98 165
98 166
98 170
98 172
98 175
98 178
98 179
99 108
99 110
99 114
99 115
99 118
99 119
99 122
99 123
99 125
99 132
99 134
99 143
99 144
99 145
99 146
99 152
99 154
99 155
99 158
99 163
99 166
99 171
100 101
100 102
100 103
100 104
100 105
100 106
100 107
100 108
100 109
100 110
100 111
100 112
100 113
100 114
100 115
100 116
100 117
100 118
100 119
100 120
100 122
100 123
100 131
100 134
100 137
100 142
100 146
100 161
100 162
100 164
100 170
100 171
100 176
101 102
101 103
101 104
101 105
101 106
101 107
101 108
101 109
101 110
101 111
101 112
101 113
101 114
101 115
101 116
101 117
101 118
101 119
101 120
101 121
101 125
101 126
101 128
101 134
101 138
101 139
101 148
101 152
101 157
101 165
101 170
101 172
101 179
102 103
102 104
102 105
102 106
102 107
102 108
102 109
102 110
102 111
102 112
102 113
102 114
102 115
102 116
102 117
102 118
102 119
102 121
102 123
102 124
102 131
102 134
102 143
102 145
102 146
102 147
102 151
102 153
102 158
102 159
102 162
102 165
102 168
102 170
102 173
102 176
102 177
102 178
103 104
103 105
103 106
103 107
103 108
103 109
103 110
103 111
103 112
103 113
103 114
103 115
103 116
103 117
103 118
103 119
103 121
103 122
103 123
103 124
103 126
103 127
103 129
103 131
103 132
103 136
103 137
103 140
103 144
103 153
103 159
103 163
103 164
103 171
103 175
103 176
103 178
103 179
104 105
104 106
104 107
104 108
104 109
104 110
104 111
104 112
104 113
104 114
104 115
104 116
104 117
104 118
104 119
104 120
104 125
104 129
104 141
104 149
104 150
104 158
104 159
104 160
104 161
104 163
104 171
104 172
104 173
104 175
104 177
105 106
105 107
105 108
105 109
105 110
105 111
105 112
105 113
105 114
105 115
105 116
105 117
105 118
105 119
105 127
105 128
105 129
105 130
105 139
105 140
105 143
105 145
105 151
105 153
105 155
105 156
105 158
105 163
105 165
105 169
105 170
105 172
105 175
105 176
105 179
106 107
106 108
106 109
106 110
106 111
106 112
106 113
106 114
106 115
106 116
106 117
106 118
106 119
106 121
106 123
106 131
106 132
106 133
106 140
106 142
106 143
106 144
106 146
106 147
106 150
106 161
106 163
106 166
106 167
106 169
106 176
106 177
106 179
107 108
107 109
107 110
107 111
107 112
107 113
107 114
107 115
107 116
107 117
107 118
107 119
107 120
107 121
107 125
107 127
107 129
107 130
107 132
107 140
107 141
107 144
107 146
107 147
107 152
107 165
107 173
107 176
107 177
107 178
108 109
108 110
108 111
108 112
108 113
108 114
108 115
108 116
108 117
108 118
108 119
108 121
108 126
108 128
108 131
108 133
108 134
108 135
108 136
108 138
108 140
108 142
108 143
108 145
108 151
108 154
108 157
108 159
108 162
108 167
108 169
108 179
109 110
109 111
109 112
109 113
109 114
109 115
109 116
109 117
109 118
109 119
109 123
109 124
109 126
109 129
109 138
109 140
109 142
109 146
109 148
109 157
109 162
109 164
109 166
109 172
109 174
109 176
110 111
110 112
110 113
110 114
110 115
110 116
110 117
110 118
110 119
110 134
110 136
110 140
110 144
110 145
110 150
110 157
110 160
110 163
110 175
110 176
110 179
111 112
111 113
111 114
111 115
111 116
111 117
111 118
111 119
111 124
111 127
111 128
111 131
111 132
111 137
111 139
111 150
111 152
111 154
111 155
111 157
111 163
111 167
111 176
112 113
112 114
112 115
112 116
112 117
112 118
112 119
112 120
112 123
112 124
112 127
112 129
112 136
112 144
112 146
112 154
112 157
112 158
112 159
112 162
112 164
112 169
112 170
112 171
112 177
113 114
113 115
113 116
113 117
113 118
113 119
113 121
113 122
113 124
113 125
113 129
113 133
113 134
113 136
113 137
113 152
113 156
113 158
113 164
113 171
113 173
113 177
114 115
114 116
114 117
114 118
114 119
114 127
114 128
114 129
114 132
114 133
114 139
114 142
114 143
114 145
114 149
114 151
114 152
114 153
114 161
114 162
114 163
114 178
115 116
115 117
115 118
115 119
115 121
115 125
115 126
115 129
115 130
115 132
115 133
115 136
115 141
115 144
115 154
115 156
115 157
115 160
115 161
115 163
115 164
115 166
115 169
115 170
115 172
115 175
116 117
116 118
116 119
116 122
116 123
116 126
116 127
116 128
116 129
116 135
116 138
116 139
116 142
116 144
116 146
116 148
116 155
116 157
116 158
116 160
116 164
116 166
116 171
116 172
116 173
116 175
116 179
117 118
117 119
117 120
117 125
117 126
117 130
117 131
117 132
117 136
117 137
117 138
117 139
117 148
117 149
117 152
117 156
117 159
117 161
117 166
117 172
117 173
117 175
117 177
118 119
118 120
118 121
118 124
118 125
118 126
118 129
118 131
118 133
118 144
118 149
118 150
118 156
118 158
118 162
118 166
118 167
118 169
118 170
118 174
118 175
118 178
119 122
119 123
119 125
119 126
119 131
119 135
119 136
119 137
119 139
119 140
119 146
119 151
119 155
119 161
119 162
119 164
119 170
119 171
119 175
119 176
119 178
119 179
128 129
128 130
128 131
128 132
128 133
128 134
128 135
128 136
128 137
128 138
128 139
128 120
128 121
128 122
128 123
128 124
128 125
128 126
128 127
128 150
128 153
128 158
128 160
128 163
128 164
128 172
128 174
128 175
128 176
129 130
129 131
129 132
129 133
129 134
129 135
129 136
129 137
129 138
129 139
129 120
129 121
129 122
129 123
129 124
129 125
129 126
129 127
129 140
129 144
129 145
129 155
129 157
129 158
129 163
129 170
129 173
130 131
130 132
130 133
130 134
130 135
130 136
130 137
130 138
130 139
130 120
130 121
130 122
130 123
130 124
130 125
130 126
130 127
130 142
130 149
130 151
130 153
130 155
130 156
130 158
130 159
130 161
130 165
130 167
131 132
131 133
131 134
131 135
131 136
131 137
131 138
131 139
131 120
131 121
131 122
131 123
131 124
131 125
131 126
131 127
131 143
131 146
131 147
131 155
131 158
131 160
131 165
131 169
131 172
131 174
131 175
131 177
132 133
132 134
132 135
132 136
132 137
132 138
132 139
132 120
132 121
132 122
132 123
132 124
132 125
132 126
132 127
132 140
132 142
132 145
132 149
132 150
132 151
132 155
132 158
132 166
132 167
132 168
132 169
132 174
132 177
133 134
133 135
133 136
133 137
133 138
133 139
133 120
133 121
133 122
133 123
133 124
133 125
133 126
133 127
133 140
133 144
133 148
133 149
133 150
133 153
133 158
133 159
133 161
133 165
133 167
133 168
133 170
133 171
133 172
133 175
133 179
134 135
134 136
134 137
134 138
134 139
134 120
134 121
134 122
134 123
134 124
134 125
134 126
134 127
134 141
134 145
134 149
134 150
134 152
134 156
134 162
134 163
134 164
134 174
134 175
134 178
135 136
135 137
135 138
135 139
135 120
135 121
135 122
135 123
135 124
135 125
135 126
135 127
135 142
135 143
135 144
135 145
135 149
135 150
135 152
135 157
135 167
135 169
135 173
135 179
136 137
136 138
136 139
136 120
136 121
136 122
136 123
136 124
136 125
136 126
136 127
136 142
136 144
136 147
136 149
136 163
136 165
136 168
136 176
136 178
137 138
137 139
137 120
137 121
137 122
137 123
137 124
137 125
137 126
137 127
137 140
137 141
137 143
137 144
137 147
137 149
137 151
137 154
137 155
137 159
137 160
137 161
137 162
137 163
137 166
137 167
137 172
137 179
138 139
138 120
138 121
138 122
138 123
138 124
138 125
138 126
138 127
138 142
138 143
138 148
138 149
138 157
138 158
138 159
138 161
138 167
138 168
138 169
138 173
138 174
138 178
139 120
139 121
139 122
139 123
139 124
139 125
139 126
139 127
139 149
139 150
139 168
139 173
139 174
139 178
139 179
120 121
120 122
120 123
120 124
120 125
120 126
120 127
120 141
120 150
120 170
120 176
120 177
120 178
121 122
121 123
121 124
121 125
121 126
121 127
121 145
121 149
121 150
121 161
121 165
121 166
121 168
121 177
122 123
122 124
122 125
122 126
122 127
122 142
122 153
122 154
122 157
122 167
122 169
122 172
122 173
122 174
123 124
123 125
123 126
123 127
123 144
123 147
123 154
123 157
123 161
123 165
123 176
123 177
123 178
124 125
124 126
124 127
124 142
124 144
124 145
124 148
124 149
124 150
124 159
124 160
124 161
124 165
124 168
124 174
125 126
125 127
125 145
125 150
125 151
125 152
125 153
125 154
125 155
125 161
125 162
125 167
125 169
125 174
125 179
126 127
126 149
126 154
126 155
126 158
126 161
126 162
126 163
126 164
126 167
126 171
127 140
127 142
127 143
127 145
127 151
127 152
127 155
127 156
127 159
127 160
127 163
127 167
127 175
127 176
127 178
127 179
140 141
140 142
140 143
140 144
140 145
140 146
140 147
140 148
140 149
140 150
140 151
140 152
140 153
140 154
140 155
140 156
140 157
140 158
140 159
140 165
140 167
140 168
140 170
140 174
141 142
141 143
141 144
141 145
141 146
141 147
141 148
141 149
141 150
141 151
141 152
141 153
141 154
141 155
141 156
141 157
141 158
141 159
141 167
141 174
142 143
142 144
142 145
142 146
142 147
142 148
142 149
142 150
142 151
142 152
142 153
142 154
142 155
142 156
142 157
142 158
142 159
142 165
142 169
142 170
142 172
142 175
142 176
142 178
143 144
143 145
143 146
143 147
143 148
143 149
143 150
143 151
143 152
143 153
143 154
143 155
143 156
143 157
143 158
143 159
143 162
143 163
143 172
144 145
144 146
144 147
144 148
144 149
144 150
144 151
144 152
144 153
144 154
144 155
144 156
144 157
144 158
144 159
144 165
144 169
144 171
144 177
145 146
145 147
145 148
145 149
145 150
145 151
145 152
145 153
145 154
145 155
145 156
145 157
145 158
145 159
145 162
145 164
145 168
145 171
145 179
146 147
146 148
146 149
146 150
146 151
146 152
146 153
146 154
146 155
146 156
146 157
146 158
146 159
146 160
146 163
146 164
146 165
146 167
146 178
147 148
147 149
147 150
147 151
147 152
147 153
147 154
147 155
147 156
147 157
147 158
147 159
147 165
147 167
147 169
147 171
147 173
147 179
148 149
148 150
148 151
148 152
148 153
148 154
148 155
148 156
148 157
148 158
148 159
148 162
148 167
148 176
148 179
149 150
149 151
149 152
149 153
149 154
149 155
149 156
149 157
149 158
149 159
149 160
149 163
149 164
149 167
149 173
149 175
149 176
149 177
150 151
150 152
150 153
150 154
150 155
150 156
150 157
150 158
150 159
150 162
150 164
150 165
150 168
150 170
150 171
150 175
150 176
150 179
151 152
151 153
151 154
151 155
151 156
151 157
151 158
151 159
151 162
151 163
151 165
151 167
151 173
151 175
152 153
152 154
152 155
152 156
152 157
152 158
152 159
152 161
152 162
152 166
152 168
152 171
152 172
152 175
152 178
153 154
153 155
153 156
153 157
153 158
153 159
153 161
153 163
153 165
153 169
153 170
153 171
153 174
153 176
154 155
154 156
154 157
154 158
154 159
154 164
154 168
154 173
154 174
155 156
155 157
155 158
155 159
155 160
155 164
155 168
155 172
155 173
155 174
155 176
156 157
156 158
156 159
156 169
156 171
157 158
157 159
157 160
157 162
157 164
157 169
157 170
157 172
157 173
157 175
157 176
157 178
158 159
158 161
158 165
158 167
158 173
158 176
158 179
159 161
159 162
159 163
159 165
159 167
159 170
159 173
159 174
159 175
159 177
160 161
160 162
160 163
160 164
160 165
160 166
160 167
160 168
160 169
160 170
160 171
160 172
160 173
160 174
160 175
160 176
160 177
160 178
160 179
161 162
161 163
161 164
161 165
161 166
161 167
161 168
161 169
161 170
161 171
161 172
161 173
161 174
161 175
161 176
161 177
161 178
161 179
162 163
162 164
162 165
162 166
162 167
162 168
162 169
162 170
162 171
162 172
162 173
162 174
162 175
162 176
162 177
162 178
162 179
163 164
163 165
163 166
163 167
163 168
163 169
163 170
163 171
163 172
163 173
163 174
163 175
163 176
163 177
163 178
163 179
164 165
164 166
164 167
164 168
164 169
164 170
164 171
164 172
164 173
164 174
164 175
164 176
164 177
164 178
164 179
165 166
165 167
165 168
165 169
165 170
165 171
165 172
165 173
165 174
165 175
165 176
165 177
165 178
165 179
166 167
166 168
166 169
166 170
166 171
166 172
166 173
166 174
166 175
166 176
166 177
166 178
166 179
167 168
167 169
167 170
167 171
167 172
167 173
167 174
167 175
167 176
167 177
167 178
167 179
168 169
168 170
168 171
168 172
168 173
168 174
168 175
168 176
168 177
168 178
168 179
169 170
169 171
169 172
169 173
169 174
169 175
169 176
169 177
169 178
169 179
170 171
170 172
170 173
170 174
170 175
170 176
170 177
170 178
170 179
171 172
171 173
171 174
171 175
171 176
171 177
171 178
171 179
172 173
172 174
172 175
172 176
172 177
172 178
172 179
173 174
173 175
173 176
173 177
173 178
173 179
174 175
174 176
174 177
174 178
174 179
175 176
175 177
175 178
175 179
176 177
176 178
176 179
177 178
177 179
178 179
