# 3400 edges
0 1
0 2
0 3
0 4
0 5
0 6
0 7
0 8
0 9
0 10
0 11
0 12
0 13
0 14
0 21
0 24
0 26
0 28
0 34
0 49
0 50
0 52
0 54
0 58
0 62
0 63
0 64
0 66
0 67
0 68
0 70
0 71
0 72
0 74
0 76
0 82
0 83
0 87
0 88
0 93
0 94
0 95
0 96
0 104
0 107
0 108
0 117
0 118
0 119
0 123
0 125
0 126
0 132
0 133
1 2
1 3
1 4
1 5
1 6
1 7
1 8
1 9
1 10
1 11
1 12
1 13
1 14
1 15
1 18
1 20
1 21
1 23
1 26
1 29
1 31
1 35
1 36
1 41
1 42
1 51
1 52
1 53
1 61
1 64
1 69
1 70
1 72
1 74
1 76
1 77
1 79
1 85
1 98
1 101
1 102
1 103
1 104
1 111
1 112
1 113
1 119
1 123
1 125
1 126
1 128
1 130
1 132
2 3
2 4
2 5
2 6
2 7
2 8
2 9
2 10
2 11
2 12
2 13
2 14
2 21
2 23
2 25
2 27
2 30
2 34
2 37
2 38
2 40
2 41
2 44
2 45
2 59
2 61
2 62
2 68
2 69
2 73
2 77
2 79
2 81
2 83
2 94
2 97
2 98
2 102
2 113
2 124
2 127
2 134
3 4
3 5
3 6
3 7
3 8
3 9
3 10
3 11
3 12
3 13
3 14
3 16
3 17
3 18
3 20
3 23
3 25
3 28
3 29
3 32
3 33
3 37
3 39
3 41
3 42
3 43
3 44
3 46
3 50
3 51
3 53
3 55
3 58
3 59
3 62
3 64
3 66
3 67
3 73
3 74
3 86
3 90
3 94
3 107
3 112
3 114
3 115
3 116
3 121
3 122
3 123
3 128
3 131
4 5
4 6
4 7
4 8
4 9
4 10
4 11
4 12
4 13
4 14
4 16
4 18
4 19
4 23
4 26
4 32
4 33
4 35
4 36
4 39
4 40
4 44
4 48
4 49
4 52
4 54
4 55
4 56
4 57
4 60
4 62
4 63
4 64
4 65
4 66
4 72
4 75
4 79
4 82
4 85
4 91
4 94
4 98
4 99
4 100
4 104
4 106
4 109
4 111
4 116
4 120
4 122
4 126
4 127
4 130
4 134
5 6
5 7
5 8
5 9
5 10
5 11
5 12
5 13
5 14
5 17
5 18
5 21
5 25
5 26
5 28
5 32
5 41
5 49
5 54
5 62
5 65
5 68
5 69
5 70
5 72
5 75
5 76
5 92
5 94
5 97
5 99
5 102
5 103
5 105
5 111
5 122
5 125
5 126
5 127
5 129
5 134
6 7
6 8
6 9
6 10
6 11
6 12
6 13
6 14
6 15
6 36
6 39
6 40
6 41
6 44
6 48
6 55
6 56
6 59
6 60
6 64
6 65
6 71
6 74
6 76
6 77
6 79
6 80
6 82
6 84
6 86
6 88
6 90
6 93
6 99
6 100
6 103
6 106
6 107
6 112
6 114
6 117
6 119
6 122
7 8
7 9
7 10
7 11
7 12
7 13
7 14
7 15
7 21
7 28
7 30
7 33
7 34
7 36
7 41
7 43
7 63
7 67
7 68
7 74
7 75
7 77
7 88
7 94
7 96
7 101
7 104
7 105
7 111
7 112
7 120
7 121
7 122
7 127
7 131
8 9
8 10
8 11
8 12
8 13
8 14
8 15
8 18
8 19
8 24
8 25
8 26
8 35
8 36
8 39
8 40
8 41
8 44
8 47
8 52
8 53
8 55
8 57
8 58
8 63
8 65
8 68
8 69
8 71
8 79
8 82
8 85
8 89
8 91
8 93
8 96
8 98
8 103
8 106
8 108
8 113
8 115
8 116
8 123
8 126
8 129
8 132
9 10
9 11
9 12
9 13
9 14
9 15
9 16
9 19
9 26
9 27
9 34
9 36
9 38
9 39
9 40
9 41
9 47
9 48
9 52
9 64
9 71
9 72
9 80
9 81
9 85
9 86
9 87
9 89
9 91
9 92
9 99
9 103
9 104
9 107
9 109
9 119
9 127
9 130
9 132
9 134
10 11
10 12
10 13
10 14
10 15
10 16
10 21
10 35
10 39
10 42
10 44
10 53
10 60
10 62
10 63
10 64
10 70
10 71
10 77
10 82
10 83
10 84
10 86
10 101
10 102
10 103
10 105
10 107
10 115
10 116
10 117
10 118
10 120
10 124
10 129
10 132
10 133
10 134
11 12
11 13
11 14
11 15
11 24
11 27
11 29
11 30
11 37
11 40
11 42
11 43
11 44
11 46
11 47
11 52
11 53
11 54
11 57
11 59
11 65
11 80
11 85
11 87
11 90
11 91
11 94
11 104
11 108
11 111
11 112
11 118
11 122
11 123
11 126
11 127
11 128
11 131
12 13
12 14
12 18
12 19
12 24
12 27
12 34
12 37
12 38
12 40
12 41
12 42
12 44
12 47
12 51
12 52
12 58
12 59
12 60
12 61
12 62
12 63
12 69
12 70
12 74
12 75
12 76
12 80
12 85
12 89
12 92
12 94
12 99
12 100
12 112
12 113
12 114
12 119
12 120
12 126
12 127
12 128
12 130
12 134
13 14
13 18
13 22
13 27
13 28
13 33
13 36
13 39
13 40
13 46
13 49
13 52
13 60
13 62
13 64
13 67
13 69
13 71
13 74
13 78
13 81
13 83
13 85
13 93
13 94
13 96
13 98
13 101
13 102
13 104
13 106
13 109
13 111
13 115
13 118
13 122
13 126
13 128
13 129
13 131
14 15
14 16
14 26
14 30
14 32
14 34
14 35
14 39
14 42
14 43
14 45
14 53
14 56
14 67
14 70
14 72
14 78
14 83
14 84
14 89
14 91
14 93
14 96
14 97
14 99
14 101
14 107
14 110
14 112
14 113
14 117
14 123
14 129
14 133
15 16
15 17
15 18
15 19
15 20
15 21
15 22
15 23
15 24
15 25
15 26
15 27
15 28
15 29
15 33
15 35
15 44
15 53
15 54
15 55
15 58
15 62
15 65
15 66
15 68
15 71
15 74
15 76
15 77
15 81
15 86
15 89
15 90
15 93
15 94
15 97
15 102
15 103
15 104
15 107
15 108
15 109
15 111
15 119
15 120
15 122
15 123
15 125
15 127
15 131
15 133
16 17
16 18
16 19
16 20
16 21
16 22
16 23
16 24
16 25
16 26
16 27
16 28
16 29
16 30
16 31
16 32
16 36
16 38
16 49
16 53
16 55
16 56
16 64
16 66
16 70
16 71
16 74
16 79
16 80
16 81
16 83
16 84
16 89
16 91
16 92
16 101
16 107
16 114
16 116
16 124
16 128
16 129
17 18
17 19
17 20
17 21
17 22
17 23
17 24
17 25
17 26
17 27
17 28
17 29
17 32
17 33
17 37
17 38
17 40
17 41
17 43
17 44
17 47
17 48
17 50
17 51
17 56
17 59
17 60
17 62
17 66
17 68
17 70
17 74
17 76
17 77
17 82
17 83
17 85
17 90
17 99
17 102
17 103
17 106
17 110
17 111
17 113
17 116
17 118
17 122
17 123
17 133
18 19
18 20
18 21
18 22
18 23
18 24
18 25
18 26
18 27
18 28
18 29
18 36
18 45
18 47
18 48
18 51
18 56
18 58
18 61
18 62
18 69
18 70
18 74
18 76
18 78
18 83
18 84
18 88
18 89
18 96
18 98
18 99
18 101
18 104
18 106
18 110
18 114
18 115
18 116
18 117
18 119
18 120
18 123
18 129
19 20
19 21
19 22
19 23
19 24
19 25
19 26
19 27
19 28
19 29
19 38
19 41
19 46
19 47
19 49
19 51
19 53
19 57
19 59
19 62
19 63
19 67
19 70
19 76
19 78
19 80
19 82
19 84
19 86
19 91
19 93
19 94
19 97
19 105
19 106
19 107
19 112
19 113
19 114
19 121
19 124
19 126
19 134
20 21
20 22
20 23
20 24
20 25
20 26
20 27
20 28
20 29
20 33
20 35
20 39
20 42
20 55
20 56
20 59
20 63
20 67
20 71
20 75
20 77
20 79
20 81
20 91
20 96
20 97
20 99
20 100
20 102
20 106
20 108
20 116
20 121
20 124
20 125
20 130
20 131
20 133
21 22
21 23
21 24
21 25
21 26
21 27
21 28
21 29
21 30
21 32
21 43
21 46
21 48
21 53
21 63
21 71
21 78
21 79
21 80
21 85
21 87
21 88
21 90
21 93
21 95
21 96
21 114
21 117
21 118
21 121
21 122
21 124
21 125
21 128
21 129
21 130
21 134
22 23
22 24
22 25
22 26
22 27
22 28
22 29
22 33
22 40
22 42
22 44
22 46
22 48
22 52
22 54
22 55
22 56
22 61
22 64
22 65
22 69
22 70
22 74
22 83
22 85
22 88
22 90
22 91
22 104
22 106
22 108
22 112
22 115
22 118
22 123
22 128
22 132
23 24
23 25
23 26
23 27
23 28
23 29
23 32
23 35
23 36
23 38
23 46
23 47
23 52
23 53
23 56
23 57
23 60
23 62
23 64
23 67
23 75
23 77
23 82
23 85
23 90
23 104
23 111
23 113
23 114
23 117
23 119
23 122
23 124
23 126
23 131
23 133
24 25
24 26
24 27
24 28
24 29
24 32
24 39
24 47
24 57
24 62
24 67
24 68
24 75
24 81
24 84
24 86
24 88
24 93
24 97
24 98
24 99
24 101
24 102
24 105
24 106
24 108
24 113
24 116
24 117
24 118
24 119
24 122
24 126
24 130
24 131
24 133
25 26
25 27
25 28
25 29
25 35
25 36
25 38
25 40
25 43
25 44
25 45
25 50
25 52
25 55
25 61
25 64
25 65
25 68
25 69
25 73
25 75
25 77
25 78
25 79
25 80
25 81
25 82
25 85
25 89
25 92
25 93
25 95
25 99
25 104
25 116
25 118
25 122
25 124
25 126
25 129
25 130
25 133
25 134
26 27
26 28
26 29
26 32
26 33
26 35
26 36
26 38
26 39
26 40
26 47
26 49
26 51
26 53
26 60
26 62
26 66
26 67
26 72
26 73
26 76
26 77
26 87
26 95
26 98
26 99
26 103
26 105
26 107
26 108
26 110
26 113
26 115
26 117
26 119
26 121
26 122
26 129
26 130
26 133
26 134
27 28
27 29
27 32
27 42
27 43
27 45
27 46
27 47
27 49
27 51
27 53
27 57
27 58
27 62
27 65
27 69
27 74
27 75
27 76
27 77
27 78
27 81
27 83
27 84
27 86
27 87
27 91
27 94
27 97
27 106
27 108
27 111
27 112
27 113
27 117
27 127
27 131
27 133
28 29
28 33
28 36
28 40
28 41
28 43
28 58
28 60
28 62
28 67
28 73
28 74
28 77
28 78
28 81
28 82
28 85
28 87
28 89
28 91
28 92
28 101
28 104
28 108
28 116
28 119
28 121
28 126
28 132
28 133
29 33
29 35
29 39
29 47
29 49
29 52
29 53
29 55
29 58
29 59
29 60
29 63
29 65
29 72
29 78
29 79
29 80
29 84
29 89
29 90
29 94
29 98
29 99
29 101
29 102
29 103
29 105
29 106
29 110
29 115
29 128
29 131
29 132
32 33
32 34
32 35
32 36
32 37
32 38
32 39
32 40
32 41
32 42
32 43
32 44
32 30
32 31
32 45
32 50
32 52
32 60
32 70
32 71
32 72
32 80
32 81
32 90
32 92
32 103
32 106
32 117
32 118
32 122
32 123
32 124
32 130
32 134
33 34
33 35
33 36
33 37
33 38
33 39
33 40
33 41
33 42
33 43
33 44
33 30
33 31
33 46
33 49
33 53
33 54
33 59
33 63
33 67
33 69
33 74
33 75
33 82
33 84
33 89
33 91
33 98
33 102
33 108
33 110
33 111
33 116
33 119
33 121
33 122
33 123
33 126
34 35
34 36
34 37
34 38
34 39
34 40
34 41
34 42
34 43
34 44
34 30
34 31
34 45
34 46
34 48
34 58
34 60
34 63
34 64
34 69
34 71
34 73
34 78
34 82
34 85
34 86
34 89
34 91
34 102
34 105
34 106
34 108
34 110
34 133
34 134
35 36
35 37
35 38
35 39
35 40
35 41
35 42
35 43
35 44
35 30
35 31
35 46
35 52
35 53
35 56
35 58
35 60
35 62
35 67
35 68
35 70
35 75
35 86
35 88
35 93
35 102
35 106
35 108
35 112
35 115
35 118
35 121
35 122
35 126
35 131
35 132
35 133
35 134
36 37
36 38
36 39
36 40
36 41
36 42
36 43
36 44
36 30
36 31
36 52
36 62
36 64
36 68
36 69
36 72
36 75
36 81
36 83
36 85
36 89
36 90
36 93
36 96
36 100
36 103
36 107
36 108
36 121
36 122
36 123
36 124
36 130
36 131
36 132
37 38
37 39
37 40
37 41
37 42
37 43
37 44
37 30
37 31
37 48
37 49
37 54
37 58
37 64
37 65
37 66
37 70
37 71
37 75
37 78
37 82
37 84
37 90
37 92
37 94
37 104
37 113
37 114
37 116
37 117
37 121
37 122
37 123
37 126
37 129
37 131
37 132
37 133
38 39
38 40
38 41
38 42
38 43
38 44
38 30
38 31
38 47
38 49
38 50
38 52
38 57
38 64
38 70
38 74
38 75
38 76
38 77
38 81
38 83
38 87
38 93
38 94
38 96
38 97
38 101
38 102
38 103
38 117
38 122
38 127
39 40
39 41
39 42
39 43
39 44
39 30
39 31
39 48
39 55
39 58
39 63
39 64
39 65
39 71
39 77
39 78
39 83
39 85
39 86
39 89
39 95
39 101
39 103
39 104
39 107
39 112
39 118
39 122
39 125
39 128
39 129
39 130
39 131
39 133
40 41
40 42
40 43
40 44
40 30
40 31
40 46
40 47
40 52
40 63
40 68
40 70
40 77
40 79
40 81
40 85
40 91
40 97
40 98
40 99
40 105
40 107
40 108
40 112
40 113
40 118
40 120
40 121
40 122
40 125
40 127
40 128
40 130
40 132
40 133
41 42
41 43
41 44
41 30
41 31
41 46
41 49
41 52
41 58
41 65
41 66
41 67
41 72
41 74
41 78
41 83
41 88
41 89
41 90
41 92
41 95
41 98
41 100
41 101
41 113
41 116
41 117
41 126
41 127
41 129
41 133
42 43
42 44
42 30
42 31
42 45
42 46
42 50
42 52
42 55
42 57
42 58
42 59
42 62
42 63
42 64
42 66
42 68
42 69
42 72
42 77
42 80
42 82
42 84
42 85
42 86
42 91
42 92
42 95
42 101
42 103
42 110
42 113
42 114
42 116
42 117
42 118
42 122
42 127
43 44
43 30
43 31
43 47
43 52
43 59
43 62
43 66
43 67
43 69
43 71
43 76
43 83
43 88
43 89
43 90
43 97
43 98
43 100
43 102
43 103
43 105
43 108
43 111
43 114
43 116
43 120
43 123
43 126
43 129
43 131
43 132
43 134
44 30
44 31
44 46
44 55
44 56
44 58
44 60
44 61
44 64
44 66
44 69
44 76
44 79
44 83
44 85
44 90
44 92
44 94
44 95
44 100
44 106
44 107
44 109
44 110
44 111
44 121
44 125
44 127
44 128
44 129
44 132
30 31
30 45
30 46
30 49
30 53
30 63
30 68
30 69
30 77
30 78
30 79
30 80
30 81
30 96
30 109
30 111
30 113
30 115
30 117
30 119
30 120
30 121
30 125
30 127
30 130
30 132
31 45
31 46
31 47
31 48
31 49
31 52
31 56
31 63
31 69
31 71
31 72
31 75
31 76
31 77
31 78
31 82
31 84
31 85
31 86
31 95
31 96
31 98
31 101
31 102
31 104
31 105
31 116
31 117
31 124
31 126
31 128
31 133
45 46
45 47
45 48
45 49
45 50
45 51
45 52
45 53
45 54
45 55
45 56
45 57
45 58
45 59
45 63
45 68
45 70
45 74
45 83
45 84
45 91
45 95
45 98
45 99
45 101
45 104
45 105
45 112
45 115
45 120
45 121
45 122
45 130
45 133
46 47
46 48
46 49
46 50
46 51
46 52
46 53
46 54
46 55
46 56
46 57
46 58
46 59
46 61
46 65
46 69
46 70
46 74
46 76
46 81
46 83
46 86
46 90
46 94
46 98
46 99
46 103
46 104
46 111
46 115
46 124
46 126
46 129
47 48
47 49
47 50
47 51
47 52
47 53
47 54
47 55
47 56
47 57
47 58
47 59
47 62
47 64
47 65
47 77
47 78
47 82
47 89
47 90
47 92
47 98
47 100
47 103
47 107
47 108
47 109
47 110
47 111
47 112
47 116
47 117
47 119
47 130
47 134
48 49
48 50
48 51
48 52
48 53
48 54
48 55
48 56
48 57
48 58
48 59
48 68
48 72
48 77
48 92
48 93
48 96
48 99
48 100
48 101
48 102
48 106
48 117
48 122
48 124
48 125
48 129
48 131
48 134
49 50
49 51
49 52
49 53
49 54
49 55
49 56
49 57
49 58
49 59
49 62
49 70
49 76
49 77
49 89
49 90
49 95
49 102
49 104
49 106
49 107
49 108
49 116
49 129
49 131
49 132
50 51
50 52
50 53
50 54
50 55
50 56
50 57
50 58
50 59
50 60
50 63
50 69
50 74
50 75
50 76
50 78
50 79
50 80
50 81
50 82
50 86
50 89
50 91
50 94
50 103
50 111
50 115
50 118
50 121
50 123
50 124
50 129
50 130
50 131
50 132
51 52
51 53
51 54
51 55
51 56
51 57
51 58
51 59
51 61
51 62
51 65
51 66
51 68
51 72
51 73
51 76
51 80
51 82
51 83
51 85
51 90
51 94
51 98
51 99
51 101
51 105
51 106
51 107
51 109
51 113
51 117
51 118
51 119
51 125
51 133
51 134
52 53
52 54
52 55
52 56
52 57
52 58
52 59
52 63
52 65
52 67
52 68
52 69
52 72
52 84
52 85
52 91
52 100
52 103
52 108
52 113
52 117
52 122
53 54
53 55
53 56
53 57
53 58
53 59
53 60
53 61
53 67
53 70
53 73
53 76
53 80
53 83
53 87
53 89
53 90
53 94
53 96
53 97
53 101
53 102
53 110
53 112
53 116
53 118
53 123
53 126
53 130
53 133
54 55
54 56
54 57
54 58
54 59
54 60
54 62
54 69
54 73
54 74
54 75
54 76
54 77
54 86
54 87
54 91
54 93
54 99
54 104
54 106
54 110
54 119
54 122
54 124
54 126
54 134
55 56
55 57
55 58
55 59
55 60
55 73
55 78
55 82
55 88
55 91
55 95
55 100
55 106
55 109
55 111
55 116
55 119
55 123
55 124
55 129
55 132
56 57
56 58
56 59
56 64
56 67
56 68
56 76
56 78
56 79
56 81
56 83
56 92
56 107
56 113
56 124
56 133
57 58
57 59
57 60
57 63
57 66
57 67
57 69
57 70
57 71
57 72
57 76
57 77
57 78
57 80
57 86
57 89
57 90
57 96
57 103
57 112
57 117
57 118
57 121
57 127
57 134
58 59
58 68
58 69
58 70
58 71
58 76
58 81
58 92
58 97
58 102
58 103
58 106
58 107
58 108
58 109
58 113
58 117
58 123
58 125
58 128
58 132
58 134
59 64
59 67
59 68
59 71
59 74
59 78
59 79
59 81
59 87
59 104
59 106
59 107
59 111
59 112
59 113
59 117
59 118
59 134
64 65
64 66
64 67
64 68
64 69
64 70
64 71
64 72
64 73
64 74
64 60
64 61
64 62
64 63
64 79
64 80
64 81
64 84
64 88
64 95
64 96
64 99
64 101
64 102
64 107
64 111
64 113
64 123
64 124
64 126
64 127
64 128
64 132
65 66
65 67
65 68
65 69
65 70
65 71
65 72
65 73
65 74
65 60
65 61
65 62
65 63
65 77
65 79
65 82
65 84
65 86
65 91
65 97
65 99
65 100
65 101
65 102
65 105
65 109
65 110
65 112
65 117
65 118
65 121
65 122
65 126
65 129
65 133
66 67
66 68
66 69
66 70
66 71
66 72
66 73
66 74
66 60
66 61
66 62
66 63
66 77
66 80
66 83
66 87
66 88
66 89
66 90
66 95
66 96
66 108
66 112
66 115
66 116
66 119
66 120
66 123
66 125
66 130
66 132
67 68
67 69
67 70
67 71
67 72
67 73
67 74
67 60
67 61
67 62
67 63
67 79
67 80
67 81
67 90
67 91
67 92
67 94
67 95
67 97
67 104
67 106
67 108
67 109
67 110
67 118
67 120
67 121
67 125
67 126
67 128
67 131
67 133
68 69
68 70
68 71
68 72
68 73
68 74
68 60
68 61
68 62
68 63
68 77
68 80
68 81
68 82
68 84
68 90
68 92
68 98
68 102
68 104
68 105
68 106
68 107
68 109
68 110
68 113
68 116
68 118
68 120
68 122
68 128
68 132
68 133
69 70
69 71
69 72
69 73
69 74
69 60
69 61
69 62
69 63
69 75
69 76
69 78
69 79
69 81
69 82
69 83
69 84
69 86
69 87
69 88
69 89
69 95
69 97
69 101
69 103
69 109
69 111
69 115
69 118
69 120
69 124
69 127
69 128
69 131
69 133
70 71
70 72
70 73
70 74
70 60
70 61
70 62
70 63
70 78
70 79
70 81
70 82
70 87
70 91
70 97
70 101
70 102
70 103
70 108
70 109
70 111
70 113
70 114
70 119
70 120
71 72
71 73
71 74
71 60
71 61
71 62
71 63
71 75
71 77
71 80
71 83
71 85
71 88
71 94
71 95
71 98
71 100
71 103
71 104
71 105
71 106
71 107
71 109
71 110
71 114
71 117
71 123
71 126
71 127
71 128
71 130
71 131
72 73
72 74
72 60
72 61
72 62
72 63
72 75
72 79
72 83
72 86
72 89
72 93
72 95
72 96
72 98
72 102
72 104
72 105
72 108
72 110
72 111
72 112
72 123
72 129
72 130
72 132
73 74
73 60
73 61
73 62
73 63
73 75
73 81
73 82
73 85
73 87
73 92
73 93
73 95
73 99
73 100
73 101
73 102
73 103
73 104
73 105
73 106
73 113
73 115
73 120
73 121
73 122
73 123
73 125
73 127
73 134
74 60
74 61
74 62
74 63
74 76
74 81
74 82
74 98
74 100
74 101
74 105
74 106
74 113
74 114
74 120
74 122
74 124
74 127
74 128
74 129
74 132
60 61
60 62
60 63
60 84
60 86
60 96
60 97
60 100
60 103
60 104
60 106
60 107
60 111
60 112
60 114
60 120
60 122
60 123
60 130
60 132
60 134
61 62
61 63
61 78
61 80
61 88
61 93
61 97
61 101
61 103
61 104
61 106
61 112
61 113
61 123
61 127
61 130
61 131
61 132
62 63
62 81
62 82
62 85
62 86
62 91
62 99
62 100
62 101
62 112
62 122
62 129
62 132
62 134
63 77
63 81
63 82
63 84
63 87
63 91
63 95
63 107
63 111
63 112
63 113
63 114
63 115
63 117
63 123
75 76
75 77
75 78
75 79
75 80
75 81
75 82
75 83
75 84
75 85
75 86
75 87
75 88
75 89
75 94
75 101
75 103
75 106
75 107
75 108
75 109
75 110
75 112
75 115
75 119
75 120
75 123
75 128
75 129
75 132
75 134
76 77
76 78
76 79
76 80
76 81
76 82
76 83
76 84
76 85
76 86
76 87
76 88
76 89
76 92
76 94
76 96
76 106
76 127
76 129
76 130
77 78
77 79
77 80
77 81
77 82
77 83
77 84
77 85
77 86
77 87
77 88
77 89
77 93
77 95
77 96
77 99
77 106
77 108
77 109
77 110
77 113
77 114
77 115
77 118
77 120
77 121
77 122
77 124
78 79
78 80
78 81
78 82
78 83
78 84
78 85
78 86
78 87
78 88
78 89
78 90
78 92
78 102
78 112
78 123
78 128
79 80
79 81
79 82
79 83
79 84
79 85
79 86
79 87
79 88
79 89
79 90
79 94
79 98
79 102
79 103
79 105
79 108
79 114
79 123
79 124
79 126
79 127
80 81
80 82
80 83
80 84
80 85
80 86
80 87
80 88
80 89
80 98
80 100
80 105
80 109
80 112
80 114
80 116
80 117
80 119
80 120
80 123
80 127
80 130
80 134
81 82
81 83
81 84
81 85
81 86
81 87
81 88
81 89
81 92
81 96
81 100
81 105
81 107
81 109
81 119
81 121
81 123
81 128
81 133
82 83
82 84
82 85
82 86
82 87
82 88
82 89
82 92
82 95
82 97
82 98
82 100
82 104
82 105
82 106
82 119
82 124
82 126
82 129
82 131
82 133
82 134
83 84
83 85
83 86
83 87
83 88
83 89
83 90
83 91
83 97
83 100
83 102
83 108
83 113
83 116
83 118
83 119
83 123
83 124
84 85
84 86
84 87
84 88
84 89
84 98
84 100
84 105
84 109
84 110
84 116
84 122
84 124
84 125
84 130
84 134
85 86
85 87
85 88
85 89
85 90
85 91
85 94
85 99
85 100
85 114
85 119
85 133
85 134
86 87
86 88
86 89
86 91
86 93
86 96
86 97
86 101
86 112
86 121
86 125
86 128
86 130
86 131
86 132
86 133
86 134
87 88
87 89
87 90
87 94
87 95
87 97
87 98
87 99
87 100
87 102
87 103
87 104
87 108
87 116
87 119
87 120
87 122
87 131
88 89
88 92
88 94
88 95
88 96
88 110
88 111
88 112
88 113
88 116
88 118
88 119
88 122
88 126
88 134
89 93
89 102
89 119
89 128
89 129
89 134
96 97
96 98
96 99
96 100
96 101
96 102
96 103
96 104
96 90
96 91
96 92
96 93
96 94
96 95
96 108
96 111
96 112
96 114
96 117
96 122
96 123
96 125
96 130
96 131
96 132
96 133
97 98
97 99
97 100
97 101
97 102
97 103
97 104
97 90
97 91
97 92
97 93
97 94
97 95
97 106
97 108
97 110
97 114
97 116
97 122
97 125
98 99
98 100
98 101
98 102
98 103
98 104
98 90
98 91
98 92
98 93
98 94
98 95
98 105
98 111
98 113
98 117
98 119
98 122
98 123
98 124
98 127
98 129
98 134
99 100
99 101
99 102
99 103
99 104
99 90
99 91
99 92
99 93
99 94
99 95
99 105
99 107
99 112
99 113
99 117
99 124
99 126
99 128
99 129
100 101
100 102
100 103
100 104
100 90
100 91
100 92
100 93
100 94
100 95
100 106
100 110
100 112
100 113
100 117
100 118
100 119
100 121
100 123
100 124
100 126
100 130
101 102
101 103
101 104
101 90
101 91
101 92
101 93
101 94
101 95
101 114
101 115
101 116
101 117
101 118
101 121
101 122
101 125
101 129
101 133
102 103
102 104
102 90
102 91
102 92
102 93
102 94
102 95
102 105
102 107
102 112
102 114
102 115
102 117
102 119
102 129
102 130
102 133
103 104
103 90
103 91
103 92
103 93
103 94
103 95
103 105
103 106
103 107
103 110
103 113
103 114
103 117
103 118
103 121
103 122
103 123
103 124
103 131
103 132
104 90
104 91
104 92
104 93
104 94
104 95
104 105
104 108
104 119
104 123
104 124
104 125
104 126
104 130
104 131
104 132
90 91
90 92
90 93
90 94
90 95
90 110
90 112
90 113
90 120
90 125
90 126
90 130
90 133
90 134
91 92
91 93
91 94
91 95
91 105
91 107
91 120
91 122
91 128
92 93
92 94
92 95
92 110
92 111
92 113
92 114
92 119
92 120
92 128
92 129
93 94
93 95
93 108
93 114
93 121
93 125
93 134
94 95
94 106
94 111
94 116
94 123
94 124
94 129
94 130
94 131
95 112
95 113
95 114
95 119
95 127
95 131
95 134
105 106
105 107
105 108
105 109
105 110
105 111
105 112
105 113
105 114
105 115
105 116
105 117
105 118
105 119
105 122
105 126
105 129
105 130
105 131
105 132
105 134
106 107
106 108
106 109
106 110
106 111
106 112
106 113
106 114
106 115
106 116
106 117
106 118
106 119
106 120
106 122
106 124
106 127
106 130
106 133
106 134
107 108
107 109
107 110
107 111
107 112
107 113
107 114
107 115
107 116
107 117
107 118
107 119
107 121
107 125
107 128
107 131
107 133
108 109
108 110
108 111
108 112
108 113
108 114
108 115
108 116
108 117
108 118
108 119
108 120
108 124
108 126
108 129
108 130
108 132
109 110
109 111
109 112
109 113
109 114
109 115
109 116
109 117
109 118
109 119
109 120
109 125
109 131
109 133
110 111
110 112
110 113
110 114
110 115
110 116
110 117
110 118
110 119
110 120
110 123
110 126
110 130
110 131
110 133
110 134
111 112
111 113
111 114
111 115
111 116
111 117
111 118
111 119
111 121
111 122
111 125
111 129
112 113
112 114
112 115
112 116
112 117
112 118
112 119
112 120
112 125
112 126
113 114
113 115
113 116
113 117
113 118
113 119
113 122
113 129
114 115
114 116
114 117
114 118
114 119
114 125
114 127
114 128
114 129
114 130
114 131
115 116
115 117
115 118
115 119
115 120
115 121
115 122
115 123
115 124
115 125
115 126
115 130
115 132
115 133
116 117
116 118
116 119
116 121
116 124
116 126
116 127
116 128
116 130
116 131
116 133
116 134
117 118
117 119
117 120
117 122
117 123
117 128
118 119
118 126
118 127
118 128
118 129
118 132
119 121
119 122
119 123
119 125
119 130
119 131
119 134
128 129
128 130
128 131
128 132
128 133
128 134
128 120
128 121
128 122
128 123
128 124
128 125
128 126
128 127
129 130
129 131
129 132
129 133
129 134
129 120
129 121
129 122
129 123
129 124
129 125
129 126
129 127
130 131
130 132
130 133
130 134
130 120
130 121
130 122
130 123
130 124
130 125
130 126
130 127
131 132
131 133
131 134
131 120
131 121
131 122
131 123
131 124
131 125
131 126
131 127
132 133
132 134
132 120
132 121
132 122
132 123
132 124
132 125
132 126
132 127
133 134
133 120
133 121
133 122
133 123
133 124
133 125
133 126
133 127
134 120
134 121
134 122
134 123
134 124
134 125
134 126
134 127
120 121
120 122
120 123
120 124
120 125
120 126
120 127
121 122
121 123
121 124
121 125
121 126
121 127
122 123
122 124
122 125
122 126
122 127
123 124
123 125
123 126
123 127
124 125
124 126
124 127
125 126
125 127
126 127
