# 3148 edges
0 1
0 2
0 3
0 4
0 5
0 6
0 7
0 8
0 9
0 10
0 11
0 12
0 13
0 14
0 15
0 16
0 17
0 18
0 19
0 57
0 67
0 73
0 81
0 88
0 101
0 112
0 128
0 131
0 137
0 151
0 156
0 160
0 177
0 178
1 2
1 3
1 4
1 5
1 6
1 7
1 8
1 9
1 10
1 11
1 12
1 13
1 14
1 15
1 16
1 17
1 18
1 19
1 26
1 29
1 34
1 35
1 41
1 42
1 67
1 78
1 90
1 115
1 122
1 130
1 146
1 162
2 3
2 4
2 5
2 6
2 7
2 8
2 9
2 10
2 11
2 12
2 13
2 14
2 15
2 16
2 17
2 18
2 19
2 62
2 82
2 86
2 89
2 96
2 100
2 109
2 119
2 166
2 167
3 4
3 5
3 6
3 7
3 8
3 9
3 10
3 11
3 12
3 13
3 14
3 15
3 16
3 17
3 18
3 19
3 24
3 28
3 31
3 37
3 41
3 45
3 54
3 59
3 62
3 80
3 84
3 90
3 96
3 105
3 116
3 121
3 135
3 146
3 150
3 157
4 5
4 6
4 7
4 8
4 9
4 10
4 11
4 12
4 13
4 14
4 15
4 16
4 17
4 18
4 19
4 34
4 40
4 67
4 70
4 87
4 90
4 92
4 100
4 121
4 126
4 141
4 159
4 161
4 165
4 178
5 6
5 7
5 8
5 9
5 10
5 11
5 12
5 13
5 14
5 15
5 16
5 17
5 18
5 19
5 24
5 28
5 32
5 37
5 39
5 42
5 44
5 47
5 79
5 108
5 139
5 146
5 166
6 7
6 8
6 9
6 10
6 11
6 12
6 13
6 14
6 15
6 16
6 17
6 18
6 19
6 23
6 46
6 49
6 60
6 68
6 76
6 113
6 121
6 137
6 140
6 141
6 151
6 159
6 161
6 163
6 164
7 8
7 9
7 10
7 11
7 12
7 13
7 14
7 15
7 16
7 17
7 18
7 19
7 37
7 51
7 56
7 64
7 92
7 101
7 124
7 129
7 138
7 156
7 162
7 169
8 9
8 10
8 11
8 12
8 13
8 14
8 15
8 16
8 17
8 18
8 19
8 28
8 32
8 40
8 41
8 57
8 72
8 92
8 97
8 99
8 102
8 104
8 110
8 139
8 172
8 176
9 10
9 11
9 12
9 13
9 14
9 15
9 16
9 17
9 18
9 19
9 39
9 42
9 49
9 68
9 85
9 94
9 99
9 105
9 119
9 125
9 131
9 135
9 143
9 171
10 11
10 12
10 13
10 14
10 15
10 16
10 17
10 18
10 19
10 32
10 39
10 50
10 63
10 71
10 101
10 117
10 119
10 124
10 138
10 157
10 163
10 174
10 178
11 12
11 13
11 14
11 15
11 16
11 17
11 18
11 19
11 22
11 32
11 35
11 37
11 48
11 63
11 83
11 88
11 96
11 98
11 101
11 104
11 106
11 124
11 134
11 137
11 149
11 153
11 157
11 163
11 166
11 167
11 171
12 13
12 14
12 15
12 16
12 17
12 18
12 19
12 30
12 45
12 49
12 54
12 55
12 56
12 58
12 66
12 67
12 76
12 89
12 91
12 118
12 123
12 124
12 131
12 136
12 146
12 148
12 156
12 162
12 165
12 170
13 14
13 15
13 16
13 17
13 18
13 19
13 38
13 72
13 76
13 81
13 83
13 95
13 99
13 108
13 114
13 123
13 124
13 129
13 135
13 144
13 154
14 15
14 16
14 17
14 18
14 19
14 27
14 33
14 63
14 82
14 94
14 96
14 104
14 108
14 117
14 131
14 150
14 152
14 171
14 172
14 177
15 16
15 17
15 18
15 19
15 23
15 31
15 36
15 45
15 52
15 63
15 68
15 113
15 134
15 138
15 142
15 144
15 149
15 169
15 173
15 177
16 17
16 18
16 19
16 21
16 29
16 34
16 55
16 56
16 77
16 80
16 97
16 102
16 123
16 126
16 127
17 18
17 19
17 21
17 24
17 62
17 82
17 90
17 96
17 120
17 121
17 123
17 132
17 146
17 148
17 170
17 175
18 19
18 21
18 39
18 49
18 52
18 59
18 64
18 90
18 94
18 97
18 116
18 132
18 137
18 141
18 152
18 168
18 170
18 178
19 22
19 26
19 35
19 56
19 57
19 61
19 63
19 68
19 72
19 84
19 86
19 93
19 97
19 101
19 107
19 118
19 137
19 141
19 143
19 155
19 158
19 175
20 21
20 22
20 23
20 24
20 25
20 26
20 27
20 28
20 29
20 30
20 31
20 32
20 33
20 34
20 35
20 36
20 37
20 38
20 39
20 49
20 56
20 57
20 60
20 62
20 83
20 96
20 119
20 127
20 143
20 152
20 158
20 169
20 170
20 174
21 22
21 23
21 24
21 25
21 26
21 27
21 28
21 29
21 30
21 31
21 32
21 33
21 34
21 35
21 36
21 37
21 38
21 39
21 41
21 45
21 46
21 79
21 83
21 93
21 150
21 151
21 155
21 165
21 166
21 167
21 168
21 176
22 23
22 24
22 25
22 26
22 27
22 28
22 29
22 30
22 31
22 32
22 33
22 34
22 35
22 36
22 37
22 38
22 39
22 43
22 51
22 52
22 58
22 65
22 82
22 96
22 104
22 106
22 120
22 150
23 24
23 25
23 26
23 27
23 28
23 29
23 30
23 31
23 32
23 33
23 34
23 35
23 36
23 37
23 38
23 39
23 48
23 54
23 64
23 104
23 109
23 111
23 128
23 131
23 136
23 168
23 173
24 25
24 26
24 27
24 28
24 29
24 30
24 31
24 32
24 33
24 34
24 35
24 36
24 37
24 38
24 39
24 48
24 56
24 72
24 80
24 104
24 113
24 118
24 122
24 153
24 168
24 172
24 175
24 178
25 26
25 27
25 28
25 29
25 30
25 31
25 32
25 33
25 34
25 35
25 36
25 37
25 38
25 39
25 42
25 51
25 82
25 95
25 99
25 100
25 103
25 131
25 133
25 134
25 148
25 149
25 164
25 165
25 166
25 170
25 178
26 27
26 28
26 29
26 30
26 31
26 32
26 33
26 34
26 35
26 36
26 37
26 38
26 39
26 52
26 54
26 64
26 82
26 89
26 97
26 126
26 127
26 133
26 137
26 143
26 147
26 151
27 28
27 29
27 30
27 31
27 32
27 33
27 34
27 35
27 36
27 37
27 38
27 39
27 48
27 58
27 77
27 85
27 95
27 104
27 125
27 129
27 131
27 133
27 160
27 167
27 175
28 29
28 30
28 31
28 32
28 33
28 34
28 35
28 36
28 37
28 38
28 39
28 41
28 48
28 68
28 72
28 82
28 118
28 128
28 129
28 166
28 167
28 169
28 173
28 176
29 30
29 31
29 32
29 33
29 34
29 35
29 36
29 37
29 38
29 39
29 42
29 49
29 54
29 56
29 58
29 62
29 67
29 70
29 75
29 85
29 91
29 104
29 108
29 117
29 127
29 146
29 147
29 149
29 156
29 163
29 170
29 177
30 31
30 32
30 33
30 34
30 35
30 36
30 37
30 38
30 39
30 56
30 63
30 69
30 71
30 72
30 74
30 76
30 90
30 99
30 137
30 140
30 141
30 179
31 32
31 33
31 34
31 35
31 36
31 37
31 38
31 39
31 56
31 60
31 66
31 70
31 80
31 85
31 105
31 114
31 116
31 121
31 138
31 169
31 177
32 33
32 34
32 35
32 36
32 37
32 38
32 39
32 53
32 65
32 83
32 85
32 86
32 91
32 122
32 149
32 150
32 151
32 152
32 156
32 167
32 172
32 174
32 179
33 34
33 35
33 36
33 37
33 38
33 39
33 75
33 117
33 134
33 140
33 141
33 146
33 171
34 35
34 36
34 37
34 38
34 39
34 41
34 50
34 51
34 57
34 60
34 71
34 75
34 77
34 80
34 96
34 102
34 104
34 112
34 128
34 135
34 138
34 142
34 178
35 36
35 37
35 38
35 39
35 52
35 72
35 75
35 78
35 85
35 88
35 94
35 95
35 102
35 128
35 140
35 149
35 154
35 155
35 156
35 171
35 173
35 179
36 37
36 38
36 39
36 44
36 46
36 62
36 88
36 106
36 115
36 124
36 144
36 157
36 169
36 171
36 173
37 38
37 39
37 57
37 74
37 95
37 97
37 101
37 111
37 115
37 142
37 143
37 159
37 176
38 39
38 62
38 69
38 102
38 109
38 113
38 139
38 142
38 147
38 148
39 51
39 52
39 58
39 59
39 62
39 75
39 77
39 78
39 87
39 103
39 108
39 112
39 119
39 138
39 146
39 176
40 41
40 42
40 43
40 44
40 45
40 46
40 47
40 48
40 49
40 50
40 51
40 52
40 53
40 54
40 55
40 56
40 57
40 58
40 59
40 89
40 96
40 97
40 122
40 126
40 128
40 156
40 159
41 42
41 43
41 44
41 45
41 46
41 47
41 48
41 49
41 50
41 51
41 52
41 53
41 54
41 55
41 56
41 57
41 58
41 59
41 62
41 66
41 68
41 83
41 87
41 92
41 99
41 106
41 115
41 124
41 125
41 127
41 133
41 136
41 144
41 148
41 152
41 158
42 43
42 44
42 45
42 46
42 47
42 48
42 49
42 50
42 51
42 52
42 53
42 54
42 55
42 56
42 57
42 58
42 59
42 63
42 67
42 70
42 85
42 87
42 96
42 105
42 106
42 107
42 109
42 110
42 123
42 125
42 136
42 140
42 159
42 167
43 44
43 45
43 46
43 47
43 48
43 49
43 50
43 51
43 52
43 53
43 54
43 55
43 56
43 57
43 58
43 59
43 65
43 68
43 75
43 77
43 83
43 87
43 93
43 94
43 96
43 103
43 124
43 133
43 135
43 146
43 162
43 176
44 45
44 46
44 47
44 48
44 49
44 50
44 51
44 52
44 53
44 54
44 55
44 56
44 57
44 58
44 59
44 66
44 69
44 74
44 98
44 110
44 115
44 118
44 119
44 121
44 138
44 145
44 164
44 171
44 177
45 46
45 47
45 48
45 49
45 50
45 51
45 52
45 53
45 54
45 55
45 56
45 57
45 58
45 59
45 100
45 102
45 107
45 110
45 114
45 118
45 136
45 140
45 151
45 176
46 47
46 48
46 49
46 50
46 51
46 52
46 53
46 54
46 55
46 56
46 57
46 58
46 59
46 61
46 75
46 79
46 94
46 103
46 106
46 109
46 129
46 139
46 175
47 48
47 49
47 50
47 51
47 52
47 53
47 54
47 55
47 56
47 57
47 58
47 59
47 63
47 66
47 80
47 84
47 85
47 91
47 158
47 162
47 163
48 49
48 50
48 51
48 52
48 53
48 54
48 55
48 56
48 57
48 58
48 59
48 63
48 64
48 83
48 85
48 94
48 101
48 119
48 122
48 130
48 149
48 163
48 173
49 50
49 51
49 52
49 53
49 54
49 55
49 56
49 57
49 58
49 59
49 90
49 167
49 179
50 51
50 52
50 53
50 54
50 55
50 56
50 57
50 58
50 59
50 60
50 127
50 143
50 145
50 147
50 154
50 155
50 157
50 162
50 163
50 168
51 52
51 53
51 54
51 55
51 56
51 57
51 58
51 59
51 60
51 77
51 79
51 81
51 104
51 119
51 132
51 170
52 53
52 54
52 55
52 56
52 57
52 58
52 59
52 70
52 77
52 98
52 119
52 128
52 129
52 138
52 176
53 54
53 55
53 56
53 57
53 58
53 59
53 64
53 70
53 108
53 123
53 136
53 140
53 152
53 165
53 173
53 177
53 179
54 55
54 56
54 57
54 58
54 59
54 63
54 82
54 98
54 113
54 117
54 123
54 126
54 145
54 148
54 155
54 159
54 165
54 167
54 172
54 174
54 175
55 56
55 57
55 58
55 59
55 73
55 77
55 83
55 84
55 87
55 88
55 93
55 102
55 105
55 123
55 124
55 130
55 131
55 132
55 149
55 157
55 160
55 178
56 57
56 58
56 59
56 80
56 88
56 90
56 110
56 114
56 125
56 126
56 137
56 157
56 168
56 169
56 170
56 171
56 175
57 58
57 59
57 61
57 71
57 102
57 116
57 121
57 127
57 132
57 137
57 152
57 158
57 162
57 165
57 172
57 173
57 178
58 59
58 61
58 62
58 86
58 90
58 101
58 104
58 124
58 144
58 146
58 178
59 70
59 71
59 88
59 103
59 117
59 118
59 123
59 131
59 164
59 170
60 61
60 62
60 63
60 64
60 65
60 66
60 67
60 68
60 69
60 70
60 71
60 72
60 73
60 74
60 75
60 76
60 77
60 78
60 79
60 85
60 91
60 94
60 107
60 123
60 147
60 153
60 159
60 175
60 178
61 62
61 63
61 64
61 65
61 66
61 67
61 68
61 69
61 70
61 71
61 72
61 73
61 74
61 75
61 76
61 77
61 78
61 79
61 80
61 81
61 83
61 90
61 93
61 95
61 97
61 104
61 115
61 125
61 129
61 134
61 138
61 155
61 159
61 165
61 169
61 171
61 173
61 176
62 63
62 64
62 65
62 66
62 67
62 68
62 69
62 70
62 71
62 72
62 73
62 74
62 75
62 76
62 77
62 78
62 79
62 80
62 91
62 98
62 102
62 107
62 115
62 117
62 130
62 150
62 154
62 177
62 178
63 64
63 65
63 66
63 67
63 68
63 69
63 70
63 71
63 72
63 73
63 74
63 75
63 76
63 77
63 78
63 79
63 80
63 81
63 88
63 98
63 107
63 108
63 114
63 123
63 128
63 134
63 147
63 154
63 157
63 177
64 65
64 66
64 67
64 68
64 69
64 70
64 71
64 72
64 73
64 74
64 75
64 76
64 77
64 78
64 79
64 87
64 89
64 101
64 119
64 141
64 154
64 164
64 168
64 176
64 179
65 66
65 67
65 68
65 69
65 70
65 71
65 72
65 73
65 74
65 75
65 76
65 77
65 78
65 79
65 82
65 99
65 103
65 108
65 116
65 128
65 142
65 148
65 149
65 160
65 168
65 175
65 177
66 67
66 68
66 69
66 70
66 71
66 72
66 73
66 74
66 75
66 76
66 77
66 78
66 79
66 115
66 127
66 140
66 158
66 161
66 174
67 68
67 69
67 70
67 71
67 72
67 73
67 74
67 75
67 76
67 77
67 78
67 79
67 82
67 100
67 101
67 103
67 110
67 115
67 118
67 124
67 125
67 130
67 139
67 145
67 146
67 163
67 172
67 173
68 69
68 70
68 71
68 72
68 73
68 74
68 75
68 76
68 77
68 78
68 79
68 96
68 101
68 107
68 139
68 142
68 145
68 170
69 70
69 71
69 72
69 73
69 74
69 75
69 76
69 77
69 78
69 79
69 83
69 96
69 103
69 116
69 124
69 125
69 151
69 159
69 164
69 165
70 71
70 72
70 73
70 74
70 75
70 76
70 77
70 78
70 79
70 90
70 95
70 100
70 114
70 123
70 134
70 136
70 161
70 169
71 72
71 73
71 74
71 75
71 76
71 77
71 78
71 79
71 84
71 103
71 104
71 120
71 125
71 135
71 141
71 143
71 155
71 165
71 170
72 73
72 74
72 75
72 76
72 77
72 78
72 79
72 80
72 87
72 105
72 108
72 109
72 112
72 118
72 130
72 134
72 143
72 148
72 151
72 164
72 172
73 74
73 75
73 76
73 77
73 78
73 79
73 88
73 95
73 102
73 107
73 109
73 117
73 122
73 134
73 135
73 140
73 157
73 177
74 75
74 76
74 77
74 78
74 79
74 83
74 85
74 88
74 91
74 97
74 103
74 104
74 106
74 128
74 133
74 138
74 153
74 154
74 165
75 76
75 77
75 78
75 79
75 97
75 109
75 133
75 141
75 150
75 156
76 77
76 78
76 79
76 85
76 98
76 103
76 137
76 139
76 149
76 152
76 153
76 161
76 168
76 172
76 178
77 78
77 79
77 80
77 89
77 101
77 108
77 136
77 142
77 151
77 170
77 173
78 79
78 88
78 109
78 117
78 130
78 148
78 164
78 168
79 80
79 90
79 95
79 101
79 104
79 113
79 123
79 131
79 137
79 139
79 141
79 144
79 147
80 81
80 82
80 83
80 84
80 85
80 86
80 87
80 88
80 89
80 90
80 91
80 92
80 93
80 94
80 95
80 96
80 97
80 98
80 99
80 108
80 111
80 114
80 120
80 145
80 155
80 170
81 82
81 83
81 84
81 85
81 86
81 87
81 88
81 89
81 90
81 91
81 92
81 93
81 94
81 95
81 96
81 97
81 98
81 99
81 100
81 127
81 129
81 147
81 157
81 158
81 164
81 166
81 169
81 176
82 83
82 84
82 85
82 86
82 87
82 88
82 89
82 90
82 91
82 92
82 93
82 94
82 95
82 96
82 97
82 98
82 99
82 129
82 133
82 169
82 176
82 178
82 179
83 84
83 85
83 86
83 87
83 88
83 89
83 90
83 91
83 92
83 93
83 94
83 95
83 96
83 97
83 98
83 99
83 109
83 119
83 152
83 172
84 85
84 86
84 87
84 88
84 89
84 90
84 91
84 92
84 93
84 94
84 95
84 96
84 97
84 98
84 99
84 106
84 111
84 112
84 149
84 155
84 179
85 86
85 87
85 88
85 89
85 90
85 91
85 92
85 93
85 94
85 95
85 96
85 97
85 98
85 99
85 108
85 117
85 131
85 135
85 136
85 138
85 141
85 154
85 155
85 161
85 168
85 174
85 176
86 87
86 88
86 89
86 90
86 91
86 92
86 93
86 94
86 95
86 96
86 97
86 98
86 99
86 103
86 107
86 113
86 117
86 118
86 123
86 126
86 135
86 139
86 140
86 142
86 153
86 165
86 176
87 88
87 89
87 90
87 91
87 92
87 93
87 94
87 95
87 96
87 97
87 98
87 99
87 125
87 131
87 134
87 139
87 148
87 158
88 89
88 90
88 91
88 92
88 93
88 94
88 95
88 96
88 97
88 98
88 99
88 105
88 115
88 122
88 124
88 140
88 153
88 159
88 179
89 90
89 91
89 92
89 93
89 94
89 95
89 96
89 97
89 98
89 99
89 116
89 123
89 124
89 129
89 139
89 142
89 152
90 91
90 92
90 93
90 94
90 95
90 96
90 97
90 98
90 99
90 116
90 121
90 132
90 151
90 152
90 164
91 92
91 93
91 94
91 95
91 96
91 97
91 98
91 99
91 108
91 123
91 130
91 136
91 143
91 155
91 157
91 172
92 93
92 94
92 95
92 96
92 97
92 98
92 99
92 104
92 126
92 129
92 133
92 176
93 94
93 95
93 96
93 97
93 98
93 99
93 110
93 128
93 132
93 136
93 149
93 172
94 95
94 96
94 97
94 98
94 99
94 115
94 121
94 132
94 138
94 144
94 158
94 163
94 170
94 176
95 96
95 97
95 98
95 99
95 133
95 154
95 159
95 161
95 166
95 172
96 97
96 98
96 99
96 114
96 125
96 128
96 130
96 132
96 139
96 162
96 172
96 177
97 98
97 99
97 104
97 121
97 140
97 143
97 149
97 156
97 157
98 99
98 102
98 104
98 109
98 130
98 134
98 139
99 108
99 115
99 119
99 122
99 123
99 134
99 144
99 154
99 158
99 166
100 101
100 102
100 103
100 104
100 105
100 106
100 107
100 108
100 109
100 110
100 111
100 112
100 113
100 114
100 115
100 116
100 117
100 118
100 119
100 131
100 134
100 146
100 161
100 162
101 102
101 103
101 104
101 105
101 106
101 107
101 108
101 109
101 110
101 111
101 112
101 113
101 114
101 115
101 116
101 117
101 118
101 119
101 120
101 121
101 134
101 148
101 152
101 157
101 170
101 172
101 179
102 103
102 104
102 105
102 106
102 107
102 108
102 109
102 110
102 111
102 112
102 113
102 114
102 115
102 116
102 117
102 118
102 119
102 123
102 134
102 158
102 159
102 165
102 168
102 178
103 104
103 105
103 106
103 107
103 108
103 109
103 110
103 111
103 112
103 113
103 114
103 115
103 116
103 117
103 118
103 119
103 123
103 127
103 132
103 137
103 140
103 144
103 159
103 163
103 175
103 179
104 105
104 106
104 107
104 108
104 109
104 110
104 111
104 112
104 113
104 114
104 115
104 116
104 117
104 118
104 119
104 141
104 150
104 158
104 159
104 163
105 106
105 107
105 108
105 109
105 110
105 111
105 112
105 113
105 114
105 115
105 116
105 117
105 118
105 119
105 129
105 139
105 145
105 153
105 155
105 165
106 107
106 108
106 109
106 110
106 111
106 112
106 113
106 114
106 115
106 116
106 117
106 118
106 119
106 131
106 132
106 176
106 177
107 108
107 109
107 110
107 111
107 112
107 113
107 114
107 115
107 116
107 117
107 118
107 119
107 121
107 130
107 140
107 147
107 152
107 165
107 173
108 109
108 110
108 111
108 112
108 113
108 114
108 115
108 116
108 117
108 118
108 119
108 126
108 131
108 133
108 157
108 169
109 110
109 111
109 112
109 113
109 114
109 115
109 116
109 117
109 118
109 119
109 138
109 140
109 142
109 146
109 172
110 111
110 112
110 113
110 114
110 115
110 116
110 117
110 118
110 119
110 134
110 144
110 150
110 160
110 163
111 112
111 113
111 114
111 115
111 116
111 117
111 118
111 119
111 124
111 127
111 132
111 137
111 154
111 155
112 113
112 114
112 115
112 116
112 117
112 118
112 119
112 120
112 144
112 158
112 162
112 171
112 177
113 114
113 115
113 116
113 117
113 118
113 119
113 121
113 122
113 152
113 158
113 164
114 115
114 116
114 117
114 118
114 119
114 128
114 132
114 133
114 139
114 143
115 116
115 117
115 118
115 119
115 141
115 144
115 154
115 156
115 157
115 164
115 169
115 170
116 117
116 118
116 119
116 135
116 138
116 139
116 171
116 173
117 118
117 119
117 131
117 138
117 139
117 159
117 161
118 119
118 131
118 133
118 166
118 174
119 126
119 137
119 162
119 164
119 171
119 175
119 176
128 129
128 130
128 131
128 132
128 133
128 134
128 135
128 136
128 137
128 138
128 139
128 120
128 121
128 122
128 123
128 124
128 125
128 126
128 127
128 153
128 164
128 172
129 130
129 131
129 132
129 133
129 134
129 135
129 136
129 137
129 138
129 139
129 120
129 121
129 122
129 123
129 124
129 125
129 126
129 127
129 140
129 173
130 131
130 132
130 133
130 134
130 135
130 136
130 137
130 138
130 139
130 120
130 121
130 122
130 123
130 124
130 125
130 126
130 127
130 149
130 151
130 153
130 155
130 158
130 161
131 132
131 133
131 134
131 135
131 136
131 137
131 138
131 139
131 120
131 121
131 122
131 123
131 124
131 125
131 126
131 127
131 175
132 133
132 134
132 135
132 136
132 137
132 138
132 139
132 120
132 121
132 122
132 123
132 124
132 125
132 126
132 127
132 140
132 158
132 174
133 134
133 135
133 136
133 137
133 138
133 139
133 120
133 121
133 122
133 123
133 124
133 125
133 126
133 127
133 149
133 171
133 172
133 175
134 135
134 136
134 137
134 138
134 139
134 120
134 121
134 122
134 123
134 124
134 125
134 126
134 127
134 145
134 163
134 174
135 136
135 137
135 138
135 139
135 120
135 121
135 122
135 123
135 124
135 125
135 126
135 127
135 142
135 149
135 150
135 152
135 157
135 179
136 137
136 138
136 139
136 120
136 121
136 122
136 123
136 124
136 125
136 126
136 127
136 144
136 149
136 163
137 138
137 139
137 120
137 121
137 122
137 123
137 124
137 125
137 126
137 127
137 144
137 155
137 162
137 163
137 179
138 139
138 120
138 121
138 122
138 123
138 124
138 125
138 126
138 127
138 148
138 149
138 158
138 159
138 167
138 173
139 120
139 121
139 122
139 123
139 124
139 125
139 126
139 127
139 150
139 178
139 179
120 121
120 122
120 123
120 124
120 125
120 126
120 127
120 170
120 178
121 122
121 123
121 124
121 125
121 126
121 127
121 145
121 168
122 123
122 124
122 125
122 126
122 127
122 142
122 153
122 154
122 169
122 172
122 173
123 124
123 125
123 126
123 127
123 147
124 125
124 126
124 127
124 142
124 144
124 145
124 149
124 150
124 165
124 174
125 126
125 127
125 151
125 153
125 161
125 167
126 127
126 158
127 140
127 145
127 155
127 179
140 141
140 142
140 143
140 144
140 145
140 146
140 147
140 148
140 149
140 150
140 151
140 152
140 153
140 154
140 155
140 156
140 157
140 158
140 159
141 142
141 143
141 144
141 145
141 146
141 147
141 148
141 149
141 150
141 151
141 152
141 153
141 154
141 155
141 156
141 157
141 158
141 159
141 174
142 143
142 144
142 145
142 146
142 147
142 148
142 149
142 150
142 151
142 152
142 153
142 154
142 155
142 156
142 157
142 158
142 159
142 170
142 175
143 144
143 145
143 146
143 147
143 148
143 149
143 150
143 151
143 152
143 153
143 154
143 155
143 156
143 157
143 158
143 159
143 162
144 145
144 146
144 147
144 148
144 149
144 150
144 151
144 152
144 153
144 154
144 155
144 156
144 157
144 158
144 159
144 171
145 146
145 147
145 148
145 149
145 150
145 151
145 152
145 153
145 154
145 155
145 156
145 157
145 158
145 159
145 162
146 147
146 148
146 149
146 150
146 151
146 152
146 153
146 154
146 155
146 156
146 157
146 158
146 159
146 167
147 148
147 149
147 150
147 151
147 152
147 153
147 154
147 155
147 156
147 157
147 158
147 159
147 167
147 169
147 173
148 149
148 150
148 151
148 152
148 153
148 154
148 155
148 156
148 157
148 158
148 159
148 162
148 176
149 150
149 151
149 152
149 153
149 154
149 155
149 156
149 157
149 158
149 159
149 160
149 164
150 151
150 152
150 153
150 154
150 155
150 156
150 157
150 158
150 159
150 162
150 164
150 168
150 175
150 179
151 152
151 153
151 154
151 155
151 156
151 157
151 158
151 159
151 163
151 165
151 167
151 175
152 153
152 154
152 155
152 156
152 157
152 158
152 159
152 178
153 154
153 155
153 156
153 157
153 158
153 159
153 165
153 169
153 174
154 155
154 156
154 157
154 158
154 159
154 173
155 156
155 157
155 158
155 159
155 172
155 173
156 157
156 158
156 159
156 169
157 158
157 159
157 160
157 164
157 178
158 159
159 161
159 165
159 167
159 173
159 174
159 175
159 177
160 161
160 162
160 163
160 164
160 165
160 166
160 167
160 168
160 169
160 170
160 171
160 172
160 173
160 174
160 175
160 176
160 177
160 178
160 179
161 162
161 163
161 164
161 165
161 166
161 167
161 168
161 169
161 170
161 171
161 172
161 173
161 174
161 175
161 176
161 177
161 178
161 179
162 163
162 164
162 165
162 166
162 167
162 168
162 169
162 170
162 171
162 172
162 173
162 174
162 175
162 176
162 177
162 178
162 179
163 164
163 165
163 166
163 167
163 168
163 169
163 170
163 171
163 172
163 173
163 174
163 175
163 176
163 177
163 178
163 179
164 165
164 166
164 167
164 168
164 169
164 170
164 171
164 172
164 173
164 174
164 175
164 176
164 177
164 178
164 179
165 166
165 167
165 168
165 169
165 170
165 171
165 172
165 173
165 174
165 175
165 176
165 177
165 178
165 179
166 167
166 168
166 169
166 170
166 171
166 172
166 173
166 174
166 175
166 176
166 177
166 178
166 179
167 168
167 169
167 170
167 171
167 172
167 173
167 174
167 175
167 176
167 177
167 178
167 179
168 169
168 170
168 171
168 172
168 173
168 174
168 175
168 176
168 177
168 178
168 179
169 170
169 171
169 172
169 173
169 174
169 175
169 176
169 177
169 178
169 179
170 171
170 172
170 173
170 174
170 175
170 176
170 177
170 178
170 179
171 172
171 173
171 174
171 175
171 176
171 177
171 178
171 179
172 173
172 174
172 175
172 176
172 177
172 178
172 179
173 174
173 175
173 176
173 177
173 178
173 179
174 175
174 176
174 177
174 178
174 179
175 176
175 177
175 178
175 179
176 177
176 178
176 179
177 178
177 179
178 179
