3195
0 2
0 8
0 9
0 13
0 15
0 17
0 18
0 22
0 23
0 26
0 30
0 31
0 33
0 49
0 50
0 52
0 56
0 57
0 59
0 62
0 64
0 65
0 73
0 80
0 81
0 87
0 89
0 95
0 97
0 103
0 107
0 109
0 3
0 4
0 10
0 25
0 32
0 34
0 35
0 36
0 40
0 41
0 44
0 46
0 47
0 51
0 68
0 70
0 75
0 77
0 78
0 79
0 82
0 99
0 100
0 101
0 104
0 105
1 2
1 5
1 12
1 14
1 15
1 18
1 20
1 21
1 30
1 31
1 32
1 34
1 35
1 36
1 40
1 43
1 45
1 47
1 48
1 49
1 52
1 55
1 58
1 59
1 65
1 69
1 79
1 80
1 81
1 83
1 85
1 86
1 87
1 89
1 91
1 92
1 93
1 94
1 95
1 100
1 102
1 103
1 104
1 105
1 33
1 37
1 38
1 44
1 51
1 62
1 63
1 64
1 73
1 74
1 75
1 77
1 96
1 97
1 98
1 99
1 101
2 7
2 13
2 16
2 17
2 18
2 20
2 24
2 29
2 31
2 34
2 38
2 40
2 43
2 47
2 48
2 56
2 59
2 64
2 66
2 69
2 75
2 76
2 78
2 81
2 87
2 97
2 98
2 105
2 107
2 3
2 9
2 12
2 21
2 23
2 28
2 33
2 37
2 44
2 50
2 60
2 63
2 79
2 80
2 88
2 89
2 91
2 99
2 101
2 103
2 106
3 12
3 22
3 25
3 26
3 29
3 36
3 39
3 40
3 43
3 50
3 52
3 55
3 57
3 58
3 59
3 60
3 67
3 71
3 73
3 78
3 86
3 89
3 90
3 91
3 98
3 100
3 103
3 108
3 11
3 33
3 38
3 46
3 47
3 51
3 53
3 54
3 65
3 68
3 69
3 72
3 77
3 80
3 81
3 88
3 92
3 97
3 99
3 101
3 106
3 109
4 7
4 8
4 11
4 12
4 14
4 16
4 17
4 21
4 27
4 32
4 41
4 44
4 45
4 50
4 53
4 56
4 58
4 61
4 63
4 64
4 71
4 72
4 73
4 77
4 80
4 83
4 86
4 90
4 97
4 101
4 104
4 106
4 109
4 6
4 9
4 26
4 28
4 31
4 49
4 66
4 67
4 70
4 75
4 79
4 85
4 87
4 91
4 93
4 96
4 102
5 6
5 11
5 12
5 16
5 18
5 20
5 21
5 22
5 25
5 26
5 27
5 32
5 38
5 39
5 42
5 44
5 48
5 49
5 50
5 51
5 52
5 53
5 58
5 62
5 70
5 74
5 75
5 76
5 79
5 83
5 87
5 91
5 93
5 98
5 99
5 100
5 8
5 13
5 17
5 28
5 30
5 37
5 45
5 46
5 55
5 66
5 80
5 82
5 92
6 9
6 12
6 13
6 14
6 15
6 17
6 23
6 25
6 26
6 32
6 33
6 34
6 37
6 38
6 43
6 46
6 50
6 53
6 55
6 56
6 59
6 61
6 64
6 65
6 66
6 68
6 76
6 77
6 82
6 83
6 84
6 85
6 90
6 104
6 18
6 21
6 27
6 29
6 35
6 36
6 44
6 51
6 52
6 58
6 67
6 70
6 74
6 79
6 87
6 91
6 94
6 95
6 98
6 102
6 108
7 8
7 9
7 13
7 16
7 28
7 30
7 33
7 39
7 50
7 51
7 52
7 53
7 55
7 56
7 61
7 69
7 74
7 75
7 81
7 83
7 85
7 89
7 94
7 96
7 101
7 102
7 107
7 21
7 23
7 24
7 26
7 36
7 43
7 46
7 57
7 59
7 62
7 65
7 66
7 67
7 70
7 72
7 76
7 78
7 79
7 80
7 84
7 93
7 98
7 104
7 105
7 108
8 10
8 18
8 27
8 32
8 33
8 37
8 39
8 40
8 41
8 43
8 46
8 48
8 54
8 55
8 56
8 58
8 59
8 69
8 72
8 74
8 75
8 79
8 87
8 88
8 93
8 99
8 106
8 109
8 9
8 11
8 13
8 14
8 15
8 20
8 25
8 28
8 30
8 35
8 42
8 44
8 45
8 49
8 50
8 51
8 65
8 77
8 78
8 81
8 84
8 90
8 91
8 96
8 97
8 100
8 101
8 102
8 103
8 107
8 108
9 12
9 13
9 17
9 21
9 25
9 27
9 34
9 37
9 38
9 47
9 48
9 49
9 56
9 66
9 68
9 69
9 90
9 93
9 99
9 101
9 104
9 106
9 107
9 18
9 22
9 23
9 24
9 28
9 30
9 33
9 36
9 41
9 43
9 44
9 45
9 50
9 51
9 53
9 63
9 70
9 72
9 75
9 77
9 80
9 81
9 82
9 84
9 85
9 87
9 98
9 108
10 16
10 21
10 26
10 36
10 38
10 41
10 43
10 47
10 48
10 52
10 53
10 56
10 57
10 61
10 65
10 66
10 69
10 73
10 77
10 87
10 88
10 89
10 91
10 95
10 99
10 100
10 101
10 108
10 109
10 13
10 17
10 19
10 23
10 32
10 35
10 37
10 39
10 40
10 42
10 44
10 46
10 50
10 51
10 78
10 80
10 84
10 93
10 106
11 12
11 15
11 24
11 26
11 29
11 33
11 34
11 36
11 39
11 46
11 47
11 53
11 54
11 60
11 64
11 69
11 73
11 78
11 92
11 93
11 95
11 96
11 98
11 100
11 101
11 105
11 107
11 109
11 18
11 19
11 20
11 21
11 27
11 37
11 40
11 62
11 63
11 65
11 67
11 68
11 70
11 71
11 74
11 76
11 79
11 81
11 83
11 84
11 86
11 89
11 97
12 13
12 14
12 16
12 17
12 22
12 23
12 24
12 27
12 28
12 35
12 38
12 39
12 40
12 41
12 42
12 44
12 46
12 52
12 69
12 72
12 73
12 81
12 89
12 91
12 93
12 104
12 108
12 109
12 26
12 29
12 34
12 45
12 47
12 55
12 59
12 61
12 63
12 65
12 68
12 71
12 82
12 84
12 85
12 86
12 87
12 88
12 96
12 101
12 107
13 16
13 18
13 20
13 26
13 31
13 37
13 42
13 50
13 51
13 52
13 53
13 55
13 56
13 57
13 58
13 60
13 64
13 66
13 68
13 71
13 74
13 76
13 77
13 82
13 85
13 86
13 90
13 93
13 96
13 98
13 99
13 100
13 104
13 107
13 27
13 28
13 29
13 30
13 33
13 38
13 45
13 48
13 59
13 65
13 69
13 72
13 75
13 78
13 79
13 80
13 87
13 92
13 95
13 97
13 103
13 105
14 17
14 20
14 24
14 25
14 30
14 33
14 34
14 38
14 40
14 41
14 45
14 47
14 48
14 49
14 50
14 55
14 56
14 57
14 61
14 64
14 65
14 66
14 72
14 73
14 74
14 78
14 84
14 85
14 92
14 96
14 98
14 101
14 105
14 16
14 19
14 21
14 27
14 31
14 35
14 46
14 63
14 69
14 70
14 76
14 79
14 81
14 91
14 95
14 106
14 109
15 21
15 22
15 26
15 27
15 30
15 31
15 43
15 49
15 50
15 52
15 53
15 58
15 66
15 68
15 70
15 71
15 74
15 78
15 79
15 82
15 93
15 96
15 98
15 101
15 104
15 29
15 32
15 35
15 39
15 40
15 45
15 46
15 54
15 60
15 63
15 65
15 72
15 76
15 83
15 84
15 86
15 89
15 90
15 92
15 107
16 17
16 18
16 21
16 24
16 25
16 28
16 32
16 35
16 36
16 37
16 40
16 41
16 47
16 51
16 52
16 54
16 59
16 62
16 65
16 72
16 73
16 74
16 75
16 76
16 85
16 88
16 89
16 90
16 91
16 93
16 94
16 99
16 102
16 104
16 108
16 29
16 31
16 53
16 56
16 58
16 60
16 61
16 64
16 67
16 80
16 84
16 95
16 97
16 106
16 107
16 109
17 27
17 28
17 31
17 33
17 36
17 37
17 38
17 40
17 42
17 44
17 45
17 52
17 53
17 55
17 60
17 61
17 62
17 66
17 67
17 68
17 69
17 74
17 76
17 77
17 85
17 88
17 96
17 97
17 99
17 106
17 107
17 18
17 19
17 23
17 29
17 32
17 39
17 41
17 48
17 50
17 58
17 64
17 82
17 84
17 93
17 95
17 98
17 100
18 23
18 28
18 32
18 33
18 36
18 37
18 38
18 40
18 46
18 48
18 52
18 56
18 60
18 62
18 72
18 74
18 76
18 77
18 78
18 79
18 87
18 89
18 90
18 91
18 92
18 93
18 97
18 98
18 103
18 105
18 106
18 19
18 20
18 25
18 27
18 30
18 35
18 41
18 42
18 44
18 47
18 55
18 59
18 65
18 66
18 81
18 84
18 94
18 102
18 108
19 23
19 24
19 25
19 27
19 28
19 29
19 30
19 33
19 35
19 36
19 38
19 43
19 45
19 47
19 51
19 54
19 56
19 57
19 58
19 61
19 63
19 65
19 70
19 75
19 81
19 83
19 88
19 92
19 93
19 96
19 100
19 101
19 102
19 105
19 21
19 26
19 31
19 39
19 40
19 50
19 52
19 55
19 62
19 64
19 73
19 76
19 78
19 98
19 104
20 21
20 23
20 24
20 25
20 26
20 29
20 31
20 37
20 39
20 43
20 47
20 48
20 51
20 53
20 54
20 58
20 59
20 64
20 72
20 73
20 76
20 78
20 80
20 81
20 82
20 88
20 89
20 91
20 92
20 93
20 98
20 99
20 100
20 106
20 30
20 36
20 38
20 50
20 57
20 60
20 62
20 66
20 68
20 74
20 77
20 96
20 107
21 25
21 26
21 35
21 37
21 40
21 41
21 48
21 51
21 52
21 62
21 63
21 66
21 68
21 70
21 73
21 84
21 93
21 98
21 99
21 102
21 103
21 106
21 24
21 27
21 32
21 34
21 36
21 38
21 39
21 43
21 46
21 58
21 60
21 61
21 67
21 81
21 83
21 86
21 91
21 92
21 100
21 104
21 107
22 27
22 30
22 33
22 35
22 43
22 45
22 47
22 51
22 53
22 56
22 59
22 61
22 62
22 69
22 71
22 74
22 75
22 77
22 81
22 87
22 90
22 91
22 92
22 94
22 99
22 100
22 106
22 109
22 29
22 38
22 40
22 42
22 44
22 46
22 48
22 52
22 57
22 64
22 65
22 70
22 72
22 83
22 84
22 86
22 95
22 97
22 101
22 104
22 105
22 108
23 24
23 29
23 36
23 37
23 44
23 48
23 49
23 50
23 51
23 54
23 56
23 57
23 58
23 60
23 61
23 63
23 64
23 68
23 70
23 71
23 74
23 75
23 77
23 84
23 86
23 88
23 90
23 91
23 95
23 98
23 103
23 108
23 27
23 35
23 38
23 42
23 52
23 67
23 69
23 73
23 76
23 78
23 79
23 81
23 87
23 89
23 94
23 96
24 27
24 29
24 31
24 37
24 39
24 40
24 44
24 47
24 50
24 55
24 56
24 60
24 64
24 76
24 79
24 81
24 82
24 84
24 88
24 95
24 108
24 28
24 30
24 42
24 46
24 53
24 62
24 67
24 69
24 87
24 90
24 91
24 96
24 104
25 30
25 33
25 35
25 40
25 45
25 46
25 47
25 50
25 54
25 55
25 57
25 58
25 66
25 67
25 68
25 69
25 70
25 72
25 74
25 76
25 78
25 85
25 88
25 89
25 90
25 95
25 97
25 105
25 26
25 36
25 38
25 42
25 43
25 48
25 49
25 53
25 56
25 59
25 61
25 62
25 65
25 71
25 73
25 75
25 80
25 83
25 86
25 101
25 108
26 31
26 32
26 33
26 34
26 36
26 38
26 39
26 42
26 44
26 45
26 47
26 48
26 54
26 55
26 57
26 58
26 59
26 62
26 63
26 64
26 68
26 71
26 72
26 78
26 80
26 82
26 85
26 88
26 89
26 91
26 93
26 97
26 99
26 106
26 28
26 29
26 37
26 43
26 46
26 49
26 65
26 73
26 77
26 90
26 95
26 101
26 107
27 30
27 33
27 34
27 38
27 39
27 45
27 47
27 53
27 54
27 56
27 63
27 68
27 70
27 72
27 74
27 76
27 80
27 81
27 83
27 91
27 98
27 104
27 106
27 108
27 28
27 31
27 36
27 37
27 43
27 46
27 55
27 59
27 64
27 77
27 78
27 79
27 88
27 89
27 92
27 93
27 94
27 95
27 101
27 103
27 109
28 31
28 38
28 40
28 42
28 44
28 45
28 46
28 49
28 52
28 54
28 57
28 65
28 68
28 70
28 72
28 76
28 79
28 80
28 85
28 89
28 90
28 91
28 98
28 99
28 100
28 106
28 109
28 29
28 37
28 39
28 47
28 48
28 53
28 55
28 58
28 61
28 64
28 78
28 82
28 84
28 88
28 92
28 93
28 97
28 105
29 30
29 31
29 33
29 34
29 38
29 41
29 48
29 49
29 52
29 54
29 56
29 57
29 63
29 64
29 66
29 67
29 68
29 71
29 72
29 74
29 75
29 76
29 77
29 78
29 81
29 83
29 84
29 86
29 89
29 94
29 100
29 101
29 106
29 108
29 32
29 35
29 37
29 45
29 50
29 59
29 60
29 61
29 65
29 70
29 73
29 82
29 87
29 95
29 96
29 97
29 103
29 104
30 33
30 34
30 36
30 38
30 42
30 43
30 46
30 47
30 49
30 50
30 51
30 54
30 59
30 60
30 63
30 70
30 71
30 75
30 76
30 77
30 85
30 87
30 88
30 89
30 91
30 96
30 100
30 107
30 31
30 35
30 39
30 40
30 41
30 48
30 56
30 57
30 62
30 72
30 73
30 79
30 82
30 90
30 93
30 94
30 95
30 97
30 98
30 108
31 32
31 33
31 41
31 43
31 46
31 55
31 57
31 59
31 67
31 72
31 73
31 74
31 75
31 79
31 82
31 84
31 91
31 104
31 107
31 34
31 39
31 65
31 66
31 70
31 78
31 89
31 96
31 102
32 38
32 43
32 47
32 48
32 58
32 64
32 65
32 66
32 67
32 74
32 75
32 78
32 79
32 80
32 82
32 86
32 87
32 103
32 106
32 107
32 36
32 39
32 40
32 45
32 50
32 52
32 54
32 60
32 61
32 62
32 71
32 72
32 81
32 84
32 85
32 88
32 89
32 91
32 92
32 93
32 99
32 104
33 39
33 69
33 72
33 74
33 77
33 81
33 84
33 87
33 89
33 90
33 92
33 94
33 96
33 102
33 103
33 108
33 34
33 35
33 37
33 38
33 40
33 50
33 53
33 56
33 57
33 59
33 61
33 66
33 70
33 71
33 73
33 76
33 82
33 85
33 95
33 98
33 100
33 107
33 109
34 38
34 39
34 52
34 55
34 58
34 63
34 64
34 66
34 68
34 70
34 71
34 75
34 79
34 80
34 83
34 84
34 88
34 91
34 97
34 106
34 42
34 43
34 44
34 46
34 48
34 49
34 51
34 53
34 54
34 60
34 62
34 67
34 72
34 73
34 77
34 78
34 86
34 92
34 94
34 95
34 98
34 104
34 105
34 107
35 37
35 41
35 44
35 45
35 52
35 59
35 65
35 66
35 67
35 70
35 74
35 75
35 79
35 80
35 88
35 90
35 99
35 102
35 106
35 108
35 109
35 48
35 49
35 50
35 54
35 57
35 60
35 61
35 63
35 68
35 73
35 76
35 81
35 85
35 87
35 91
35 93
35 101
35 105
36 43
36 46
36 48
36 50
36 51
36 56
36 58
36 60
36 61
36 63
36 68
36 72
36 73
36 81
36 83
36 84
36 88
36 89
36 90
36 92
36 93
36 99
36 101
36 107
36 45
36 49
36 59
36 64
36 69
36 70
36 71
36 75
36 77
36 79
36 82
36 86
36 94
36 96
36 97
36 106
36 108
37 40
37 41
37 51
37 57
37 58
37 59
37 67
37 70
37 73
37 75
37 78
37 79
37 81
37 88
37 91
37 99
37 100
37 105
37 38
37 53
37 54
37 55
37 62
37 63
37 64
37 66
37 68
37 69
37 74
37 80
37 83
37 89
37 90
37 94
37 102
37 104
37 106
37 108
38 39
38 40
38 45
38 46
38 51
38 52
38 58
38 61
38 65
38 66
38 67
38 69
38 70
38 72
38 75
38 78
38 84
38 90
38 91
38 93
38 94
38 101
38 103
38 105
38 108
38 109
38 41
38 42
38 47
38 48
38 49
38 56
38 59
38 60
38 63
38 68
38 74
38 85
38 86
38 104
39 41
39 49
39 51
39 66
39 73
39 74
39 76
39 77
39 82
39 87
39 91
39 95
39 97
39 105
39 109
39 46
39 48
39 57
39 62
39 63
39 68
39 71
39 72
39 75
39 79
39 83
39 85
39 92
39 93
39 96
39 107
39 108
40 43
40 44
40 45
40 47
40 54
40 55
40 57
40 59
40 62
40 68
40 72
40 75
40 79
40 87
40 89
40 93
40 96
40 98
40 99
40 102
40 105
40 106
40 41
40 53
40 63
40 69
40 76
40 77
40 78
40 82
40 84
40 85
40 86
40 90
40 92
40 95
40 97
40 109
41 44
41 47
41 48
41 51
41 54
41 56
41 62
41 66
41 67
41 69
41 82
41 83
41 86
41 88
41 92
41 93
41 94
41 95
41 104
41 105
41 42
41 45
41 46
41 50
41 55
41 59
41 61
41 72
41 73
41 75
41 76
41 84
41 99
41 102
41 106
41 109
42 49
42 52
42 56
42 57
42 58
42 63
42 69
42 72
42 73
42 74
42 76
42 79
42 87
42 89
42 97
42 99
42 104
42 106
42 108
42 43
42 51
42 54
42 55
42 59
42 62
42 70
42 77
42 78
42 84
42 85
42 88
42 98
42 103
42 105
43 44
43 45
43 47
43 52
43 55
43 57
43 67
43 68
43 76
43 77
43 80
43 83
43 86
43 87
43 89
43 95
43 96
43 104
43 105
43 46
43 49
43 54
43 58
43 61
43 64
43 65
43 70
43 79
43 82
43 84
43 102
43 108
43 109
44 45
44 46
44 47
44 53
44 55
44 56
44 59
44 63
44 66
44 68
44 79
44 86
44 87
44 89
44 91
44 92
44 94
44 95
44 99
44 100
44 101
44 102
44 108
44 109
44 52
44 54
44 62
44 64
44 65
44 67
44 75
44 76
44 88
44 93
44 104
44 105
45 49
45 51
45 52
45 55
45 58
45 59
45 60
45 61
45 65
45 67
45 68
45 70
45 73
45 74
45 75
45 82
45 83
45 86
45 94
45 97
45 99
45 102
45 104
45 48
45 50
45 64
45 76
45 77
45 81
45 84
45 85
45 87
45 93
45 108
45 109
46 48
46 50
46 52
46 54
46 55
46 58
46 59
46 61
46 64
46 72
46 74
46 75
46 76
46 77
46 79
46 83
46 84
46 88
46 90
46 91
46 96
46 102
46 104
46 107
46 51
46 53
46 56
46 60
46 63
46 66
46 67
46 71
46 73
46 78
46 81
46 85
46 87
46 95
46 97
47 52
47 55
47 58
47 60
47 64
47 67
47 69
47 74
47 76
47 79
47 80
47 81
47 82
47 87
47 88
47 91
47 94
47 98
47 99
47 101
47 105
47 106
47 107
47 108
47 51
47 57
47 61
47 66
47 68
47 72
47 78
47 83
47 85
47 93
47 95
47 104
48 49
48 50
48 51
48 55
48 58
48 60
48 66
48 69
48 72
48 73
48 75
48 79
48 80
48 83
48 84
48 85
48 89
48 90
48 93
48 100
48 104
48 53
48 56
48 59
48 62
48 64
48 68
48 74
48 77
48 91
48 102
48 109
49 50
49 61
49 63
49 64
49 76
49 79
49 80
49 83
49 85
49 86
49 97
49 101
49 102
49 103
49 104
49 106
49 108
49 52
49 54
49 62
49 65
49 69
49 71
49 72
49 87
49 92
49 95
50 52
50 54
50 55
50 57
50 59
50 61
50 67
50 70
50 72
50 74
50 78
50 80
50 82
50 83
50 84
50 88
50 90
50 91
50 92
50 94
50 97
50 104
50 108
50 62
50 65
50 75
50 76
50 79
50 85
50 87
50 93
50 101
50 102
50 105
51 57
51 59
51 63
51 69
51 70
51 71
51 76
51 78
51 81
51 87
51 89
51 93
51 95
51 96
51 97
51 98
51 102
51 103
51 105
51 60
51 62
51 65
51 72
51 79
51 80
51 83
51 84
51 92
52 56
52 64
52 65
52 67
52 69
52 76
52 80
52 81
52 85
52 92
52 93
52 100
52 102
52 106
52 107
52 108
52 60
52 61
52 62
52 70
52 71
52 79
52 83
52 84
52 86
52 89
52 95
52 103
53 56
53 63
53 65
53 67
53 68
53 74
53 77
53 80
53 83
53 85
53 86
53 89
53 91
53 95
53 96
53 98
53 103
53 107
53 58
53 60
53 62
53 66
53 69
53 71
53 72
53 73
53 87
53 92
53 93
53 97
53 105
53 106
54 61
54 62
54 63
54 66
54 69
54 72
54 73
54 76
54 83
54 88
54 91
54 93
54 97
54 103
54 104
54 108
54 60
54 67
54 68
54 71
54 74
54 78
54 86
54 87
54 92
54 94
54 96
54 105
55 56
55 63
55 69
55 72
55 76
55 77
55 82
55 86
55 89
55 90
55 92
55 97
55 99
55 101
55 102
55 103
55 104
55 107
55 108
55 109
55 57
55 59
55 65
55 68
55 70
55 71
55 83
55 87
55 93
55 100
55 105
56 58
56 62
56 63
56 68
56 72
56 75
56 79
56 87
56 93
56 101
56 103
56 105
56 107
56 59
56 61
56 64
56 65
56 66
56 70
56 74
56 78
56 80
56 86
56 88
56 97
56 100
56 102
56 104
56 108
57 88
57 90
57 91
57 92
57 94
57 96
57 100
57 103
57 105
57 62
57 63
57 65
57 69
57 73
57 75
57 78
57 79
57 82
57 85
57 86
57 99
57 104
57 106
58 62
58 63
58 64
58 65
58 69
58 71
58 72
58 75
58 80
58 81
58 84
58 93
58 95
58 100
58 102
58 105
58 107
58 108
58 61
58 66
58 68
58 73
58 77
58 83
58 87
58 88
58 89
58 90
58 97
58 98
58 104
58 109
59 61
59 65
59 66
59 70
59 74
59 77
59 79
59 82
59 86
59 87
59 88
59 91
59 93
59 94
59 100
59 102
59 106
59 107
59 60
59 63
59 69
59 71
59 83
59 84
59 90
59 92
59 95
59 97
59 105
60 62
60 64
60 66
60 74
60 78
60 80
60 81
60 86
60 87
60 89
60 99
60 104
60 106
60 107
60 108
60 65
60 69
60 73
60 75
60 91
60 92
60 93
60 100
60 101
60 105
61 64
61 67
61 70
61 71
61 72
61 77
61 80
61 87
61 89
61 95
61 97
61 98
61 99
61 101
61 102
61 107
61 75
61 76
61 78
61 82
61 84
61 85
61 86
61 94
61 100
61 104
62 64
62 68
62 72
62 78
62 82
62 84
62 85
62 88
62 92
62 96
62 98
62 99
62 101
62 102
62 103
62 109
62 63
62 66
62 86
62 91
62 104
63 65
63 73
63 74
63 82
63 85
63 86
63 87
63 89
63 90
63 92
63 93
63 96
63 104
63 108
63 109
63 66
63 67
63 78
63 84
63 91
63 95
63 97
63 98
63 105
64 65
64 69
64 70
64 72
64 73
64 75
64 78
64 79
64 82
64 90
64 93
64 94
64 101
64 106
64 108
64 68
64 74
64 77
64 80
64 83
64 84
64 85
64 86
64 89
64 100
64 102
64 105
64 107
65 69
65 70
65 72
65 73
65 83
65 88
65 95
65 96
65 97
65 99
65 101
65 103
65 106
65 109
65 71
65 74
65 77
65 79
65 80
65 81
65 86
65 91
65 92
65 98
65 107
65 108
66 68
66 69
66 71
66 73
66 75
66 81
66 82
66 85
66 87
66 91
66 94
66 96
66 97
66 98
66 99
66 100
66 101
66 102
66 103
66 105
66 106
66 77
66 79
66 90
66 92
66 104
66 108
66 109
67 69
67 71
67 78
67 82
67 83
67 87
67 89
67 90
67 91
67 92
67 97
67 104
67 77
67 80
67 99
67 103
67 105
67 109
68 69
68 70
68 71
68 77
68 85
68 86
68 87
68 94
68 101
68 72
68 76
68 78
68 80
68 82
68 84
68 89
68 97
68 99
68 104
68 105
68 108
69 72
69 73
69 75
69 80
69 83
69 84
69 86
69 87
69 91
69 93
69 97
69 98
69 101
69 102
69 108
69 109
69 70
69 74
69 76
69 79
69 85
69 95
69 96
69 100
70 76
70 77
70 78
70 82
70 84
70 86
70 89
70 91
70 92
70 93
70 97
70 104
70 105
70 106
70 108
70 72
70 74
70 88
70 95
70 96
70 100
70 103
70 107
71 72
71 74
71 78
71 83
71 85
71 86
71 96
71 98
71 100
71 106
71 107
71 108
71 79
71 80
71 81
71 84
71 88
71 92
71 93
71 97
71 101
71 102
72 76
72 78
72 80
72 81
72 83
72 93
72 94
72 96
72 98
72 99
72 101
72 73
72 75
72 86
72 92
72 100
72 103
72 106
72 107
72 108
72 109
73 75
73 76
73 80
73 81
73 82
73 87
73 90
73 91
73 100
73 104
73 109
73 78
73 88
73 92
73 97
73 98
73 103
73 106
74 75
74 80
74 88
74 91
74 93
74 94
74 95
74 97
74 103
74 104
74 105
74 107
74 77
74 79
74 81
74 82
74 87
74 90
74 92
74 99
74 100
75 77
75 84
75 87
75 92
75 95
75 96
75 101
75 104
75 80
75 90
75 97
75 98
75 99
75 100
75 102
75 103
75 105
75 109
76 77
76 78
76 82
76 83
76 85
76 88
76 91
76 95
76 100
76 104
76 107
76 108
76 79
76 84
76 89
76 94
76 96
76 98
76 103
76 109
77 78
77 79
77 81
77 84
77 89
77 97
77 103
77 109
77 85
77 92
77 95
77 105
78 79
78 80
78 82
78 84
78 89
78 92
78 94
78 95
78 96
78 97
78 106
78 107
78 108
78 109
78 83
78 85
78 86
78 98
78 102
78 105
79 87
79 88
79 91
79 94
79 102
79 103
79 105
79 106
79 84
79 86
79 89
79 92
79 100
80 81
80 85
80 91
80 92
80 104
80 89
80 98
80 109
81 82
81 83
81 86
81 89
81 90
81 91
81 92
81 97
81 99
81 100
81 103
81 109
81 101
81 102
81 106
82 84
82 91
82 92
82 93
82 95
82 98
82 100
82 102
82 106
82 107
82 83
82 87
82 89
82 90
82 97
82 99
82 101
82 109
83 85
83 86
83 87
83 94
83 95
83 96
83 102
83 103
83 104
83 108
83 91
83 97
83 99
83 100
83 101
83 105
83 106
83 109
84 85
84 90
84 92
84 95
84 102
84 103
84 107
84 86
84 88
84 89
84 100
84 106
84 109
85 90
85 95
85 101
85 105
85 107
85 108
85 86
85 96
85 103
85 104
85 106
86 92
86 99
86 100
86 101
86 103
86 106
86 87
86 89
86 90
86 94
86 95
86 98
86 102
86 109
87 90
87 93
87 94
87 95
87 97
87 105
87 107
87 109
87 88
87 92
87 96
88 89
88 91
88 92
88 96
88 97
88 106
88 107
88 90
88 94
88 95
88 98
88 100
88 102
88 103
88 104
88 105
89 91
89 92
89 95
89 98
89 99
89 103
89 105
89 109
89 93
89 104
89 106
90 92
90 97
90 98
90 100
90 101
90 103
90 105
90 94
90 104
90 106
91 94
91 97
91 98
91 99
91 100
91 101
91 103
91 104
91 109
91 108
92 98
92 100
92 101
92 102
92 107
92 108
92 93
92 94
92 95
93 94
93 99
93 100
93 106
93 107
93 95
93 104
94 98
94 99
94 101
94 102
94 107
94 109
94 95
94 104
94 105
95 96
95 98
95 100
95 103
95 104
95 97
95 99
95 107
95 108
96 97
96 102
96 105
96 108
96 101
96 104
96 106
96 107
97 99
97 101
97 104
97 107
97 108
97 103
98 99
98 101
98 103
98 107
98 108
98 100
99 100
99 101
99 104
99 105
99 106
99 107
99 109
100 102
100 105
100 106
100 107
100 109
100 101
101 104
101 107
101 103
101 108
101 109
102 104
102 107
102 103
102 109
103 108
103 109
103 104
104 109
104 107
105 109
105 106
106 107
106 108
106 109
107 108
108 109
