4865
0 1
0 4
0 5
0 7
0 9
0 11
0 14
0 16
0 17
0 18
0 19
0 21
0 22
0 23
0 25
0 26
0 27
0 29
0 31
0 33
0 34
0 36
0 37
0 38
0 44
0 45
0 46
0 47
0 49
0 54
0 55
0 59
0 60
0 63
0 65
0 66
0 67
0 68
0 71
0 72
0 73
0 74
0 75
0 76
0 77
0 78
0 79
0 80
0 82
0 84
0 85
0 86
0 87
0 91
0 92
0 94
0 96
0 97
0 98
0 99
0 100
0 102
0 103
0 105
0 108
0 109
0 111
0 113
0 115
0 116
0 117
0 123
0 126
0 127
0 128
0 130
0 131
0 135
0 137
0 138
0 139
1 2
1 3
1 5
1 8
1 10
1 12
1 13
1 14
1 15
1 16
1 17
1 18
1 22
1 23
1 24
1 25
1 26
1 27
1 28
1 30
1 31
1 32
1 33
1 35
1 36
1 37
1 38
1 40
1 41
1 42
1 43
1 44
1 45
1 46
1 51
1 52
1 54
1 55
1 56
1 58
1 59
1 60
1 61
1 62
1 63
1 64
1 65
1 67
1 73
1 74
1 75
1 77
1 79
1 80
1 82
1 83
1 86
1 88
1 90
1 91
1 92
1 93
1 94
1 95
1 96
1 98
1 99
1 100
1 102
1 103
1 106
1 108
1 111
1 112
1 113
1 114
1 118
1 119
1 120
1 121
1 126
1 127
1 129
1 130
1 133
1 135
1 136
1 139
2 3
2 4
2 5
2 6
2 8
2 9
2 10
2 12
2 13
2 15
2 16
2 17
2 18
2 19
2 20
2 22
2 23
2 24
2 27
2 28
2 31
2 32
2 33
2 38
2 40
2 41
2 42
2 44
2 45
2 47
2 48
2 49
2 52
2 53
2 54
2 55
2 58
2 59
2 63
2 64
2 66
2 67
2 69
2 70
2 71
2 72
2 73
2 74
2 77
2 79
2 81
2 82
2 83
2 84
2 85
2 87
2 88
2 91
2 93
2 95
2 98
2 100
2 101
2 102
2 103
2 107
2 108
2 109
2 110
2 111
2 112
2 113
2 114
2 116
2 117
2 118
2 120
2 124
2 125
2 126
2 127
2 128
2 129
2 132
2 133
2 134
2 135
2 136
2 138
3 4
3 5
3 6
3 7
3 11
3 12
3 13
3 15
3 17
3 18
3 20
3 21
3 22
3 23
3 24
3 25
3 26
3 27
3 28
3 29
3 32
3 33
3 34
3 35
3 36
3 37
3 39
3 40
3 42
3 45
3 46
3 48
3 50
3 52
3 55
3 57
3 58
3 59
3 60
3 61
3 63
3 64
3 66
3 67
3 68
3 69
3 70
3 71
3 72
3 74
3 75
3 76
3 77
3 80
3 82
3 84
3 85
3 87
3 90
3 91
3 94
3 95
3 96
3 99
3 102
3 104
3 105
3 106
3 108
3 109
3 111
3 112
3 114
3 115
3 116
3 118
3 119
3 121
3 122
3 123
3 124
3 125
3 127
3 129
3 132
3 134
3 135
3 136
3 138
3 139
4 5
4 6
4 10
4 11
4 12
4 14
4 15
4 17
4 18
4 19
4 20
4 25
4 26
4 27
4 28
4 29
4 30
4 31
4 34
4 35
4 37
4 39
4 41
4 43
4 44
4 46
4 47
4 49
4 50
4 51
4 52
4 53
4 57
4 58
4 60
4 62
4 63
4 64
4 65
4 66
4 67
4 68
4 70
4 71
4 72
4 74
4 75
4 76
4 78
4 80
4 81
4 86
4 89
4 90
4 91
4 92
4 93
4 94
4 97
4 98
4 100
4 104
4 107
4 108
4 111
4 112
4 113
4 115
4 116
4 118
4 119
4 120
4 121
4 127
4 128
4 129
4 131
4 132
4 134
4 135
4 136
4 137
4 139
5 6
5 12
5 13
5 16
5 18
5 20
5 21
5 25
5 26
5 27
5 30
5 31
5 32
5 33
5 36
5 37
5 40
5 42
5 43
5 45
5 46
5 48
5 49
5 50
5 52
5 53
5 55
5 56
5 57
5 58
5 59
5 60
5 61
5 62
5 63
5 64
5 65
5 67
5 69
5 70
5 72
5 76
5 78
5 79
5 81
5 82
5 84
5 86
5 87
5 88
5 91
5 94
5 95
5 97
5 98
5 99
5 100
5 103
5 105
5 106
5 107
5 108
5 109
5 111
5 112
5 113
5 114
5 118
5 119
5 120
5 121
5 122
5 123
5 124
5 125
5 126
5 127
5 130
5 131
5 132
5 133
5 135
5 136
5 137
5 138
6 9
6 11
6 13
6 18
6 19
6 20
6 24
6 25
6 26
6 27
6 28
6 30
6 32
6 33
6 34
6 37
6 38
6 39
6 40
6 41
6 43
6 44
6 46
6 47
6 49
6 50
6 52
6 53
6 55
6 56
6 57
6 58
6 59
6 60
6 61
6 65
6 68
6 71
6 72
6 73
6 74
6 75
6 76
6 77
6 78
6 83
6 84
6 85
6 86
6 88
6 89
6 90
6 91
6 95
6 97
6 98
6 100
6 101
6 102
6 103
6 105
6 110
6 112
6 113
6 114
6 115
6 116
6 117
6 119
6 120
6 121
6 123
6 124
6 125
6 126
6 127
6 128
6 130
6 131
6 132
6 134
6 135
6 136
7 8
7 10
7 12
7 13
7 14
7 16
7 17
7 18
7 19
7 20
7 21
7 22
7 23
7 24
7 25
7 28
7 29
7 30
7 32
7 33
7 34
7 35
7 39
7 41
7 42
7 43
7 45
7 46
7 48
7 50
7 51
7 52
7 53
7 55
7 56
7 58
7 59
7 61
7 64
7 65
7 67
7 68
7 72
7 73
7 74
7 75
7 77
7 79
7 81
7 83
7 84
7 86
7 87
7 88
7 90
7 92
7 93
7 94
7 95
7 98
7 99
7 101
7 102
7 103
7 104
7 106
7 107
7 108
7 111
7 113
7 114
7 115
7 116
7 118
7 119
7 124
7 125
7 126
7 127
7 130
7 131
7 134
7 135
7 137
7 139
8 9
8 10
8 11
8 12
8 13
8 15
8 16
8 18
8 20
8 21
8 22
8 24
8 25
8 26
8 27
8 30
8 31
8 32
8 34
8 35
8 36
8 37
8 39
8 40
8 41
8 43
8 44
8 45
8 47
8 48
8 49
8 50
8 51
8 52
8 53
8 55
8 56
8 59
8 60
8 61
8 63
8 64
8 65
8 68
8 70
8 71
8 74
8 76
8 77
8 78
8 79
8 81
8 82
8 83
8 85
8 86
8 88
8 90
8 91
8 92
8 94
8 96
8 97
8 98
8 99
8 100
8 101
8 102
8 103
8 104
8 105
8 106
8 107
8 108
8 110
8 111
8 113
8 114
8 115
8 117
8 118
8 119
8 120
8 122
8 123
8 125
8 126
8 128
8 131
8 133
8 134
8 137
8 139
9 10
9 11
9 12
9 15
9 16
9 17
9 18
9 20
9 23
9 26
9 27
9 28
9 30
9 31
9 32
9 33
9 34
9 37
9 39
9 40
9 43
9 48
9 51
9 52
9 54
9 55
9 57
9 58
9 59
9 60
9 61
9 63
9 64
9 68
9 69
9 70
9 71
9 72
9 73
9 75
9 79
9 80
9 82
9 83
9 84
9 85
9 87
9 89
9 91
9 92
9 93
9 97
9 101
9 102
9 103
9 104
9 107
9 108
9 109
9 110
9 111
9 112
9 113
9 115
9 116
9 118
9 119
9 121
9 122
9 126
9 127
9 129
9 130
9 132
9 133
9 135
9 136
9 137
9 139
10 11
10 12
10 15
10 16
10 17
10 18
10 19
10 21
10 23
10 25
10 26
10 27
10 29
10 31
10 33
10 34
10 36
10 39
10 40
10 45
10 48
10 50
10 53
10 54
10 58
10 59
10 60
10 61
10 62
10 63
10 64
10 65
10 66
10 67
10 68
10 69
10 70
10 71
10 72
10 73
10 77
10 80
10 82
10 83
10 84
10 85
10 87
10 88
10 91
10 94
10 96
10 97
10 98
10 99
10 100
10 101
10 102
10 103
10 104
10 105
10 106
10 108
10 110
10 111
10 113
10 114
10 115
10 116
10 118
10 122
10 125
10 126
10 128
10 131
10 133
10 136
11 13
11 14
11 15
11 18
11 19
11 20
11 21
11 22
11 23
11 24
11 28
11 29
11 30
11 33
11 35
11 36
11 37
11 40
11 41
11 42
11 43
11 44
11 46
11 48
11 49
11 50
11 51
11 54
11 56
11 57
11 59
11 60
11 61
11 62
11 63
11 65
11 66
11 67
11 69
11 72
11 76
11 77
11 78
11 79
11 81
11 83
11 84
11 85
11 88
11 90
11 91
11 92
11 96
11 98
11 102
11 103
11 105
11 106
11 107
11 109
11 111
11 112
11 114
11 115
11 118
11 124
11 126
11 128
11 129
11 130
11 131
11 135
11 136
11 137
11 139
12 16
12 18
12 19
12 20
12 21
12 22
12 23
12 26
12 27
12 28
12 30
12 31
12 34
12 35
12 37
12 38
12 39
12 41
12 44
12 47
12 48
12 49
12 50
12 51
12 52
12 53
12 54
12 56
12 58
12 63
12 66
12 67
12 68
12 69
12 70
12 71
12 73
12 75
12 77
12 80
12 81
12 82
12 83
12 84
12 85
12 87
12 88
12 89
12 90
12 94
12 97
12 98
12 99
12 100
12 101
12 102
12 103
12 105
12 106
12 109
12 110
12 111
12 116
12 117
12 118
12 119
12 120
12 121
12 123
12 125
12 126
12 127
12 130
12 132
12 133
12 134
12 135
12 136
12 137
13 14
13 16
13 18
13 19
13 20
13 24
13 25
13 29
13 30
13 33
13 34
13 35
13 36
13 37
13 39
13 40
13 42
13 44
13 46
13 47
13 48
13 49
13 51
13 53
13 54
13 55
13 59
13 60
13 63
13 64
13 65
13 67
13 69
13 71
13 73
13 74
13 75
13 79
13 80
13 81
13 83
13 84
13 85
13 86
13 88
13 89
13 91
13 93
13 95
13 96
13 97
13 98
13 99
13 100
13 103
13 104
13 105
13 106
13 108
13 109
13 111
13 112
13 113
13 114
13 116
13 117
13 119
13 120
13 121
13 123
13 124
13 125
13 126
13 127
13 129
13 130
13 131
13 135
13 137
13 139
14 15
14 16
14 17
14 18
14 19
14 20
14 21
14 23
14 24
14 26
14 27
14 28
14 30
14 31
14 32
14 34
14 35
14 36
14 37
14 39
14 41
14 42
14 46
14 47
14 49
14 50
14 53
14 55
14 56
14 57
14 58
14 60
14 61
14 66
14 69
14 70
14 71
14 74
14 76
14 78
14 80
14 82
14 84
14 86
14 87
14 89
14 90
14 94
14 97
14 98
14 99
14 101
14 102
14 105
14 111
14 113
14 114
14 116
14 117
14 118
14 121
14 124
14 125
14 126
14 130
14 133
14 134
14 136
14 137
14 138
14 139
15 16
15 18
15 19
15 21
15 22
15 23
15 24
15 27
15 29
15 31
15 35
15 36
15 39
15 41
15 42
15 43
15 46
15 47
15 49
15 50
15 51
15 52
15 54
15 56
15 58
15 61
15 62
15 63
15 64
15 65
15 66
15 67
15 74
15 75
15 76
15 77
15 78
15 79
15 80
15 81
15 83
15 84
15 85
15 86
15 87
15 90
15 93
15 95
15 96
15 97
15 99
15 100
15 101
15 102
15 103
15 104
15 105
15 106
15 107
15 108
15 109
15 110
15 114
15 115
15 116
15 121
15 122
15 123
15 125
15 128
15 129
15 130
15 131
15 132
15 134
15 135
15 137
16 18
16 20
16 22
16 23
16 24
16 27
16 28
16 31
16 33
16 34
16 35
16 40
16 41
16 42
16 44
16 45
16 46
16 47
16 48
16 49
16 52
16 55
16 57
16 58
16 61
16 62
16 66
16 67
16 68
16 69
16 70
16 73
16 75
16 76
16 77
16 78
16 79
16 81
16 82
16 84
16 85
16 86
16 87
16 88
16 89
16 90
16 91
16 92
16 93
16 94
16 96
16 98
16 106
16 108
16 109
16 110
16 111
16 113
16 118
16 119
16 120
16 122
16 123
16 124
16 125
16 126
16 127
16 129
16 131
16 132
16 133
16 134
16 139
17 18
17 20
17 21
17 23
17 24
17 27
17 30
17 32
17 37
17 40
17 43
17 45
17 47
17 51
17 52
17 53
17 54
17 55
17 56
17 59
17 65
17 66
17 67
17 69
17 71
17 72
17 74
17 75
17 76
17 78
17 82
17 83
17 85
17 86
17 87
17 88
17 89
17 91
17 92
17 95
17 96
17 97
17 99
17 105
17 106
17 107
17 109
17 110
17 112
17 113
17 114
17 115
17 117
17 118
17 120
17 121
17 123
17 127
17 128
17 129
17 133
17 134
17 136
17 138
18 19
18 20
18 21
18 23
18 25
18 26
18 27
18 28
18 29
18 31
18 34
18 35
18 36
18 37
18 39
18 41
18 42
18 43
18 44
18 45
18 49
18 50
18 51
18 52
18 53
18 54
18 55
18 56
18 59
18 60
18 61
18 62
18 63
18 65
18 67
18 68
18 69
18 72
18 73
18 74
18 75
18 76
18 77
18 78
18 80
18 82
18 84
18 86
18 87
18 88
18 89
18 90
18 91
18 94
18 96
18 98
18 99
18 100
18 103
18 105
18 106
18 107
18 108
18 109
18 110
18 111
18 114
18 115
18 116
18 117
18 118
18 119
18 121
18 126
18 128
18 130
18 134
18 136
18 137
19 21
19 22
19 23
19 24
19 29
19 31
19 32
19 33
19 34
19 35
19 37
19 38
19 39
19 40
19 41
19 44
19 47
19 49
19 51
19 52
19 53
19 54
19 56
19 58
19 59
19 60
19 61
19 62
19 63
19 65
19 66
19 67
19 68
19 72
19 73
19 74
19 77
19 79
19 80
19 81
19 83
19 84
19 89
19 90
19 91
19 92
19 93
19 94
19 95
19 96
19 97
19 98
19 99
19 100
19 102
19 104
19 105
19 108
19 110
19 113
19 115
19 118
19 121
19 122
19 124
19 126
19 127
19 130
19 135
19 136
19 138
20 21
20 22
20 24
20 26
20 27
20 31
20 32
20 33
20 34
20 35
20 37
20 38
20 42
20 43
20 44
20 46
20 47
20 48
20 49
20 50
20 51
20 52
20 53
20 54
20 55
20 57
20 60
20 63
20 64
20 68
20 69
20 70
20 72
20 73
20 75
20 76
20 78
20 80
20 83
20 84
20 86
20 87
20 90
20 92
20 93
20 95
20 97
20 100
20 101
20 103
20 104
20 107
20 108
20 109
20 115
20 116
20 117
20 118
20 121
20 123
20 125
20 127
20 128
20 129
20 131
20 133
20 135
20 136
20 138
20 139
21 22
21 23
21 24
21 27
21 29
21 30
21 31
21 33
21 35
21 36
21 37
21 38
21 41
21 42
21 43
21 44
21 45
21 46
21 48
21 50
21 52
21 53
21 54
21 55
21 56
21 59
21 60
21 64
21 66
21 68
21 69
21 70
21 73
21 74
21 75
21 77
21 78
21 80
21 83
21 84
21 86
21 88
21 89
21 90
21 91
21 93
21 95
21 97
21 102
21 103
21 104
21 105
21 106
21 108
21 109
21 110
21 111
21 118
21 120
21 121
21 122
21 128
21 129
21 131
21 133
21 134
21 135
21 136
21 137
21 139
22 23
22 24
22 27
22 28
22 29
22 30
22 31
22 34
22 35
22 36
22 38
22 39
22 40
22 41
22 42
22 43
22 44
22 48
22 49
22 50
22 51
22 52
22 54
22 55
22 57
22 58
22 59
22 60
22 62
22 64
22 66
22 67
22 68
22 69
22 75
22 76
22 77
22 79
22 81
22 82
22 83
22 85
22 86
22 89
22 90
22 91
22 92
22 93
22 96
22 97
22 98
22 101
22 103
22 104
22 105
22 106
22 107
22 108
22 109
22 110
22 112
22 113
22 116
22 118
22 119
22 120
22 121
22 123
22 124
22 125
22 126
22 127
22 129
22 130
22 133
22 137
22 138
23 24
23 25
23 26
23 27
23 28
23 29
23 31
23 32
23 33
23 35
23 36
23 37
23 40
23 42
23 43
23 44
23 49
23 53
23 54
23 55
23 56
23 58
23 61
23 62
23 64
23 67
23 68
23 69
23 71
23 72
23 73
23 75
23 76
23 77
23 78
23 80
23 81
23 82
23 83
23 84
23 85
23 88
23 92
23 93
23 94
23 99
23 100
23 101
23 102
23 104
23 106
23 109
23 110
23 111
23 114
23 115
23 116
23 118
23 119
23 120
23 121
23 122
23 124
23 125
23 126
23 128
23 130
23 131
23 135
23 138
23 139
24 25
24 27
24 29
24 30
24 33
24 35
24 37
24 39
24 41
24 42
24 45
24 46
24 47
24 48
24 49
24 55
24 56
24 60
24 64
24 67
24 71
24 72
24 73
24 75
24 76
24 78
24 79
24 80
24 81
24 82
24 83
24 84
24 85
24 87
24 88
24 89
24 91
24 92
24 93
24 94
24 95
24 96
24 98
24 99
24 100
24 101
24 105
24 106
24 110
24 112
24 113
24 114
24 115
24 116
24 117
24 120
24 121
24 122
24 123
24 124
24 125
24 126
24 127
24 128
24 130
24 131
24 133
24 134
24 135
24 136
24 139
25 26
25 27
25 28
25 29
25 30
25 31
25 32
25 33
25 34
25 38
25 40
25 41
25 42
25 44
25 47
25 50
25 51
25 52
25 54
25 55
25 56
25 57
25 58
25 59
25 61
25 62
25 65
25 66
25 67
25 68
25 69
25 70
25 71
25 72
25 74
25 75
25 77
25 78
25 80
25 81
25 82
25 84
25 85
25 86
25 87
25 92
25 94
25 99
25 100
25 101
25 102
25 104
25 106
25 107
25 108
25 110
25 111
25 112
25 113
25 114
25 115
25 117
25 118
25 119
25 120
25 121
25 126
25 127
25 128
25 129
25 131
25 132
25 134
25 135
25 136
25 137
25 138
26 27
26 30
26 31
26 33
26 34
26 35
26 36
26 37
26 39
26 40
26 41
26 43
26 44
26 47
26 51
26 57
26 59
26 60
26 61
26 62
26 66
26 68
26 70
26 71
26 72
26 73
26 74
26 76
26 77
26 79
26 82
26 83
26 84
26 86
26 88
26 91
26 92
26 93
26 95
26 96
26 98
26 99
26 100
26 102
26 104
26 109
26 113
26 114
26 115
26 116
26 117
26 120
26 121
26 122
26 123
26 126
26 127
26 128
26 129
26 131
26 132
26 133
26 135
26 139
27 28
27 29
27 31
27 32
27 34
27 36
27 37
27 38
27 40
27 43
27 46
27 48
27 49
27 50
27 52
27 55
27 56
27 57
27 58
27 61
27 62
27 63
27 65
27 66
27 67
27 72
27 73
27 74
27 75
27 77
27 78
27 79
27 80
27 82
27 83
27 84
27 85
27 86
27 87
27 89
27 90
27 94
27 95
27 98
27 99
27 100
27 102
27 103
27 104
27 107
27 110
27 111
27 112
27 113
27 114
27 115
27 119
27 120
27 122
27 123
27 124
27 125
27 126
27 128
27 129
27 130
27 131
27 132
27 134
27 136
27 137
27 138
28 29
28 30
28 31
28 32
28 34
28 37
28 40
28 41
28 45
28 46
28 47
28 48
28 49
28 50
28 53
28 55
28 56
28 57
28 62
28 65
28 66
28 68
28 70
28 71
28 73
28 76
28 79
28 80
28 82
28 84
28 85
28 87
28 90
28 91
28 92
28 93
28 94
28 96
28 97
28 99
28 100
28 101
28 102
28 104
28 105
28 106
28 108
28 109
28 110
28 113
28 115
28 116
28 117
28 118
28 119
28 121
28 122
28 123
28 126
28 130
28 131
28 132
28 133
28 134
28 137
28 138
28 139
29 30
29 31
29 32
29 33
29 34
29 36
29 40
29 43
29 44
29 46
29 48
29 49
29 50
29 51
29 52
29 53
29 54
29 55
29 56
29 57
29 58
29 62
29 64
29 65
29 66
29 67
29 68
29 69
29 70
29 71
29 72
29 73
29 74
29 75
29 77
29 79
29 80
29 81
29 82
29 85
29 86
29 88
29 89
29 93
29 94
29 95
29 97
29 98
29 99
29 100
29 102
29 103
29 105
29 108
29 110
29 111
29 114
29 115
29 116
29 118
29 119
29 120
29 121
29 123
29 124
29 126
29 131
29 132
29 135
29 137
29 139
30 31
30 32
30 33
30 35
30 36
30 40
30 41
30 42
30 43
30 44
30 45
30 47
30 50
30 51
30 53
30 54
30 55
30 56
30 57
30 60
30 65
30 66
30 70
30 71
30 72
30 73
30 74
30 75
30 76
30 78
30 79
30 80
30 81
30 82
30 83
30 84
30 85
30 86
30 87
30 88
30 94
30 95
30 96
30 98
30 99
30 101
30 102
30 103
30 106
30 108
30 109
30 114
30 115
30 117
30 118
30 120
30 121
30 123
30 125
30 126
30 128
30 129
30 132
30 133
30 134
30 135
30 139
31 32
31 34
31 35
31 36
31 37
31 41
31 42
31 43
31 44
31 45
31 46
31 47
31 49
31 50
31 51
31 54
31 55
31 56
31 57
31 58
31 59
31 61
31 63
31 64
31 66
31 67
31 69
31 70
31 71
31 72
31 73
31 75
31 77
31 78
31 79
31 80
31 81
31 83
31 85
31 88
31 90
31 91
31 92
31 93
31 95
31 96
31 97
31 99
31 100
31 101
31 102
31 103
31 104
31 105
31 108
31 113
31 114
31 116
31 122
31 123
31 126
31 127
31 128
31 130
31 131
31 132
31 133
31 134
31 135
31 136
31 138
31 139
32 35
32 39
32 40
32 41
32 44
32 45
32 46
32 47
32 48
32 49
32 50
32 52
32 53
32 55
32 56
32 59
32 60
32 61
32 64
32 66
32 67
32 72
32 73
32 75
32 76
32 77
32 79
32 81
32 84
32 86
32 89
32 91
32 93
32 94
32 95
32 97
32 98
32 99
32 101
32 105
32 107
32 108
32 109
32 110
32 111
32 113
32 115
32 116
32 117
32 118
32 119
32 120
32 121
32 122
32 123
32 124
32 126
32 127
32 128
32 129
32 130
32 131
32 134
32 135
32 136
32 137
32 139
33 34
33 36
33 37
33 38
33 44
33 45
33 47
33 48
33 51
33 52
33 53
33 54
33 56
33 60
33 62
33 65
33 66
33 67
33 68
33 70
33 71
33 72
33 73
33 74
33 75
33 76
33 77
33 78
33 81
33 82
33 83
33 84
33 85
33 87
33 88
33 89
33 92
33 96
33 98
33 99
33 100
33 101
33 103
33 105
33 107
33 110
33 112
33 114
33 117
33 121
33 124
33 125
33 128
33 135
33 138
33 139
34 36
34 37
34 38
34 39
34 40
34 41
34 42
34 46
34 47
34 50
34 51
34 55
34 59
34 60
34 61
34 65
34 66
34 68
34 69
34 70
34 71
34 72
34 74
34 76
34 77
34 78
34 80
34 81
34 82
34 83
34 86
34 90
34 91
34 92
34 94
34 95
34 96
34 97
34 99
34 100
34 103
34 104
34 105
34 106
34 107
34 109
34 110
34 111
34 115
34 116
34 117
34 118
34 121
34 125
34 127
34 128
34 129
34 130
34 134
34 135
34 136
34 137
34 138
35 36
35 37
35 40
35 41
35 42
35 44
35 45
35 46
35 51
35 52
35 56
35 60
35 61
35 62
35 64
35 65
35 66
35 70
35 71
35 72
35 73
35 74
35 76
35 77
35 78
35 79
35 81
35 82
35 83
35 86
35 87
35 90
35 91
35 92
35 93
35 94
35 95
35 96
35 99
35 100
35 101
35 104
35 107
35 110
35 112
35 113
35 114
35 116
35 117
35 118
35 119
35 120
35 123
35 125
35 127
35 128
35 130
35 132
35 133
35 134
35 135
35 137
35 138
35 139
36 37
36 38
36 39
36 41
36 42
36 45
36 46
36 47
36 49
36 50
36 51
36 52
36 53
36 54
36 55
36 57
36 58
36 59
36 61
36 64
36 65
36 66
36 68
36 70
36 72
36 76
36 78
36 79
36 81
36 82
36 85
36 86
36 87
36 89
36 91
36 93
36 95
36 97
36 99
36 100
36 101
36 102
36 103
36 104
36 111
36 112
36 113
36 115
36 117
36 118
36 119
36 121
36 122
36 127
36 129
36 133
36 134
36 136
36 138
37 38
37 43
37 45
37 47
37 50
37 51
37 52
37 56
37 57
37 59
37 60
37 61
37 62
37 63
37 66
37 67
37 70
37 75
37 76
37 77
37 78
37 79
37 80
37 81
37 84
37 86
37 88
37 90
37 91
37 95
37 98
37 99
37 100
37 101
37 102
37 103
37 104
37 105
37 106
37 108
37 111
37 113
37 114
37 115
37 116
37 119
37 121
37 122
37 123
37 124
37 126
37 129
37 130
37 133
37 136
37 137
37 138
37 139
38 41
38 44
38 45
38 46
38 47
38 48
38 49
38 51
38 54
38 55
38 56
38 57
38 62
38 64
38 65
38 67
38 68
38 70
38 71
38 72
38 73
38 74
38 75
38 77
38 78
38 79
38 82
38 83
38 86
38 87
38 88
38 89
38 92
38 94
38 96
38 97
38 100
38 102
38 104
38 105
38 106
38 109
38 111
38 115
38 116
38 117
38 118
38 120
38 121
38 122
38 124
38 125
38 126
38 129
38 131
38 133
38 134
38 135
38 136
38 137
38 139
39 42
39 43
39 44
39 45
39 46
39 47
39 50
39 51
39 52
39 54
39 56
39 58
39 59
39 62
39 64
39 65
39 66
39 67
39 68
39 69
39 71
39 72
39 73
39 74
39 75
39 76
39 79
39 80
39 84
39 90
39 91
39 93
39 94
39 95
39 96
39 98
39 100
39 101
39 103
39 104
39 105
39 106
39 107
39 110
39 111
39 112
39 113
39 116
39 117
39 119
39 121
39 123
39 124
39 125
39 127
39 129
39 130
39 131
39 132
39 133
39 134
39 135
39 136
39 137
39 138
39 139
40 41
40 42
40 45
40 46
40 47
40 48
40 53
40 57
40 58
40 59
40 62
40 63
40 64
40 65
40 66
40 68
40 69
40 72
40 73
40 74
40 75
40 76
40 77
40 78
40 79
40 80
40 81
40 82
40 83
40 86
40 88
40 89
40 90
40 91
40 92
40 93
40 96
40 97
40 99
40 100
40 101
40 102
40 103
40 104
40 105
40 107
40 108
40 109
40 110
40 112
40 114
40 115
40 116
40 118
40 121
40 122
40 125
40 127
40 130
40 132
40 133
40 134
40 135
40 137
40 138
40 139
41 42
41 43
41 45
41 47
41 48
41 52
41 54
41 55
41 56
41 57
41 59
41 60
41 61
41 62
41 63
41 64
41 65
41 68
41 69
41 72
41 79
41 81
41 84
41 85
41 86
41 87
41 88
41 90
41 92
41 95
41 96
41 97
41 98
41 99
41 100
41 102
41 103
41 105
41 108
41 109
41 110
41 112
41 113
41 117
41 120
41 121
41 122
41 123
41 125
41 126
41 127
41 128
41 130
41 131
41 133
41 136
41 139
42 43
42 46
42 47
42 48
42 51
42 52
42 53
42 55
42 56
42 57
42 60
42 61
42 63
42 67
42 69
42 70
42 71
42 73
42 74
42 75
42 76
42 77
42 80
42 81
42 82
42 83
42 84
42 85
42 86
42 87
42 88
42 90
42 91
42 93
42 95
42 97
42 99
42 101
42 102
42 103
42 104
42 105
42 106
42 107
42 108
42 111
42 114
42 115
42 116
42 117
42 119
42 120
42 121
42 122
42 124
42 125
42 126
42 127
42 129
42 130
42 134
42 136
42 137
42 139
43 45
43 47
43 48
43 49
43 50
43 51
43 52
43 53
43 54
43 55
43 56
43 58
43 59
43 61
43 63
43 64
43 65
43 66
43 67
43 68
43 69
43 72
43 79
43 80
43 81
43 84
43 85
43 86
43 88
43 89
43 92
43 94
43 95
43 99
43 100
43 101
43 102
43 103
43 105
43 106
43 107
43 108
43 109
43 110
43 112
43 116
43 117
43 118
43 122
43 123
43 124
43 127
43 128
43 129
43 130
43 133
43 137
43 138
44 45
44 46
44 51
44 54
44 55
44 56
44 57
44 58
44 59
44 60
44 61
44 62
44 63
44 64
44 65
44 68
44 69
44 71
44 73
44 78
44 79
44 81
44 83
44 84
44 85
44 86
44 88
44 89
44 90
44 91
44 95
44 100
44 102
44 109
44 111
44 114
44 115
44 116
44 117
44 118
44 119
44 120
44 121
44 122
44 125
44 126
44 128
44 129
44 131
44 133
44 136
44 137
45 46
45 47
45 48
45 51
45 52
45 54
45 55
45 56
45 57
45 61
45 62
45 63
45 65
45 67
45 68
45 71
45 73
45 75
45 76
45 77
45 79
45 80
45 86
45 88
45 90
45 91
45 92
45 95
45 96
45 97
45 98
45 99
45 100
45 101
45 102
45 103
45 104
45 105
45 106
45 109
45 110
45 111
45 112
45 113
45 114
45 116
45 118
45 119
45 121
45 123
45 124
45 125
45 126
45 127
45 129
45 131
45 133
45 134
45 135
45 136
45 139
46 47
46 50
46 51
46 58
46 59
46 60
46 61
46 62
46 63
46 64
46 65
46 68
46 69
46 71
46 73
46 74
46 76
46 77
46 79
46 80
46 81
46 82
46 83
46 85
46 87
46 89
46 90
46 91
46 92
46 93
46 94
46 97
46 98
46 100
46 101
46 104
46 106
46 107
46 108
46 110
46 113
46 114
46 115
46 116
46 117
46 118
46 119
46 120
46 122
46 124
46 125
46 127
46 128
46 129
46 130
46 131
46 132
46 134
46 135
46 136
46 137
46 138
47 48
47 49
47 52
47 54
47 55
47 56
47 57
47 59
47 60
47 62
47 64
47 66
47 67
47 68
47 69
47 70
47 72
47 73
47 74
47 76
47 78
47 79
47 80
47 81
47 84
47 86
47 87
47 89
47 92
47 93
47 94
47 97
47 99
47 101
47 103
47 105
47 108
47 109
47 116
47 117
47 118
47 121
47 122
47 124
47 125
47 126
47 128
47 130
47 132
47 135
47 139
48 51
48 52
48 56
48 57
48 58
48 59
48 61
48 62
48 63
48 65
48 67
48 70
48 71
48 72
48 76
48 78
48 81
48 82
48 83
48 84
48 85
48 86
48 88
48 89
48 91
48 93
48 95
48 98
48 99
48 101
48 102
48 103
48 105
48 108
48 109
48 110
48 113
48 114
48 115
48 116
48 119
48 120
48 121
48 123
48 124
48 125
48 126
48 127
48 130
48 134
48 138
49 50
49 52
49 54
49 56
49 57
49 58
49 61
49 64
49 66
49 70
49 71
49 72
49 73
49 75
49 78
49 79
49 82
49 85
49 87
49 88
49 90
49 93
49 94
49 95
49 97
49 98
49 101
49 105
49 108
49 110
49 111
49 113
49 116
49 120
49 121
49 122
49 123
49 126
49 131
49 132
49 136
49 137
50 52
50 53
50 55
50 59
50 64
50 65
50 68
50 69
50 70
50 72
50 76
50 77
50 80
50 81
50 83
50 85
50 91
50 93
50 94
50 95
50 97
50 98
50 100
50 103
50 106
50 107
50 108
50 109
50 110
50 112
50 113
50 114
50 115
50 118
50 120
50 121
50 122
50 123
50 129
50 130
50 132
50 134
50 137
50 138
51 53
51 54
51 55
51 56
51 57
51 58
51 60
51 61
51 62
51 64
51 66
51 68
51 75
51 79
51 81
51 82
51 84
51 86
51 87
51 88
51 90
51 91
51 92
51 93
51 94
51 96
51 97
51 98
51 99
51 100
51 102
51 103
51 105
51 108
51 109
51 110
51 112
51 113
51 116
51 118
51 120
51 121
51 123
51 125
51 128
51 130
51 134
51 137
51 138
51 139
52 53
52 54
52 55
52 56
52 59
52 61
52 62
52 63
52 64
52 66
52 69
52 70
52 71
52 72
52 73
52 74
52 76
52 77
52 79
52 81
52 82
52 83
52 84
52 85
52 86
52 87
52 91
52 92
52 93
52 94
52 95
52 96
52 97
52 98
52 100
52 101
52 105
52 106
52 107
52 109
52 111
52 112
52 113
52 114
52 115
52 116
52 118
52 121
52 123
52 126
52 127
52 128
52 131
52 132
52 133
52 135
52 137
52 139
53 55
53 56
53 57
53 58
53 61
53 65
53 66
53 67
53 68
53 69
53 71
53 72
53 73
53 77
53 78
53 79
53 80
53 81
53 82
53 83
53 84
53 86
53 87
53 88
53 89
53 90
53 91
53 94
53 96
53 103
53 104
53 105
53 106
53 108
53 109
53 110
53 113
53 114
53 115
53 118
53 122
53 123
53 124
53 125
53 127
53 131
53 132
53 134
53 135
53 137
53 139
54 57
54 58
54 59
54 60
54 63
54 64
54 69
54 70
54 71
54 73
54 78
54 79
54 82
54 83
54 84
54 87
54 89
54 94
54 95
54 96
54 97
54 98
54 99
54 101
54 102
54 107
54 108
54 112
54 114
54 116
54 118
54 119
54 120
54 121
54 122
54 123
54 126
54 133
54 135
54 136
55 56
55 58
55 60
55 61
55 62
55 64
55 65
55 67
55 68
55 71
55 72
55 74
55 75
55 79
55 81
55 82
55 83
55 85
55 89
55 90
55 91
55 92
55 93
55 94
55 95
55 97
55 99
55 100
55 101
55 102
55 103
55 105
55 106
55 107
55 109
55 111
55 114
55 115
55 117
55 118
55 119
55 120
55 122
55 123
55 124
55 126
55 127
55 128
55 130
55 131
55 133
55 135
55 136
55 137
55 138
56 58
56 65
56 66
56 70
56 72
56 73
56 75
56 76
56 77
56 80
56 81
56 83
56 84
56 88
56 89
56 90
56 91
56 94
56 95
56 96
56 97
56 98
56 100
56 101
56 102
56 103
56 104
56 105
56 106
56 107
56 109
56 111
56 112
56 115
56 118
56 119
56 121
56 122
56 124
56 125
56 126
56 129
56 130
56 131
56 132
56 135
56 137
57 58
57 59
57 60
57 61
57 62
57 65
57 67
57 68
57 69
57 70
57 71
57 72
57 73
57 74
57 75
57 81
57 82
57 84
57 85
57 87
57 88
57 90
57 91
57 92
57 93
57 94
57 95
57 96
57 97
57 98
57 99
57 100
57 103
57 104
57 105
57 109
57 111
57 112
57 113
57 114
57 118
57 119
57 121
57 122
57 123
57 126
57 130
57 134
57 137
57 138
58 60
58 62
58 64
58 66
58 67
58 68
58 69
58 70
58 71
58 72
58 73
58 75
58 76
58 80
58 84
58 85
58 87
58 89
58 90
58 91
58 92
58 95
58 99
58 100
58 102
58 103
58 104
58 105
58 109
58 111
58 114
58 116
58 118
58 120
58 121
58 123
58 125
58 126
58 127
58 131
58 132
58 134
58 136
58 137
59 65
59 66
59 68
59 69
59 70
59 71
59 72
59 74
59 75
59 77
59 78
59 80
59 81
59 82
59 83
59 84
59 85
59 86
59 88
59 90
59 92
59 93
59 94
59 97
59 99
59 100
59 101
59 102
59 103
59 106
59 107
59 108
59 109
59 110
59 112
59 114
59 117
59 118
59 119
59 120
59 122
59 123
59 127
59 128
59 129
59 130
59 133
59 137
59 138
60 62
60 63
60 65
60 68
60 71
60 73
60 74
60 75
60 76
60 77
60 80
60 81
60 85
60 88
60 89
60 92
60 93
60 96
60 99
60 100
60 101
60 103
60 105
60 106
60 107
60 109
60 110
60 111
60 112
60 114
60 116
60 118
60 119
60 120
60 121
60 122
60 125
60 129
60 130
60 133
60 135
60 136
60 137
60 138
61 63
61 64
61 65
61 67
61 68
61 71
61 72
61 75
61 76
61 78
61 79
61 81
61 83
61 84
61 85
61 86
61 87
61 88
61 89
61 90
61 91
61 94
61 95
61 96
61 97
61 99
61 100
61 103
61 104
61 105
61 107
61 108
61 109
61 110
61 112
61 113
61 117
61 119
61 123
61 124
61 129
61 131
61 132
61 134
61 135
61 136
61 137
61 138
61 139
62 68
62 70
62 71
62 72
62 73
62 74
62 75
62 76
62 77
62 80
62 84
62 86
62 87
62 88
62 90
62 91
62 92
62 93
62 94
62 95
62 96
62 97
62 98
62 99
62 100
62 102
62 103
62 104
62 105
62 106
62 107
62 109
62 110
62 111
62 112
62 113
62 114
62 115
62 117
62 120
62 122
62 123
62 124
62 128
62 130
62 131
62 132
62 136
62 137
62 138
62 139
63 65
63 67
63 69
63 70
63 71
63 72
63 78
63 79
63 80
63 84
63 85
63 86
63 89
63 92
63 93
63 94
63 95
63 96
63 97
63 99
63 100
63 103
63 104
63 105
63 106
63 111
63 114
63 115
63 116
63 117
63 118
63 119
63 120
63 122
63 123
63 124
63 125
63 131
63 133
63 134
63 135
63 138
63 139
64 68
64 70
64 71
64 73
64 74
64 75
64 76
64 78
64 79
64 82
64 89
64 90
64 93
64 94
64 98
64 103
64 104
64 106
64 107
64 108
64 111
64 112
64 113
64 115
64 118
64 120
64 121
64 125
64 131
64 132
64 133
64 135
64 136
64 137
64 138
65 66
65 69
65 71
65 72
65 76
65 77
65 78
65 80
65 81
65 83
65 85
65 86
65 91
65 92
65 93
65 95
65 96
65 97
65 98
65 99
65 101
65 105
65 108
65 111
65 112
65 113
65 114
65 115
65 116
65 117
65 119
65 120
65 121
65 122
65 124
65 126
65 127
65 128
65 131
65 138
66 68
66 70
66 71
66 72
66 73
66 74
66 78
66 79
66 81
66 82
66 83
66 84
66 86
66 88
66 89
66 91
66 92
66 93
66 94
66 95
66 96
66 99
66 100
66 102
66 106
66 107
66 109
66 110
66 111
66 113
66 114
66 115
66 116
66 117
66 118
66 119
66 121
66 123
66 124
66 126
66 127
66 130
66 132
66 133
66 135
66 136
66 139
67 69
67 70
67 71
67 72
67 73
67 74
67 75
67 76
67 77
67 78
67 79
67 82
67 83
67 85
67 89
67 93
67 97
67 98
67 99
67 101
67 102
67 106
67 107
67 108
67 109
67 110
67 111
67 113
67 114
67 120
67 123
67 124
67 126
67 128
67 131
67 132
67 136
67 138
67 139
68 71
68 72
68 78
68 79
68 81
68 82
68 84
68 85
68 86
68 87
68 89
68 90
68 91
68 94
68 95
68 96
68 97
68 99
68 100
68 102
68 104
68 105
68 106
68 111
68 113
68 114
68 118
68 119
68 120
68 123
68 124
68 126
68 129
68 131
68 132
68 133
68 135
68 137
68 139
69 71
69 72
69 73
69 74
69 75
69 76
69 77
69 80
69 81
69 82
69 83
69 87
69 89
69 90
69 91
69 92
69 94
69 95
69 96
69 103
69 104
69 105
69 106
69 107
69 108
69 109
69 110
69 112
69 113
69 115
69 117
69 119
69 120
69 123
69 125
69 131
69 134
69 136
69 137
69 138
69 139
70 71
70 73
70 74
70 76
70 77
70 78
70 79
70 82
70 84
70 88
70 90
70 92
70 93
70 96
70 97
70 98
70 99
70 100
70 101
70 102
70 105
70 106
70 108
70 110
70 111
70 113
70 117
70 119
70 121
70 123
70 124
70 127
70 128
70 129
70 131
70 132
70 135
70 137
70 138
71 73
71 76
71 77
71 78
71 79
71 82
71 83
71 84
71 85
71 86
71 88
71 89
71 90
71 91
71 92
71 93
71 95
71 97
71 98
71 99
71 102
71 106
71 107
71 108
71 109
71 111
71 112
71 114
71 118
71 119
71 120
71 121
71 122
71 123
71 124
71 127
71 128
71 131
71 132
71 133
71 134
71 135
71 137
71 138
72 74
72 76
72 77
72 78
72 80
72 81
72 82
72 83
72 84
72 85
72 86
72 87
72 88
72 92
72 93
72 94
72 96
72 97
72 98
72 100
72 101
72 102
72 104
72 105
72 106
72 107
72 109
72 110
72 111
72 117
72 119
72 120
72 122
72 123
72 125
72 126
72 127
72 128
72 129
72 130
72 132
72 133
72 134
72 136
72 137
72 138
73 74
73 77
73 80
73 81
73 82
73 87
73 89
73 91
73 93
73 96
73 98
73 99
73 100
73 101
73 102
73 103
73 104
73 105
73 106
73 108
73 109
73 111
73 113
73 114
73 115
73 116
73 117
73 119
73 120
73 121
73 123
73 125
73 127
73 132
73 134
73 135
73 136
73 137
73 138
74 75
74 76
74 77
74 79
74 80
74 82
74 84
74 85
74 87
74 88
74 94
74 97
74 99
74 100
74 101
74 102
74 104
74 105
74 106
74 107
74 109
74 111
74 113
74 114
74 116
74 117
74 118
74 119
74 121
74 123
74 124
74 125
74 127
74 128
74 129
74 130
74 131
74 135
74 136
74 137
74 138
74 139
75 76
75 77
75 79
75 80
75 82
75 83
75 86
75 87
75 90
75 92
75 96
75 97
75 98
75 100
75 101
75 105
75 108
75 111
75 112
75 113
75 115
75 116
75 118
75 119
75 120
75 123
75 124
75 125
75 127
75 128
75 129
75 130
75 131
75 132
75 133
75 135
75 137
75 138
75 139
76 78
76 79
76 80
76 82
76 84
76 85
76 86
76 87
76 89
76 91
76 93
76 94
76 95
76 98
76 99
76 101
76 104
76 105
76 106
76 107
76 110
76 113
76 114
76 118
76 119
76 120
76 123
76 124
76 125
76 126
76 127
76 128
76 129
76 130
76 132
76 133
76 134
76 135
76 136
76 139
77 78
77 80
77 81
77 82
77 83
77 88
77 89
77 90
77 91
77 92
77 93
77 94
77 96
77 98
77 99
77 101
77 103
77 105
77 109
77 114
77 115
77 116
77 117
77 118
77 121
77 122
77 124
77 125
77 126
77 130
77 133
77 134
77 135
77 137
77 138
78 80
78 81
78 83
78 86
78 87
78 88
78 89
78 90
78 91
78 94
78 96
78 97
78 99
78 100
78 102
78 103
78 104
78 105
78 106
78 107
78 108
78 109
78 111
78 112
78 113
78 114
78 115
78 116
78 117
78 118
78 119
78 120
78 121
78 123
78 124
78 125
78 126
78 128
78 129
78 130
78 131
78 136
78 137
78 138
78 139
79 81
79 83
79 84
79 85
79 86
79 87
79 91
79 92
79 93
79 95
79 97
79 98
79 102
79 103
79 106
79 107
79 110
79 111
79 112
79 113
79 114
79 115
79 118
79 120
79 121
79 123
79 126
79 128
79 129
79 131
79 132
79 134
79 135
79 136
79 137
79 138
79 139
80 82
80 83
80 85
80 87
80 90
80 91
80 92
80 93
80 95
80 96
80 97
80 99
80 100
80 102
80 103
80 104
80 109
80 111
80 113
80 114
80 115
80 118
80 119
80 122
80 123
80 124
80 125
80 128
80 129
80 130
80 135
80 136
80 137
80 139
81 82
