7784
0 6
0 9
0 10
0 12
0 16
0 17
0 22
0 27
0 33
0 35
0 40
0 45
0 48
0 49
0 54
0 55
0 59
0 60
0 63
0 68
0 76
0 81
0 82
0 87
0 97
0 104
0 116
0 124
0 130
0 2
0 3
0 4
0 5
0 14
0 20
0 21
0 23
0 25
0 38
0 41
0 47
0 50
0 51
0 56
0 69
0 70
0 74
0 83
0 88
0 91
0 103
0 106
0 117
0 122
0 132
0 134
0 135
0 7
0 8
0 26
0 30
0 37
0 44
0 52
0 58
0 65
0 71
0 80
0 95
0 96
0 98
0 105
0 107
0 111
0 126
0 133
0 136
0 137
0 138
0 139
0 15
0 18
0 29
0 31
0 34
0 46
0 53
0 67
0 73
0 77
0 85
0 86
0 89
0 94
0 102
0 109
0 110
0 113
0 119
0 121
0 128
0 19
0 57
0 64
0 72
0 78
0 79
0 84
0 92
0 115
0 125
0 127
0 131
1 2
1 8
1 11
1 12
1 19
1 20
1 31
1 34
1 41
1 44
1 46
1 47
1 48
1 49
1 50
1 51
1 71
1 72
1 74
1 79
1 81
1 83
1 85
1 88
1 93
1 95
1 101
1 102
1 103
1 107
1 108
1 109
1 114
1 116
1 119
1 120
1 122
1 127
1 128
1 131
1 137
1 138
1 6
1 10
1 15
1 16
1 17
1 28
1 38
1 40
1 43
1 45
1 53
1 55
1 59
1 60
1 69
1 73
1 75
1 78
1 82
1 84
1 87
1 97
1 98
1 100
1 106
1 110
1 115
1 118
1 121
1 123
1 136
1 14
1 18
1 24
1 25
1 26
1 39
1 54
1 64
1 67
1 68
1 89
1 91
1 92
1 94
1 105
1 113
1 125
1 129
1 3
1 5
1 27
1 37
1 61
1 96
1 104
1 117
1 133
1 9
1 13
1 21
1 29
1 33
1 35
1 36
1 52
1 58
1 66
1 70
1 76
1 77
1 126
1 132
2 5
2 7
2 9
2 11
2 15
2 16
2 24
2 26
2 27
2 28
2 31
2 36
2 38
2 41
2 42
2 47
2 48
2 50
2 51
2 52
2 56
2 57
2 58
2 59
2 63
2 71
2 75
2 87
2 92
2 94
2 97
2 103
2 107
2 110
2 112
2 113
2 116
2 119
2 122
2 126
2 128
2 132
2 134
2 135
2 10
2 20
2 25
2 29
2 35
2 37
2 46
2 49
2 61
2 64
2 66
2 69
2 73
2 74
2 83
2 84
2 86
2 90
2 91
2 102
2 106
2 115
2 124
2 131
2 133
2 136
2 137
2 3
2 14
2 17
2 19
2 22
2 23
2 30
2 33
2 34
2 60
2 65
2 67
2 79
2 81
2 85
2 88
2 95
2 100
2 104
2 111
2 120
2 123
2 129
2 130
2 139
2 6
2 18
2 43
2 45
2 72
2 76
2 80
2 93
2 98
2 105
2 108
2 114
2 118
2 121
2 125
2 8
2 13
2 40
2 62
2 89
2 99
2 117
3 5
3 7
3 12
3 15
3 17
3 19
3 21
3 22
3 24
3 27
3 28
3 37
3 42
3 46
3 48
3 52
3 54
3 57
3 70
3 75
3 76
3 77
3 78
3 80
3 85
3 86
3 92
3 93
3 94
3 95
3 97
3 100
3 103
3 105
3 111
3 113
3 118
3 121
3 123
3 130
3 138
3 4
3 9
3 16
3 18
3 20
3 35
3 41
3 43
3 47
3 50
3 51
3 56
3 59
3 62
3 63
3 64
3 66
3 67
3 73
3 74
3 83
3 89
3 99
3 101
3 107
3 109
3 112
3 115
3 117
3 127
3 131
3 132
3 136
3 139
3 10
3 14
3 26
3 32
3 33
3 53
3 58
3 60
3 61
3 68
3 79
3 81
3 82
3 96
3 104
3 133
3 134
3 13
3 23
3 25
3 30
3 34
3 36
3 49
3 72
3 102
3 108
3 114
3 119
3 120
3 124
3 125
3 128
3 135
3 8
3 40
3 44
3 65
3 98
3 137
4 7
4 8
4 10
4 11
4 12
4 16
4 17
4 18
4 20
4 23
4 25
4 26
4 32
4 33
4 34
4 35
4 36
4 38
4 39
4 42
4 43
4 46
4 47
4 48
4 50
4 54
4 59
4 62
4 66
4 68
4 69
4 70
4 78
4 81
4 83
4 85
4 86
4 91
4 94
4 97
4 103
4 104
4 112
4 118
4 119
4 123
4 124
4 127
4 131
4 133
4 139
4 19
4 21
4 22
4 41
4 44
4 64
4 71
4 75
4 89
4 90
4 92
4 95
4 99
4 100
4 105
4 107
4 113
4 129
4 134
4 136
4 137
4 13
4 15
4 29
4 30
4 45
4 49
4 57
4 67
4 77
4 88
4 109
4 114
4 116
4 117
4 122
4 125
4 126
4 128
4 6
4 28
4 31
4 51
4 52
4 56
4 63
4 79
4 98
4 130
4 132
4 135
4 138
4 37
4 55
4 60
4 61
4 74
4 80
4 84
4 101
4 111
5 8
5 9
5 11
5 13
5 19
5 20
5 21
5 22
5 23
5 25
5 26
5 32
5 33
5 38
5 41
5 46
5 51
5 52
5 54
5 55
5 57
5 59
5 60
5 63
5 68
5 69
5 71
5 72
5 73
5 75
5 80
5 83
5 84
5 86
5 88
5 89
5 90
5 100
5 102
5 103
5 104
5 106
5 109
5 111
5 112
5 113
5 115
5 125
5 131
5 137
5 138
5 6
5 17
5 18
5 28
5 30
5 35
5 39
5 40
5 43
5 44
5 45
5 48
5 49
5 61
5 64
5 66
5 67
5 70
5 74
5 91
5 94
5 101
5 107
5 108
5 119
5 121
5 127
5 128
5 134
5 135
5 10
5 14
5 36
5 56
5 65
5 77
5 85
5 93
5 95
5 116
5 120
5 122
5 130
5 136
5 16
5 24
5 27
5 29
5 37
5 47
5 50
5 62
5 76
5 79
5 81
5 82
5 96
5 97
5 98
5 105
5 114
5 123
5 129
5 139
5 87
5 99
5 124
5 132
6 8
6 9
6 15
6 18
6 22
6 24
6 33
6 38
6 39
6 40
6 41
6 60
6 63
6 64
6 66
6 67
6 68
6 69
6 76
6 82
6 84
6 86
6 98
6 99
6 100
6 103
6 105
6 108
6 110
6 111
6 114
6 116
6 117
6 120
6 127
6 128
6 131
6 133
6 139
6 7
6 13
6 19
6 21
6 34
6 36
6 37
6 45
6 50
6 52
6 54
6 71
6 73
6 74
6 80
6 81
6 85
6 89
6 92
6 113
6 123
6 124
6 10
6 11
6 20
6 25
6 26
6 27
6 28
6 32
6 42
6 44
6 46
6 51
6 55
6 61
6 70
6 78
6 90
6 96
6 97
6 101
6 106
6 107
6 119
6 125
6 126
6 130
6 134
6 136
6 12
6 14
6 43
6 53
6 58
6 59
6 65
6 75
6 88
6 94
6 102
6 118
6 129
6 132
6 17
6 29
6 30
6 47
6 57
6 77
6 93
6 109
6 122
6 135
6 137
7 11
7 13
7 18
7 19
7 21
7 25
7 30
7 33
7 50
7 51
7 52
7 56
7 60
7 62
7 63
7 65
7 68
7 72
7 73
7 75
7 77
7 81
7 83
7 86
7 91
7 93
7 95
7 96
7 100
7 106
7 107
7 109
7 110
7 116
7 118
7 121
7 122
7 125
7 128
7 131
7 134
7 8
7 10
7 12
7 23
7 24
7 27
7 31
7 37
7 42
7 43
7 44
7 45
7 47
7 49
7 53
7 54
7 55
7 64
7 66
7 67
7 76
7 79
7 84
7 115
7 123
7 129
7 133
7 14
7 28
7 35
7 39
7 40
7 57
7 69
7 80
7 89
7 98
7 99
7 103
7 104
7 126
7 132
7 136
7 58
7 70
7 74
7 82
7 85
7 87
7 88
7 102
7 108
7 111
7 117
7 139
7 15
7 22
7 29
7 61
7 92
7 94
7 97
7 119
8 9
8 11
8 14
8 17
8 18
8 24
8 26
8 28
8 31
8 35
8 36
8 42
8 47
8 50
8 51
8 54
8 56
8 58
8 61
8 62
8 63
8 64
8 66
8 74
8 75
8 80
8 81
8 83
8 84
8 87
8 88
8 89
8 90
8 96
8 100
8 107
8 116
8 117
8 120
8 123
8 126
8 128
8 133
8 135
8 139
8 13
8 21
8 22
8 34
8 39
8 41
8 43
8 44
8 52
8 53
8 70
8 79
8 82
8 85
8 93
8 94
8 97
8 106
8 108
8 109
8 111
8 113
8 114
8 121
8 124
8 125
8 131
8 12
8 15
8 16
8 23
8 27
8 29
8 37
8 38
8 55
8 60
8 72
8 73
8 76
8 77
8 98
8 99
8 102
8 105
8 119
8 130
8 32
8 45
8 46
8 69
8 127
8 19
8 25
8 30
8 59
8 65
8 67
8 92
8 104
8 110
8 122
9 11
9 12
9 13
9 14
9 15
9 17
9 21
9 26
9 29
9 31
9 37
9 42
9 45
9 47
9 51
9 52
9 66
9 71
9 75
9 76
9 86
9 87
9 93
9 95
9 100
9 101
9 104
9 105
9 106
9 111
9 120
9 122
9 127
9 128
9 129
9 136
9 138
9 139
9 20
9 22
9 28
9 32
9 39
9 55
9 59
9 62
9 63
9 68
9 81
9 84
9 85
9 90
9 91
9 92
9 98
9 113
9 119
9 123
9 126
9 137
9 10
9 19
9 24
9 25
9 27
9 34
9 46
9 48
9 50
9 56
9 57
9 61
9 65
9 74
9 88
9 89
9 109
9 124
9 125
9 16
9 30
9 38
9 69
9 70
9 77
9 79
9 82
9 97
9 103
9 121
9 132
9 133
9 18
9 33
9 36
9 73
9 102
9 108
9 112
9 118
10 11
10 12
10 14
10 15
10 19
10 27
10 35
10 49
10 51
10 55
10 56
10 57
10 58
10 61
10 69
10 70
10 80
10 81
10 82
10 83
10 87
10 88
10 90
10 97
10 103
10 110
10 116
10 121
10 122
10 126
10 133
10 136
10 17
10 21
10 25
10 26
10 29
10 30
10 38
10 41
10 44
10 46
10 47
10 64
10 71
10 76
10 77
10 79
10 89
10 96
10 100
10 104
10 105
10 113
10 118
10 125
10 128
10 137
10 13
10 23
10 24
10 32
10 34
10 36
10 53
10 54
10 59
10 65
10 67
10 72
10 75
10 78
10 91
10 92
10 93
10 98
10 111
10 120
10 123
10 127
10 130
10 20
10 22
10 39
10 40
10 50
10 52
10 62
10 68
10 74
10 99
10 106
10 117
10 124
10 129
10 131
10 132
10 135
10 139
10 42
10 43
10 112
10 134
11 13
11 15
11 16
11 20
11 26
11 29
11 33
11 40
11 45
11 50
11 53
11 54
11 55
11 58
11 61
11 63
11 66
11 68
11 70
11 71
11 74
11 79
11 84
11 91
11 92
11 96
11 97
11 108
11 109
11 111
11 116
11 121
11 125
11 127
11 128
11 129
11 131
11 138
11 139
11 12
11 21
11 22
11 23
11 32
11 36
11 37
11 39
11 41
11 51
11 52
11 56
11 67
11 76
11 86
11 90
11 93
11 95
11 101
11 105
11 106
11 113
11 114
11 115
11 122
11 132
11 137
11 17
11 25
11 34
11 43
11 48
11 57
11 77
11 78
11 82
11 89
11 94
11 102
11 110
11 112
11 117
11 123
11 134
11 135
11 18
11 30
11 69
11 73
11 83
11 88
11 99
11 103
11 130
11 133
11 27
11 49
11 65
11 72
11 85
11 118
11 136
12 13
12 18
12 19
12 20
12 21
12 23
12 26
12 36
12 42
12 45
12 48
12 50
12 52
12 58
12 64
12 71
12 72
12 76
12 84
12 85
12 88
12 91
12 96
12 97
12 100
12 102
12 106
12 110
12 111
12 112
12 114
12 117
12 118
12 119
12 125
12 127
12 128
12 130
12 131
12 132
12 136
12 139
12 28
12 29
12 33
12 34
12 37
12 41
12 57
12 60
12 62
12 70
12 81
12 86
12 93
12 101
12 103
12 107
12 115
12 116
12 121
12 122
12 126
12 137
12 14
12 25
12 40
12 44
12 46
12 61
12 65
12 66
12 67
12 73
12 74
12 78
12 92
12 104
12 105
12 113
12 123
12 135
12 16
12 17
12 24
12 31
12 38
12 39
12 43
12 51
12 79
12 80
12 90
12 124
12 138
12 27
12 32
12 53
12 77
12 89
12 133
12 134
13 20
13 21
13 23
13 24
13 25
13 28
13 29
13 30
13 40
13 44
13 45
13 46
13 51
13 54
13 57
13 59
13 61
13 64
13 66
13 70
13 72
13 75
13 78
13 80
13 87
13 90
13 91
13 93
13 98
13 99
13 100
13 102
13 107
13 109
13 111
13 118
13 120
13 122
13 125
13 126
13 127
13 139
13 15
13 34
13 36
13 41
13 43
13 55
13 60
13 73
13 79
13 82
13 85
13 94
13 97
13 101
13 105
13 108
13 110
13 112
13 121
13 130
13 131
13 132
13 135
13 19
13 47
13 49
13 53
13 58
13 69
13 92
13 95
13 103
13 124
13 133
13 136
13 137
13 16
13 17
13 18
13 33
13 35
13 37
13 42
13 48
13 50
13 56
13 63
13 65
13 67
13 68
13 74
13 83
13 86
13 113
13 119
13 123
13 134
13 14
13 22
13 39
13 77
13 88
13 96
13 104
13 114
13 115
13 128
14 22
14 37
14 38
14 42
14 44
14 51
14 52
14 53
14 56
14 60
14 64
14 66
14 70
14 72
14 74
14 77
14 82
14 84
14 85
14 90
14 94
14 95
14 98
14 99
14 110
14 111
14 114
14 119
14 120
14 123
14 127
14 133
14 135
14 136
14 137
14 18
14 21
14 23
14 25
14 28
14 30
14 31
14 43
14 45
14 47
14 48
14 50
14 57
14 63
14 67
14 71
14 80
14 87
14 89
14 102
14 104
14 109
14 112
14 113
14 122
14 124
14 126
14 132
14 139
14 17
14 19
14 20
14 24
14 26
14 35
14 46
14 54
14 78
14 79
14 91
14 105
14 107
14 117
14 121
14 131
14 16
14 33
14 34
14 41
14 83
14 93
14 103
14 108
14 115
14 128
14 129
14 130
14 134
14 27
14 36
14 39
14 59
14 69
14 73
14 75
14 106
15 16
15 23
15 24
15 28
15 32
15 41
15 42
15 44
15 47
15 52
15 54
15 55
15 58
15 60
15 61
15 62
15 67
15 68
15 69
15 74
15 79
15 80
15 82
15 86
15 87
15 89
15 90
15 92
15 102
15 103
15 104
15 110
15 114
15 115
15 116
15 117
15 121
15 122
15 123
15 124
15 129
15 131
15 133
15 136
15 137
15 139
15 18
15 19
15 20
15 21
15 29
15 31
15 43
15 50
15 51
15 53
15 63
15 64
15 71
15 76
15 85
15 88
15 105
15 109
15 119
15 132
15 25
15 35
15 40
15 45
15 49
15 57
15 75
15 78
15 84
15 99
15 100
15 112
15 118
15 120
15 125
15 126
15 127
15 17
15 26
15 30
15 34
15 36
15 37
15 39
15 46
15 73
15 96
15 106
15 108
15 130
15 38
15 66
15 70
15 77
15 81
15 94
15 101
15 107
15 111
15 135
16 17
16 18
16 20
16 24
16 25
16 27
16 33
16 37
16 39
16 41
16 46
16 48
16 50
16 53
16 60
16 62
16 63
16 67
16 69
16 72
16 77
16 78
16 81
16 82
16 85
16 98
16 105
16 107
16 108
16 109
16 117
16 118
16 122
16 125
16 133
16 138
16 19
16 22
16 26
16 28
16 38
16 40
16 47
16 49
16 54
16 58
16 76
16 80
16 91
16 93
16 96
16 97
16 101
16 102
16 106
16 110
16 112
16 139
16 21
16 32
16 35
16 42
16 52
16 57
16 61
16 64
16 65
16 75
16 79
16 84
16 86
16 89
16 90
16 92
16 119
16 121
16 126
16 131
16 135
16 31
16 34
16 55
16 56
16 66
16 68
16 70
16 73
16 74
16 83
16 88
16 99
16 100
16 111
16 113
16 124
16 128
16 129
16 132
16 137
16 71
16 87
16 94
16 95
16 104
16 130
16 134
17 18
17 20
17 22
17 23
17 27
17 29
17 33
17 34
17 37
17 40
17 42
17 44
17 50
17 52
17 53
17 58
17 59
17 60
17 61
17 65
17 66
17 67
17 70
17 72
17 74
17 75
17 84
17 86
17 88
17 90
17 91
17 93
17 100
17 101
17 102
17 107
17 108
17 109
17 113
17 117
17 119
17 121
17 123
17 124
17 125
17 126
17 128
17 129
17 134
17 136
17 24
17 26
17 28
17 31
17 35
17 41
17 54
17 55
17 56
17 62
17 64
17 71
17 76
17 79
17 81
17 85
17 89
17 92
17 94
17 105
17 114
17 131
17 135
17 137
17 139
17 36
17 46
17 47
17 80
17 96
17 97
17 99
17 118
17 133
17 19
17 21
17 30
17 38
17 57
17 63
17 83
17 98
17 104
17 106
17 110
17 115
17 120
17 130
17 25
17 32
17 45
17 69
17 77
17 82
17 103
17 116
17 122
17 127
18 19
18 22
18 26
18 27
18 28
18 29
18 32
18 33
18 34
18 35
18 36
18 41
18 42
18 47
18 50
18 51
18 59
18 61
18 64
18 68
18 71
18 72
18 73
18 75
18 76
18 78
18 83
18 84
18 90
18 91
18 92
18 103
18 106
18 108
18 111
18 115
18 116
18 117
18 125
18 130
18 135
18 137
18 138
18 139
18 20
18 30
18 37
18 40
18 45
18 49
18 53
18 54
18 55
18 56
18 57
18 58
18 60
18 63
18 67
18 74
18 79
18 85
18 87
18 88
18 89
18 93
18 110
18 113
18 123
18 124
18 126
18 128
18 133
18 23
18 31
18 38
18 44
18 52
18 70
18 80
18 94
18 96
18 99
18 104
18 112
18 129
18 21
18 25
18 46
18 77
18 97
18 101
18 102
18 120
18 121
18 81
18 105
18 114
18 119
18 122
18 131
18 136
19 28
19 29
19 30
19 32
19 40
19 42
19 43
19 51
19 55
19 63
19 65
19 68
19 74
19 75
19 76
19 78
19 79
19 84
19 85
19 86
19 89
19 90
19 99
19 100
19 111
19 118
19 121
19 122
19 123
19 125
19 131
19 132
19 136
19 137
19 21
19 23
19 27
19 34
19 47
19 50
19 52
19 57
19 59
19 60
19 64
19 73
19 77
19 92
19 93
19 98
19 105
19 107
19 108
19 109
19 117
19 129
19 130
19 133
19 20
19 22
19 38
19 45
19 49
19 82
19 91
19 97
19 104
19 119
19 120
19 127
19 139
19 26
19 39
19 46
19 56
19 62
19 69
19 72
19 81
19 94
19 95
19 101
19 103
19 126
19 134
19 33
19 44
19 61
19 66
19 80
19 106
19 114
20 27
20 28
20 31
20 32
20 38
20 42
20 43
20 44
20 45
20 52
20 57
20 58
20 61
20 62
20 66
20 69
20 79
20 80
20 90
20 92
20 95
20 97
20 98
20 108
20 113
20 115
20 117
20 123
20 124
20 125
20 134
20 135
20 136
20 137
20 139
20 26
20 33
20 47
20 48
20 50
20 51
20 54
20 55
20 63
20 67
20 71
20 77
20 78
20 85
20 94
20 96
20 101
20 112
20 118
20 121
20 122
20 127
20 131
20 29
20 30
20 40
20 41
20 53
20 68
20 72
20 75
20 82
20 83
20 87
20 91
20 100
20 107
20 109
20 110
20 116
20 129
20 133
20 21
20 23
20 36
20 46
20 65
20 70
20 76
20 88
20 93
20 104
20 111
20 119
20 120
20 25
20 49
20 73
20 84
20 99
20 103
20 106
20 130
21 27
21 28
21 30
21 31
21 33
21 34
21 36
21 37
21 38
21 39
21 49
21 50
21 56
21 60
21 62
21 66
21 67
21 68
21 69
21 72
21 73
21 74
21 76
21 78
21 79
21 83
21 84
21 85
21 86
21 91
21 93
21 100
21 101
21 109
21 110
21 115
21 118
21 120
21 123
21 126
21 128
21 130
21 132
21 139
21 29
21 35
21 44
21 48
21 53
21 54
21 55
21 57
21 63
21 64
21 75
21 77
21 80
21 88
21 89
21 90
21 92
21 97
21 108
21 114
21 121
21 122
21 124
21 129
21 134
21 138
21 24
21 25
21 45
21 47
21 71
21 81
21 87
21 94
21 95
21 99
21 112
21 117
21 127
21 133
21 23
21 42
21 43
21 58
21 59
21 61
21 98
21 105
21 116
21 131
21 136
21 41
21 46
21 65
21 70
21 106
21 113
21 119
22 23
22 24
22 25
22 27
22 30
22 31
22 32
22 33
22 36
22 39
22 49
22 51
22 53
22 54
22 56
22 57
22 61
22 66
22 77
22 78
22 81
22 82
22 84
22 85
22 98
22 100
22 105
22 108
22 112
22 113
22 114
22 115
22 118
22 119
22 129
22 131
22 133
22 139
22 26
22 29
22 34
22 37
22 40
22 41
22 42
22 43
22 44
22 45
22 47
22 48
22 50
22 80
22 95
22 101
22 103
22 106
22 110
22 120
22 123
22 124
22 130
22 46
22 55
22 59
22 67
22 68
22 75
22 76
22 86
22 87
22 89
22 94
22 97
22 107
22 121
22 126
22 127
22 137
22 35
22 69
22 90
22 99
22 104
22 117
22 28
22 60
22 64
22 73
22 74
22 91
22 109
22 116
22 125
22 132
22 136
22 138
23 26
23 35
23 37
23 40
23 44
23 45
23 46
23 51
23 53
23 54
23 58
23 59
23 60
23 67
23 68
23 85
23 87
23 92
23 95
23 97
23 98
23 99
23 101
23 103
23 104
23 105
23 111
23 112
23 113
23 114
23 117
23 119
23 120
23 123
23 124
23 130
23 132
23 133
23 136
23 137
23 139
23 24
23 25
23 32
23 33
23 42
23 43
23 56
23 57
23 65
23 66
23 71
23 72
23 78
23 79
23 82
23 84
23 86
23 89
23 90
23 91
23 96
23 100
23 106
23 109
23 116
23 125
23 134
23 34
23 38
23 63
23 70
23 75
23 80
23 81
23 94
23 102
23 115
23 126
23 131
23 135
23 27
23 29
23 41
23 48
23 52
23 61
23 62
23 77
23 83
23 118
23 28
23 31
23 47
23 55
23 93
24 28
24 31
24 35
24 37
24 46
24 47
24 50
24 52
24 58
24 59
24 60
24 65
24 67
24 72
24 74
24 76
24 77
24 78
24 79
24 84
24 85
24 103
24 105
24 106
24 108
24 110
24 113
24 115
24 118
24 119
24 120
24 123
24 127
24 129
24 132
24 138
24 25
24 33
24 34
24 36
24 41
24 44
24 48
24 53
24 54
24 56
24 63
24 64
24 66
24 68
24 83
24 87
24 93
24 94
24 101
24 111
24 116
24 122
24 124
24 130
24 131
24 135
24 136
24 26
24 43
24 49
24 51
24 57
24 80
24 82
24 86
24 92
24 95
24 100
24 102
24 104
24 107
24 117
24 128
24 134
24 29
24 30
24 40
24 42
24 69
24 73
24 75
24 89
24 97
24 114
24 126
24 133
24 27
24 38
24 39
24 45
24 55
24 98
24 99
24 109
25 26
25 35
25 39
25 41
25 42
25 43
25 44
25 46
25 47
25 51
25 53
25 54
25 55
25 58
25 59
25 62
25 69
25 76
25 78
25 79
25 80
25 81
25 82
25 84
25 87
25 91
25 105
25 106
25 111
25 112
25 114
25 116
25 119
25 120
25 121
25 122
25 124
25 128
25 133
25 134
25 139
25 27
25 32
25 33
25 34
25 36
25 40
25 64
25 66
25 67
25 85
25 92
25 98
25 100
25 103
25 107
25 110
25 115
25 131
25 137
25 38
25 60
25 71
25 75
25 94
25 95
25 102
25 109
25 117
25 126
25 132
25 135
25 31
25 45
25 48
25 56
25 63
25 65
25 68
25 89
25 93
25 99
25 108
25 113
25 118
25 127
25 129
25 130
25 138
25 49
25 50
25 73
25 77
25 83
25 88
26 31
26 33
26 37
26 40
26 41
26 42
26 43
26 44
26 47
26 49
26 51
26 53
26 62
26 68
26 70
26 83
26 84
26 85
26 90
26 91
26 94
26 95
26 97
26 102
26 103
26 104
26 111
26 114
26 118
26 120
26 121
26 131
26 135
26 137
26 39
26 48
26 58
26 63
26 72
26 73
26 80
26 89
26 96
26 99
26 101
26 105
26 129
26 133
26 134
26 35
26 54
26 55
26 56
26 60
26 61
26 66
26 71
26 75
26 78
26 81
26 87
26 106
26 107
26 119
26 126
26 127
26 128
26 130
26 132
26 139
26 27
26 28
26 29
26 36
26 45
26 46
26 64
26 82
26 88
26 92
26 93
26 110
26 112
26 117
26 123
26 124
26 136
26 138
26 30
26 38
26 57
26 59
26 65
26 76
27 28
27 30
27 31
27 36
27 38
27 44
27 45
27 46
27 47
27 48
27 49
27 50
27 51
27 56
27 59
27 64
27 66
27 69
27 76
27 78
27 80
27 81
27 82
27 83
27 87
27 89
27 92
27 93
27 94
27 96
27 98
27 102
27 107
27 110
27 116
27 117
27 118
27 119
27 125
27 126
27 127
27 130
27 131
27 132
27 133
27 134
27 137
27 138
27 139
27 29
27 32
27 34
27 37
27 57
27 61
27 67
27 79
27 90
27 97
27 101
27 109
27 112
27 114
27 121
27 129
27 33
27 39
27 41
27 53
27 58
27 70
27 71
27 72
27 75
27 91
27 99
27 103
27 105
27 106
27 123
27 124
27 128
27 136
27 40
27 42
27 54
27 55
27 73
27 84
27 86
27 135
27 60
27 88
27 95
27 113
27 115
28 30
28 31
28 32
28 40
28 41
28 43
28 44
28 47
28 50
28 52
28 60
28 70
28 74
28 78
28 80
28 81
28 86
28 87
28 90
28 101
28 103
28 105
28 109
28 114
28 118
28 119
28 124
28 125
28 127
28 128
28 130
28 135
28 137
28 138
28 139
28 29
28 35
28 37
28 38
28 39
28 45
28 48
28 57
28 58
28 61
28 65
28 66
28 68
28 69
28 73
28 77
28 83
28 84
28 88
28 89
28 93
28 94
28 98
28 99
28 100
28 104
28 107
28 110
28 111
28 116
28 134
28 34
28 46
28 49
28 51
28 53
28 55
28 56
28 62
28 63
28 71
28 75
28 76
28 82
28 92
28 95
28 122
28 123
28 131
28 136
28 54
28 67
28 72
28 91
28 102
28 106
28 113
28 117
28 132
28 33
28 79
28 120
28 129
29 34
29 40
29 43
29 46
29 48
29 54
29 58
29 59
29 62
29 67
29 78
29 85
29 89
29 91
29 92
29 95
29 99
29 102
29 104
29 111
29 112
29 115
29 119
29 121
29 125
29 127
29 128
29 129
29 130
29 134
29 135
29 136
29 137
29 138
29 139
29 30
29 31
29 33
29 36
29 37
29 38
29 39
29 41
29 42
29 44
29 49
29 53
29 63
29 65
29 66
29 70
29 71
29 75
29 87
29 90
29 106
29 107
29 113
29 114
29 117
29 120
29 131
29 132
29 133
29 35
29 50
29 51
29 60
29 61
29 69
29 72
29 80
29 83
29 84
29 86
29 88
29 93
29 96
29 103
29 118
29 126
29 56
29 64
29 68
29 73
29 81
29 82
29 94
29 97
29 108
29 116
29 123
29 124
29 74
29 98
29 100
29 110
30 32
30 33
30 34
30 39
30 45
30 48
30 50
30 51
30 52
30 59
30 68
30 75
30 78
30 80
30 82
30 95
30 96
30 98
30 100
30 106
30 108
30 114
30 118
30 119
30 124
30 130
30 131
30 132
30 134
30 137
30 31
30 37
30 41
30 49
30 53
30 58
30 60
30 61
30 63
30 65
30 67
30 74
30 76
30 79
30 86
30 87
30 90
30 94
30 102
30 103
30 115
30 120
30 127
30 128
30 139
30 35
30 36
30 44
30 62
30 66
30 69
30 77
30 81
30 84
30 85
30 91
30 92
30 97
30 101
30 104
30 107
30 109
30 110
30 121
30 126
30 133
30 40
30 43
30 54
30 56
30 64
30 72
30 73
30 89
30 105
30 122
30 123
30 125
30 135
30 138
30 71
30 88
30 129
31 33
31 34
31 35
31 36
31 38
31 40
31 41
31 43
31 44
31 46
31 47
31 49
31 51
31 52
31 54
31 55
31 60
31 63
31 64
31 70
31 73
31 75
31 77
31 79
31 82
31 83
31 85
31 88
31 91
31 92
31 93
31 97
31 98
31 99
31 100
31 101
31 105
31 107
31 109
31 116
31 120
31 121
31 123
31 132
31 134
31 135
31 32
31 57
31 65
31 95
31 112
31 113
31 117
31 119
31 122
31 124
31 125
31 127
31 129
31 130
31 131
31 136
31 39
31 45
31 50
31 58
31 59
31 71
31 80
31 87
31 90
31 94
31 103
31 106
31 126
31 139
31 37
31 42
31 74
31 78
31 89
31 96
31 108
31 111
31 115
31 133
31 53
31 62
31 84
31 102
31 104
31 110
31 114
32 38
32 43
32 45
32 47
32 49
32 51
32 57
32 58
32 61
32 64
32 77
32 82
32 92
32 97
32 98
32 105
32 112
32 113
32 114
32 120
32 121
32 127
32 131
32 134
32 136
32 138
32 37
32 56
32 62
32 67
32 72
32 73
32 79
32 84
32 86
32 88
32 89
32 90
32 93
32 95
32 101
32 108
32 111
32 124
32 35
32 36
32 46
32 52
32 55
32 59
32 70
32 75
32 78
32 81
32 100
32 102
32 123
32 135
32 139
32 34
32 39
32 40
32 54
32 63
32 65
32 74
32 76
32 85
32 107
32 116
32 125
32 130
32 132
32 42
32 48
32 68
32 83
32 87
32 96
32 99
32 103
32 109
32 117
32 119
32 128
33 35
33 37
33 39
33 40
33 44
33 46
33 52
33 56
33 59
33 60
33 62
33 70
33 74
33 77
33 78
33 79
33 81
33 82
33 83
33 87
33 88
33 95
33 96
33 100
33 102
33 109
33 110
33 111
33 112
33 114
33 116
33 122
33 126
33 127
33 129
33 130
33 132
33 136
33 138
33 34
33 41
33 51
33 54
33 64
33 67
33 68
33 71
33 76
33 80
33 85
33 86
33 89
33 90
33 99
33 105
33 117
33 118
33 120
33 124
33 128
33 135
33 36
33 45
33 49
33 53
33 57
33 61
33 72
33 93
33 119
33 123
33 125
33 42
33 48
33 58
33 65
33 66
33 91
33 103
33 104
33 107
33 113
33 115
33 43
33 47
33 63
33 84
33 92
33 131
33 133
34 35
34 37
34 39
34 45
34 46
34 48
34 50
34 54
34 55
34 59
34 78
34 79
34 83
34 87
34 94
34 97
34 100
34 106
34 108
34 109
34 121
34 123
34 125
34 126
34 127
34 128
34 132
34 135
34 136
34 137
34 44
34 49
34 53
34 58
34 68
34 98
34 99
34 103
34 107
34 116
34 117
34 131
34 40
34 41
34 47
34 57
34 61
34 62
34 74
34 77
34 82
34 85
34 86
34 88
34 90
34 92
34 139
34 36
34 51
34 64
34 65
34 72
34 73
34 104
34 110
34 112
34 118
34 119
34 124
34 133
34 52
34 63
34 67
34 70
34 76
34 89
34 101
34 105
34 111
34 120
35 40
35 46
35 49
35 54
35 55
35 56
35 58
35 62
35 63
35 64
35 65
35 74
35 75
35 77
35 78
35 79
35 81
35 85
35 90
35 91
35 94
35 95
35 105
35 110
35 114
35 115
35 116
35 121
35 123
35 124
35 127
35 129
35 131
35 132
35 135
35 139
35 36
35 37
35 38
35 41
35 52
35 53
35 68
35 70
35 71
35 84
35 86
35 97
35 101
35 106
35 111
35 112
35 113
35 128
35 130
35 133
35 134
35 43
35 50
35 57
35 60
35 67
35 72
35 76
35 82
35 87
35 92
35 99
35 100
35 102
35 136
35 45
35 69
35 89
35 96
35 98
35 107
35 119
35 120
35 125
35 51
35 103
35 108
35 109
35 117
35 126
35 137
35 138
36 38
36 40
36 41
36 42
36 46
36 51
36 55
36 61
36 62
36 63
36 65
36 74
36 81
36 83
36 84
36 86
36 87
36 88
36 101
36 110
36 111
36 112
36 114
36 118
36 121
36 123
36 125
36 128
36 133
36 134
36 136
36 138
36 139
36 39
36 45
36 47
36 53
36 54
36 56
36 58
36 71
36 72
36 75
36 77
36 82
36 90
36 96
36 100
36 105
36 109
36 116
36 43
36 44
36 49
36 50
36 57
36 67
36 68
36 70
36 76
36 80
36 85
36 93
36 94
36 102
36 103
36 104
36 108
36 113
36 117
36 122
36 129
36 132
36 137
36 48
36 73
36 106
36 107
36 119
36 126
36 127
36 131
36 60
36 66
36 79
36 97
36 124
37 38
37 42
37 45
37 53
37 57
37 67
37 70
37 76
37 81
37 85
37 86
37 89
37 99
37 101
37 104
37 109
37 110
37 111
37 115
37 116
37 118
37 119
37 120
37 122
37 127
37 134
37 138
37 39
37 40
37 50
37 52
37 55
37 62
37 64
37 83
37 88
37 91
37 92
37 93
37 97
37 98
37 100
37 106
37 107
37 114
37 117
37 126
37 128
37 129
37 46
37 48
37 49
37 51
37 54
37 60
37 74
37 77
37 84
37 87
37 96
37 105
37 113
37 123
37 125
37 130
37 132
37 137
37 41
37 44
37 56
37 59
37 65
37 68
37 69
37 75
37 90
37 94
37 95
37 103
37 108
37 112
37 121
37 43
37 58
38 45
38 50
38 54
38 55
38 56
38 61
38 65
38 66
38 67
38 68
38 74
38 75
38 77
38 79
38 85
38 87
38 90
38 91
38 93
38 102
38 107
38 113
38 114
38 120
38 122
38 123
38 124
38 133
38 135
38 136
38 137
38 39
38 44
38 51
38 52
38 57
38 63
38 64
38 69
38 71
38 80
38 81
38 82
38 86
38 88
38 89
38 94
38 108
38 110
38 111
38 115
38 116
38 121
38 126
38 139
38 40
38 43
38 47
38 59
38 62
38 83
38 92
38 96
38 98
38 101
38 105
38 125
38 131
38 41
38 46
38 72
38 78
38 97
38 99
38 112
38 118
38 119
38 129
38 53
38 58
38 60
38 76
38 95
38 127
39 40
39 47
39 48
39 54
39 61
39 65
39 70
39 78
39 79
39 82
39 83
39 84
39 89
39 91
39 96
39 97
39 99
39 103
39 104
39 107
39 108
39 110
39 111
39 113
39 118
39 120
39 127
39 128
39 136
39 138
39 41
39 42
39 46
39 52
39 55
39 57
39 58
39 59
39 60
39 63
39 66
39 69
39 77
39 90
39 93
39 94
39 101
39 119
39 121
39 123
39 124
39 130
39 132
39 137
39 51
39 71
39 72
39 73
39 80
39 85
39 86
39 92
39 95
39 105
39 112
39 115
39 116
39 122
39 133
39 134
39 139
39 43
39 45
39 62
39 75
39 81
39 87
39 88
39 100
39 106
39 44
39 53
39 74
39 76
39 98
40 50
40 52
40 56
40 57
40 61
40 64
40 65
40 68
40 69
40 72
40 79
40 81
40 84
40 85
40 87
40 95
40 98
40 99
40 106
40 109
40 112
40 114
40 121
40 126
40 128
40 130
40 131
40 134
40 41
40 46
40 59
40 62
40 67
40 70
40 77
40 78
40 90
40 105
40 107
40 108
40 110
40 122
40 123
40 138
40 139
40 43
40 49
40 51
40 53
40 71
40 74
40 75
40 82
40 86
40 88
40 89
40 92
40 93
40 111
40 116
40 117
40 129
40 45
40 48
40 54
40 60
40 66
40 73
40 76
40 101
40 102
40 103
40 118
40 127
40 42
40 96
40 100
40 115
40 119
40 120
40 124
40 135
41 45
41 47
41 48
41 49
41 53
41 59
41 60
41 65
41 70
41 72
41 73
41 74
41 76
41 79
41 85
41 89
41 96
41 97
41 107
41 113
41 114
41 115
41 119
41 131
41 136
41 137
41 43
41 44
41 50
41 56
41 66
41 71
41 88
41 90
41 92
41 95
41 98
41 100
41 101
41 104
41 108
41 116
41 132
41 52
41 58
41 69
41 81
41 83
41 87
41 91
41 94
41 106
41 112
41 117
41 118
41 121
41 122
41 124
41 127
41 129
41 130
41 135
41 42
41 61
41 64
41 84
41 125
41 134
41 138
41 46
41 51
41 57
41 62
41 63
41 67
42 43
42 51
42 53
42 54
42 56
42 57
42 59
42 66
42 68
42 72
42 73
42 75
42 76
42 78
42 82
42 84
42 85
42 88
42 90
42 91
42 99
42 100
42 108
42 112
42 117
42 125
42 128
42 134
42 136
42 45
42 62
42 63
42 64
42 86
42 87
42 89
42 93
42 94
42 97
42 98
42 101
42 103
42 104
42 106
42 109
42 111
42 114
42 115
42 123
42 133
42 135
42 139
42 44
42 46
42 48
42 60
42 71
42 77
42 80
42 83
42 105
42 122
42 124
42 127
42 137
42 52
42 61
42 65
42 110
42 116
42 119
42 126
42 131
42 138
43 46
43 49
43 50
43 56
43 60
43 63
43 65
43 68
43 71
43 72
43 74
43 77
43 86
43 92
43 94
43 95
43 97
43 98
43 103
43 109
43 111
43 112
43 120
43 122
43 124
43 133
43 134
43 138
43 55
43 57
43 58
43 62
43 64
43 66
43 67
43 83
43 87
43 88
43 93
43 106
43 107
43 110
43 117
43 125
43 128
43 136
43 137
43 44
43 45
43 61
43 73
43 81
43 90
43 91
43 96
43 113
43 119
43 130
43 131
43 139
43 70
43 75
43 80
43 82
43 89
43 99
43 100
43 105
43 108
43 126
43 129
43 135
44 46
44 52
44 57
44 58
44 59
44 64
44 65
44 67
44 71
44 72
44 76
44 77
44 81
44 85
44 89
44 90
44 94
44 95
44 97
44 99
44 100
44 101
44 105
44 106
44 107
44 118
44 130
44 135
44 139
44 49
44 54
44 55
44 61
44 63
44 110
44 117
44 124
44 126
44 128
44 133
44 48
44 62
44 68
44 69
44 70
44 73
44 80
44 82
44 83
44 98
44 108
44 109
44 111
44 112
44 114
44 115
44 119
44 120
44 121
44 125
44 134
44 137
44 138
44 74
44 78
44 84
44 88
44 113
44 136
45 47
45 50
45 52
45 54
45 58
45 59
45 61
45 62
45 63
45 64
45 65
45 72
45 74
45 76
45 78
45 80
45 81
45 82
45 86
45 87
45 88
45 90
45 91
45 94
45 95
45 98
45 100
45 114
45 117
45 119
45 121
45 122
45 126
45 131
45 133
45 138
45 139
45 51
45 53
45 55
45 56
45 57
45 60
45 66
45 67
45 69
45 70
45 77
45 83
45 84
45 85
45 97
45 106
45 111
45 124
45 125
45 137
45 48
45 71
45 73
45 79
45 102
45 105
45 108
45 110
45 112
45 118
45 89
45 93
45 99
45 101
45 104
45 115
45 129
45 130
45 134
45 135
46 64
46 74
46 75
46 77
46 80
46 84
46 86
46 88
46 91
46 93
46 94
46 98
46 101
46 104
46 106
46 110
46 112
46 116
46 119
46 130
46 132
46 135
46 50
46 54
46 57
46 58
46 66
46 67
46 69
46 70
46 71
46 73
46 76
46 79
46 85
46 92
46 95
46 105
46 107
46 108
46 114
46 118
46 120
46 123
46 129
46 133
46 137
46 138
46 139
46 48
46 52
46 60
46 72
46 78
46 81
46 83
46 90
46 102
46 51
46 56
46 61
46 65
46 89
46 96
46 111
46 122
46 124
46 128
47 49
47 52
47 54
47 57
47 60
47 68
47 69
47 72
47 76
47 80
47 82
47 90
47 91
47 94
47 97
47 99
47 101
47 108
47 110
47 112
47 113
47 117
47 118
47 121
47 125
47 127
47 129
47 133
47 134
47 139
47 53
47 58
47 66
47 73
47 74
47 75
47 86
47 92
47 95
47 96
47 102
47 105
47 106
47 119
47 120
47 123
47 130
47 135
47 136
47 48
47 50
47 55
47 62
47 65
47 70
47 77
47 78
47 85
47 87
47 104
47 109
47 115
47 128
47 138
47 61
47 63
47 83
47 88
47 98
47 100
47 116
48 53
48 58
48 59
48 63
48 64
48 66
48 67
48 72
48 73
48 74
48 75
48 76
48 80
48 81
48 82
48 84
48 86
48 90
48 92
48 93
48 95
48 96
48 101
48 104
48 107
48 108
48 109
48 110
48 111
48 112
48 115
48 117
48 118
48 120
48 121
48 125
48 128
48 137
48 51
48 52
48 55
48 57
48 62
48 77
48 83
48 89
48 94
48 98
48 113
48 116
48 123
48 126
48 130
48 135
48 50
48 68
48 71
48 87
48 105
48 122
48 131
48 134
48 65
48 70
48 85
48 88
48 99
48 102
48 114
48 119
48 129
48 136
49 50
49 51
49 53
49 54
49 56
49 58
49 63
49 64
49 67
49 70
49 71
49 72
49 74
49 76
49 81
49 82
49 85
49 86
49 87
49 92
49 94
49 95
49 97
49 98
49 101
49 104
49 107
49 108
49 115
49 119
49 122
49 123
49 135
49 59
49 68
49 80
49 89
49 90
49 91
49 100
49 109
49 112
49 114
49 116
49 117
49 124
49 125
49 132
49 134
49 136
49 65
49 96
49 99
49 102
49 105
49 121
49 131
49 133
49 137
49 139
49 57
49 61
49 66
49 88
49 103
49 110
49 111
49 118
49 120
49 127
49 128
50 57
50 58
50 61
50 63
50 64
50 66
50 68
50 70
50 71
50 74
50 75
50 77
50 81
50 86
50 87
50 97
50 102
50 104
50 105
50 106
50 109
50 112
50 113
50 119
50 120
50 124
50 125
50 127
50 130
50 135
50 137
50 55
50 62
50 67
50 72
50 76
50 79
50 83
50 89
50 90
50 91
50 92
50 94
50 108
50 111
50 118
50 122
50 123
50 132
50 138
50 85
50 88
50 93
50 98
50 100
50 101
50 103
50 126
50 131
50 133
50 51
50 52
50 56
50 110
50 114
50 116
50 129
50 134
50 136
51 52
51 53
51 55
51 57
51 63
51 67
51 70
51 74
51 75
51 76
51 78
51 83
51 84
51 86
51 93
51 96
51 98
51 99
51 101
51 103
51 104
51 109
51 114
51 115
51 116
51 121
51 127
51 133
51 54
51 59
51 64
51 79
51 85
51 90
51 94
51 107
51 117
51 122
51 123
51 131
51 134
51 60
51 61
51 62
51 68
51 69
51 71
51 80
51 87
51 95
51 108
51 119
51 126
51 128
51 138
51 56
51 58
51 66
51 72
51 81
51 88
51 89
51 105
51 120
51 130
52 53
52 57
52 59
52 61
52 65
52 66
52 69
52 70
52 71
52 72
52 78
52 80
52 85
52 86
52 88
52 91
52 95
52 97
52 98
52 108
52 110
52 111
52 113
52 114
52 118
52 120
52 124
52 126
52 133
52 137
52 54
52 60
52 63
52 75
52 82
52 92
52 93
52 101
52 109
52 116
52 117
52 123
52 129
52 130
52 131
52 55
52 58
52 62
52 64
52 77
52 87
52 89
52 104
52 106
52 107
52 115
52 121
52 127
52 136
52 138
52 67
52 68
52 73
52 76
52 79
52 90
52 96
52 125
52 135
53 56
53 67
53 79
53 83
53 85
53 89
53 95
53 96
53 101
53 107
53 108
53 109
53 112
53 118
53 121
53 123
53 127
53 131
53 132
53 138
53 139
53 57
53 58
53 62
53 69
53 71
53 78
53 80
53 81
53 90
53 91
53 97
53 102
53 105
53 110
53 114
53 122
53 128
53 130
53 136
53 54
53 61
53 64
53 65
53 66
53 73
53 86
53 94
53 98
53 106
53 111
53 119
53 129
53 59
53 72
53 74
53 92
53 93
53 100
53 103
53 120
54 55
54 57
54 59
54 61
54 66
54 67
54 71
54 83
54 99
54 104
54 118
54 123
54 126
54 131
54 132
54 64
54 65
54 70
54 76
54 77
54 82
54 85
54 101
54 103
54 108
54 112
54 114
54 115
54 120
54 121
54 133
54 137
54 56
54 58
54 72
54 74
54 80
54 81
54 86
54 93
54 113
54 117
54 125
54 128
54 135
54 62
54 69
54 73
54 75
54 87
54 88
54 90
54 92
54 95
54 98
54 109
54 116
54 129
54 138
55 59
55 61
55 63
55 65
55 67
55 70
55 71
55 72
55 74
55 82
55 85
55 89
55 92
55 95
55 97
55 98
55 99
55 100
55 105
55 106
55 107
55 110
55 113
55 116
55 117
55 122
55 124
55 126
55 132
55 133
55 57
55 60
55 64
55 69
55 75
55 90
55 93
55 102
55 104
55 111
55 114
55 118
55 121
55 123
55 125
55 127
55 128
55 135
55 137
55 56
55 62
55 66
55 68
55 80
55 84
55 86
55 94
55 103
55 109
55 120
55 134
55 136
55 77
55 78
55 83
55 88
55 91
55 96
55 112
55 119
55 139
56 57
56 62
56 65
56 71
56 74
56 75
56 76
56 81
56 85
56 90
56 92
56 93
56 96
56 103
56 114
56 115
56 116
56 119
56 121
56 122
56 127
56 128
56 129
56 132
56 59
56 60
56 66
56 70
56 79
56 97
56 100
56 102
56 110
56 111
56 113
56 120
56 124
56 125
56 133
56 138
56 61
56 67
56 72
56 82
56 83
56 88
56 91
56 98
56 101
56 112
56 117
56 123
56 134
56 104
56 109
56 130
56 131
56 139
57 69
57 72
57 78
57 81
57 87
57 92
57 96
57 103
57 107
57 108
57 109
57 110
57 113
57 115
57 121
57 122
57 124
57 125
57 132
57 133
57 134
57 63
57 64
57 67
57 70
57 74
57 82
57 83
57 84
57 88
57 93
57 94
57 101
57 111
57 126
57 130
57 65
57 68
57 75
57 77
57 80
57 86
57 97
57 98
57 100
57 120
57 137
57 61
57 71
57 85
57 89
57 99
57 106
57 112
57 114
57 117
57 123
57 129
57 136
58 61
58 66
58 67
58 68
58 69
58 70
58 74
58 76
58 81
58 83
58 85
58 90
58 93
58 98
58 106
58 107
58 108
58 109
58 110
58 111
58 112
58 117
58 120
58 122
58 124
58 125
58 126
58 127
58 131
58 135
58 138
58 60
58 72
58 78
58 79
58 80
58 88
58 97
58 101
58 104
58 113
58 121
58 129
58 130
58 136
58 59
58 62
58 75
58 84
58 86
58 87
58 92
58 94
58 95
58 99
58 100
58 102
58 103
58 119
58 128
58 132
58 139
58 63
58 64
58 71
58 114
58 115
58 133
59 60
59 61
59 62
59 63
59 65
59 67
59 73
59 76
59 84
59 87
59 95
59 96
59 103
59 104
59 108
59 109
59 114
59 117
59 120
59 133
59 136
59 66
59 69
59 70
59 74
59 75
59 77
59 83
59 88
59 94
59 97
59 98
59 101
59 106
59 110
59 111
59 129
59 131
59 132
59 138
59 64
59 71
59 81
59 93
59 100
59 115
59 116
59 123
59 125
59 126
59 135
59 137
59 68
59 72
59 102
59 107
59 130
59 134
60 66
60 68
60 70
60 71
60 72
60 80
60 81
60 86
60 87
60 95
60 101
60 104
60 107
60 110
60 112
60 116
60 117
60 119
60 120
60 121
60 124
60 125
60 126
60 129
60 131
60 135
60 63
60 74
60 84
60 88
60 89
60 90
60 92
60 96
60 102
60 106
60 111
60 113
60 122
60 134
60 137
60 64
60 65
60 67
60 69
60 73
60 79
60 91
60 93
60 118
60 127
60 132
60 62
60 76
60 77
60 78
60 82
60 85
60 103
60 105
60 128
60 130
60 133
60 139
61 64
61 65
61 73
61 79
61 82
61 83
61 84
61 85
61 86
61 91
61 98
61 101
61 103
61 105
61 112
61 113
61 114
61 117
61 125
61 128
61 129
61 134
61 136
61 137
61 139
61 66
61 67
61 68
61 70
61 74
61 77
61 78
61 81
61 89
61 93
61 95
61 99
61 104
61 110
61 111
61 122
61 127
61 135
61 62
61 63
61 75
61 88
61 92
61 97
61 100
61 102
61 115
61 118
61 120
61 123
61 124
61 131
61 132
61 72
61 76
61 80
61 94
61 116
61 138
62 65
62 66
62 70
62 71
62 73
62 79
62 82
62 92
62 96
62 98
62 99
62 100
62 101
62 102
62 105
62 107
62 108
62 111
62 115
62 122
62 125
62 126
62 128
62 131
62 132
62 135
62 137
62 139
62 69
62 77
62 80
62 81
62 93
62 94
62 97
62 104
62 106
62 109
62 112
62 116
62 117
62 129
62 134
62 68
62 76
62 87
62 91
62 95
62 110
62 113
62 120
62 124
62 72
62 74
62 75
62 84
62 86
62 114
62 121
62 136
63 64
63 65
63 66
63 68
63 73
63 74
63 89
63 93
63 95
63 97
63 102
63 107
63 115
63 118
63 119
63 122
63 123
63 127
63 129
63 133
63 137
63 139
63 67
63 75
63 79
63 82
63 86
63 92
63 94
63 96
63 98
63 100
63 105
63 108
63 109
63 110
63 113
63 116
63 120
63 121
63 128
63 131
63 135
63 72
63 77
63 85
63 90
63 101
63 103
63 112
63 117
63 130
63 134
63 78
63 80
63 111
63 126
63 132
64 73
64 77
64 80
64 85
64 86
64 87
64 89
64 91
64 95
64 97
64 106
64 107
64 109
64 110
64 111
64 112
64 114
64 120
64 121
64 125
64 129
64 133
64 135
64 67
64 68
64 74
64 84
64 94
64 96
64 98
64 99
64 100
64 101
64 102
64 105
64 113
64 115
64 116
64 118
64 122
64 123
64 138
64 70
64 75
64 90
64 93
64 103
64 104
64 108
64 117
64 136
64 139
64 69
64 76
64 81
64 92
64 119
64 126
64 128
64 132
65 67
65 68
65 73
65 79
65 80
65 82
65 83
65 84
65 86
65 88
65 89
65 93
65 96
65 97
65 104
65 109
65 113
65 114
65 118
65 134
65 136
65 71
65 74
65 85
65 94
65 102
65 105
65 106
65 108
65 115
65 119
65 133
65 137
65 139
65 72
65 92
65 100
65 101
65 103
65 110
65 112
65 116
65 117
65 121
65 122
65 123
65 131
65 135
65 78
65 81
65 91
65 98
65 130
65 132
66 67
66 70
66 72
66 77
66 79
66 83
66 93
66 95
66 100
66 104
66 111
66 115
66 117
66 122
66 123
66 124
66 125
66 126
66 130
66 132
66 135
66 138
66 139
66 68
66 76
66 81
66 85
66 87
66 88
66 90
66 91
66 94
66 96
66 101
66 102
66 106
66 113
66 116
66 134
66 136
66 73
66 97
66 110
66 112
66 119
66 129
66 69
66 78
66 98
66 107
66 118
66 127
66 128
66 131
67 69
67 72
67 73
67 75
67 77
67 78
67 79
67 83
67 86
67 91
67 96
67 98
67 99
67 100
67 105
67 107
67 109
67 112
67 117
67 123
67 124
67 126
67 129
67 133
67 134
67 135
67 138
67 70
67 76
67 84
67 85
67 88
67 90
67 94
67 104
67 119
67 120
67 122
67 136
67 71
67 81
67 87
67 97
67 101
67 108
67 110
67 111
67 114
67 115
67 118
67 131
67 132
67 137
67 113
67 127
67 128
68 70
68 73
68 75
68 76
68 80
68 96
68 97
68 98
68 99
68 100
68 107
68 109
68 111
68 113
68 119
68 121
68 124
68 125
68 126
68 128
68 129
68 137
68 139
68 77
68 78
68 79
68 82
68 87
68 88
68 89
68 92
68 94
68 101
68 104
68 105
68 108
68 110
68 112
68 120
68 131
68 138
68 69
68 74
68 83
68 95
68 103
68 115
68 127
68 135
68 71
68 81
68 90
68 91
68 102
68 117
69 71
69 73
69 75
69 83
69 85
69 88
69 90
69 92
69 96
69 97
69 98
69 103
69 104
69 108
69 109
69 113
69 114
69 115
69 118
69 120
69 123
69 124
69 125
69 127
69 131
69 133
69 134
69 136
69 74
69 84
69 87
69 89
69 91
69 95
69 100
69 102
69 105
69 106
69 110
69 119
69 128
69 137
69 138
69 80
69 101
69 112
69 129
69 82
69 93
69 99
69 117
69 121
69 122
69 126
69 135
70 72
70 73
70 75
70 76
70 79
70 90
70 94
70 96
70 97
70 104
70 105
70 108
70 109
70 111
70 118
70 121
70 123
70 127
70 128
70 130
70 132
70 133
70 135
70 139
70 71
70 81
70 84
70 87
70 88
70 89
70 92
70 93
70 100
70 110
70 119
70 131
70 137
70 74
70 77
70 80
70 83
70 85
70 91
70 99
70 103
70 114
70 129
70 78
70 82
70 98
70 112
70 115
70 116
70 124
70 134
71 72
71 75
71 82
71 85
71 88
71 89
71 97
71 98
71 99
71 101
71 102
71 106
71 110
71 112
71 113
71 114
71 115
71 119
71 123
71 124
71 129
71 132
71 133
71 134
71 136
71 138
71 78
71 80
71 83
71 87
71 92
71 93
71 100
71 104
71 105
71 107
71 111
71 116
71 122
71 125
71 126
71 128
71 74
71 77
71 86
71 94
71 109
71 118
71 127
71 130
71 139
71 73
71 76
71 79
71 81
71 91
71 95
71 103
71 108
71 117
72 73
72 74
72 75
72 76
72 77
72 80
72 83
72 85
72 86
72 91
72 109
72 114
72 116
72 121
72 129
72 130
72 131
72 134
72 137
72 138
72 139
72 81
72 84
72 90
72 93
72 94
72 95
72 100
72 101
72 102
72 103
72 107
72 110
72 118
72 124
72 126
72 132
72 133
72 78
72 96
72 108
72 113
72 115
72 122
72 128
72 89
72 92
72 104
72 112
72 117
72 125
73 76
73 78
73 81
73 84
73 96
73 97
73 99
73 100
73 101
73 102
73 109
73 113
73 120
73 123
73 135
73 77
73 83
73 91
73 93
73 98
73 103
73 104
73 111
73 119
73 121
73 122
73 125
73 126
73 132
73 138
73 87
73 128
73 130
73 134
73 137
73 80
73 88
73 90
73 92
73 105
73 116
73 117
73 124
73 129
73 131
73 139
74 75
74 77
74 78
74 80
74 81
74 85
74 88
74 90
74 92
74 95
74 99
74 101
74 103
74 114
74 115
74 116
74 118
74 131
74 136
74 137
74 83
74 89
74 100
74 106
74 108
74 109
74 112
74 117
74 119
74 121
74 128
74 130
74 139
74 76
74 79
74 84
74 86
74 87
74 96
74 104
74 105
74 111
74 120
74 122
74 126
74 132
74 134
74 135
74 82
74 93
74 98
74 102
74 123
74 138
75 80
75 82
75 83
75 84
75 85
75 87
75 89
75 92
75 98
75 99
75 105
75 107
75 110
75 112
75 119
75 121
75 126
75 135
75 96
75 102
75 111
75 117
75 118
75 131
75 134
75 139
75 81
75 88
75 106
75 109
75 115
75 120
75 123
75 124
75 125
75 127
75 130
75 78
75 94
75 104
75 116
75 122
75 136
75 137
76 78
76 80
76 81
76 89
76 93
76 94
76 97
76 98
76 100
76 102
76 103
76 107
76 110
76 112
76 114
76 116
76 118
76 121
76 122
76 124
76 130
76 133
76 136
76 137
76 138
76 84
76 109
76 113
76 117
76 119
76 120
76 125
76 126
76 131
76 132
76 139
76 82
76 86
76 92
76 106
76 108
76 127
76 88
76 90
76 101
76 128
76 129
76 134
77 80
77 81
77 85
77 89
77 93
77 98
77 105
77 108
77 111
77 115
77 116
77 117
77 118
77 122
77 127
77 129
77 132
77 133
77 135
77 79
77 82
77 90
77 95
77 96
77 100
77 103
77 106
77 109
77 119
77 124
77 130
77 131
77 139
77 78
77 86
77 94
77 99
77 104
77 107
77 110
77 121
77 126
77 83
77 88
77 101
77 112
77 120
77 125
77 137
78 79
78 84
78 93
78 96
78 98
78 105
78 120
78 122
78 123
78 125
78 130
78 132
78 135
78 136
78 82
78 85
78 90
78 94
78 99
78 100
78 106
78 109
78 112
78 139
78 87
78 91
78 102
78 116
78 119
78 124
78 126
78 131
78 81
78 88
78 92
78 104
78 111
78 114
78 118
78 121
78 133
78 134
79 82
79 88
79 96
79 98
79 101
79 102
79 106
79 108
79 109
79 111
79 112
79 114
79 118
79 119
79 123
79 126
79 127
79 132
79 134
79 137
79 138
79 80
79 85
79 86
79 94
79 97
79 99
79 103
79 104
79 107
79 110
79 125
79 128
79 129
79 84
79 87
79 90
79 116
79 120
79 122
79 135
79 139
79 91
79 121
80 81
80 82
80 85
80 87
80 89
80 97
80 105
80 107
80 109
80 110
80 113
80 116
80 118
80 122
80 124
80 131
80 133
80 136
80 84
80 88
80 90
80 93
80 99
80 102
80 103
80 104
80 106
80 117
80 119
80 127
80 129
80 132
80 134
80 95
80 101
80 111
80 112
80 114
80 123
80 126
80 128
80 130
80 96
80 98
80 100
80 108
80 120
80 135
81 82
81 83
81 84
81 87
81 94
81 95
81 101
81 108
81 112
81 115
81 116
81 118
81 120
81 122
81 123
81 124
81 128
81 130
81 131
81 133
81 136
81 85
81 96
81 104
81 105
81 110
81 111
81 113
81 117
81 126
81 129
81 134
81 135
81 138
81 89
81 92
81 93
81 102
81 106
81 109
81 114
81 132
81 139
81 86
81 98
81 100
81 107
81 121
82 86
82 88
82 93
82 103
82 109
82 113
82 115
82 118
82 120
82 123
82 127
82 128
82 138
82 139
82 90
82 96
82 99
82 100
82 105
82 111
82 116
82 125
82 126
82 131
82 134
82 136
82 137
82 84
82 89
82 92
82 94
82 95
82 102
82 110
82 114
82 117
82 122
82 129
82 130
82 133
82 87
82 97
82 106
82 108
82 121
83 86
83 95
83 96
83 100
83 103
83 104
83 105
83 123
83 128
83 130
83 133
83 137
83 138
83 89
83 90
83 94
83 98
83 102
83 115
83 118
83 119
83 120
83 126
83 129
83 136
83 84
83 87
83 91
83 97
83 99
83 101
83 109
83 111
83 116
83 121
83 132
83 135
83 139
83 88
83 92
83 113
83 125
84 91
84 93
84 106
84 115
84 117
84 118
84 121
84 123
84 124
84 128
84 134
84 135
84 137
84 139
84 89
84 92
84 96
84 97
84 98
84 113
84 116
84 120
84 122
84 129
84 132
84 133
84 87
84 90
84 99
84 103
84 109
84 114
84 119
84 126
84 131
84 136
84 85
84 95
84 100
84 104
84 107
84 111
84 127
85 86
85 91
85 94
85 97
85 99
85 101
85 109
85 110
85 111
85 115
85 132
85 133
85 136
85 137
85 139
85 88
85 92
85 120
85 121
85 123
85 126
85 127
85 130
85 131
85 135
85 87
85 93
85 98
85 103
85 105
85 108
85 113
85 122
85 124
85 95
85 100
85 102
85 114
85 116
85 134
86 91
86 93
86 95
86 96
86 99
86 101
86 104
86 112
86 122
86 124
86 128
86 134
86 135
86 92
86 98
86 105
86 107
86 109
86 110
86 113
86 115
86 116
86 125
86 126
86 127
86 130
86 132
86 89
86 106
86 114
86 120
86 90
86 100
86 117
86 118
86 129
86 131
86 138
87 91
87 95
87 99
87 103
87 106
87 108
87 109
87 110
87 114
87 116
87 120
87 125
87 127
87 128
87 134
87 92
87 93
87 98
87 100
87 101
87 107
87 111
87 112
87 119
87 131
87 133
87 135
87 115
87 123
87 124
87 129
87 130
87 136
87 139
87 89
87 96
87 102
87 122
87 132
87 138
88 89
88 95
88 96
88 97
88 103
88 105
88 107
88 110
88 113
88 117
88 121
88 123
88 124
88 125
88 128
88 131
88 137
88 138
88 93
88 94
88 98
88 101
88 106
88 109
88 112
88 115
88 120
88 126
88 127
88 130
88 132
88 133
88 91
88 108
88 116
88 129
88 134
88 136
88 139
88 90
88 99
88 102
88 111
88 122
88 135
89 101
89 106
89 109
89 113
89 117
89 118
89 123
89 130
89 135
89 137
89 138
89 96
89 98
89 99
89 105
89 107
89 110
89 112
89 114
89 116
89 119
89 122
89 128
89 139
89 92
89 103
89 104
89 120
89 121
89 125
89 129
89 134
89 136
89 91
89 93
89 97
89 115
89 124
89 131
90 92
90 100
90 104
90 108
90 109
90 112
90 114
90 121
90 133
90 91
90 95
90 96
90 99
90 102
90 103
90 116
90 120
90 123
90 124
90 127
90 131
90 94
90 98
90 101
90 107
90 110
90 113
90 126
90 128
90 129
90 134
90 136
90 137
90 97
90 105
90 106
90 115
90 132
90 135
91 95
91 96
91 101
91 115
91 118
91 123
91 130
91 131
91 133
91 136
91 138
91 93
91 97
91 98
91 100
91 102
91 108
91 114
91 119
91 120
91 126
91 129
91 132
91 139
91 99
91 106
91 121
91 125
91 134
91 137
91 104
91 105
91 107
91 113
91 117
92 93
92 95
92 98
92 102
92 105
92 106
92 109
92 114
92 118
92 119
92 120
92 123
92 131
92 138
92 97
92 99
92 100
92 101
92 103
92 117
92 122
92 124
92 130
92 132
92 133
92 134
92 104
92 108
92 110
92 113
92 116
92 125
92 128
92 129
92 137
92 139
92 112
92 115
93 95
93 98
93 102
93 115
93 117
93 120
93 123
93 124
93 132
93 133
93 94
93 99
93 105
93 110
93 119
93 125
93 126
93 127
93 129
93 131
93 136
93 97
93 100
93 109
93 113
93 114
93 116
93 121
93 135
93 137
93 101
93 104
93 107
93 112
93 118
93 128
94 103
94 107
94 113
94 114
94 115
94 117
94 118
94 120
94 122
94 126
94 129
94 133
94 95
94 102
94 105
94 108
94 116
94 119
94 130
94 137
94 139
94 98
94 100
94 104
94 110
94 121
94 123
94 125
94 127
94 131
94 134
94 138
94 112
94 135
95 96
95 97
95 98
95 99
95 106
95 109
95 113
95 115
95 116
95 117
95 121
95 122
95 127
95 129
95 136
95 137
95 139
95 101
95 103
95 119
95 120
95 124
95 128
95 131
95 132
95 133
95 138
95 104
95 108
95 110
95 111
95 112
95 114
95 125
95 130
95 134
95 107
95 126
96 98
96 99
96 106
96 117
96 118
96 119
96 121
96 131
96 132
96 135
96 139
96 100
96 102
96 110
96 115
96 120
96 122
96 129
96 130
96 134
96 136
96 97
96 105
96 108
96 111
96 113
96 125
96 126
96 128
96 103
96 116
96 124
97 99
97 100
97 103
97 108
97 109
97 117
97 122
97 124
97 125
97 129
97 131
97 135
97 136
97 138
97 98
97 104
97 106
97 107
97 119
97 128
97 130
97 132
97 110
97 111
97 113
97 114
97 118
97 126
97 134
97 105
97 121
97 137
98 99
98 103
98 104
98 106
98 107
98 111
98 112
98 113
98 120
98 123
98 126
98 128
98 131
98 139
98 100
98 101
98 105
98 117
98 121
98 125
98 132
98 134
98 135
98 136
98 138
98 108
98 109
98 116
98 119
98 122
98 118
99 103
99 105
99 107
99 108
99 109
99 112
99 113
99 115
99 118
99 120
99 125
99 128
99 137
99 139
99 111
99 119
99 122
99 127
99 133
99 134
99 101
99 104
99 106
99 116
99 124
99 126
99 130
99 136
99 138
99 102
99 117
100 103
100 105
100 116
100 122
100 124
100 102
100 112
100 113
100 117
100 126
100 128
100 138
100 139
100 108
100 115
100 118
100 120
100 125
100 133
100 134
100 135
100 136
100 137
100 104
100 110
100 127
100 131
101 116
101 118
101 119
101 121
101 129
101 131
101 132
101 133
101 134
101 135
101 105
101 108
101 109
101 111
101 139
101 115
101 128
101 136
101 102
101 120
101 122
101 124
101 126
102 114
102 121
102 123
102 128
102 129
102 134
102 137
102 106
102 109
102 112
102 116
102 118
102 120
102 125
102 130
102 132
102 135
102 138
102 110
102 111
102 113
102 117
102 126
102 127
102 104
102 107
102 115
102 119
102 133
103 110
103 115
103 116
103 118
103 120
103 124
103 126
103 130
103 131
103 133
103 109
103 112
103 114
103 123
103 127
103 129
103 108
103 111
103 119
103 128
103 136
103 122
103 125
103 134
103 138
104 107
104 109
104 110
104 112
104 113
104 116
104 118
104 123
104 126
104 132
104 134
104 135
104 139
104 106
104 117
104 121
104 124
104 129
104 130
104 131
104 136
104 111
104 119
104 120
104 137
104 108
104 125
104 127
105 107
105 108
105 111
105 112
105 114
105 118
105 121
105 123
105 124
105 125
105 127
105 128
105 130
105 131
105 132
105 133
105 135
105 137
105 138
105 116
105 117
105 119
105 126
105 129
105 109
105 115
105 122
105 136
105 106
105 110
106 107
106 111
106 112
106 122
106 124
106 127
106 129
106 131
106 137
106 109
106 116
106 118
106 133
106 108
106 119
106 123
106 125
106 126
106 128
106 134
106 135
106 120
106 121
106 136
107 108
107 109
107 112
107 121
107 133
107 135
107 115
107 120
107 123
107 128
107 131
107 136
107 111
107 126
107 130
107 114
107 138
108 109
108 110
108 112
108 113
108 115
108 127
108 132
108 135
108 136
108 111
108 121
108 122
108 126
108 131
108 134
108 137
108 129
108 133
108 139
108 117
108 130
109 111
109 116
109 120
109 121
109 122
109 129
109 134
109 135
109 110
109 114
109 117
109 119
109 127
109 136
109 124
109 138
109 123
109 130
110 113
110 122
110 128
110 131
110 133
110 136
110 139
110 111
110 119
110 123
110 126
110 135
110 137
110 112
110 115
110 114
110 121
110 127
110 130
110 134
111 113
111 116
111 117
111 118
111 119
111 125
111 129
111 134
111 112
111 115
111 120
111 122
111 124
111 127
111 132
111 136
111 138
111 139
111 126
111 130
111 131
111 133
111 137
111 121
111 123
111 128
112 113
112 116
112 117
112 119
112 125
112 126
112 129
112 131
112 136
112 139
112 115
112 118
112 120
112 127
112 134
112 135
112 138
112 132
112 133
112 123
112 128
113 118
113 122
113 124
113 126
113 128
113 136
113 138
113 139
113 127
113 129
113 132
113 133
113 135
113 114
113 115
113 117
113 120
113 130
113 131
113 134
114 121
114 123
114 128
114 130
114 133
114 138
114 119
114 124
114 126
114 135
114 137
114 139
114 117
114 120
114 125
114 131
114 132
114 116
114 122
114 127
115 119
115 123
115 127
115 128
115 134
115 135
115 116
115 124
115 125
115 129
115 132
115 138
115 118
115 121
115 126
115 131
115 136
115 137
115 120
115 133
115 139
116 117
116 119
116 120
116 124
116 125
116 129
116 132
116 118
116 121
116 122
116 123
116 126
116 133
116 130
116 131
116 136
116 138
116 135
116 139
117 118
117 124
117 130
117 131
117 132
117 139
117 119
117 120
117 125
117 128
117 122
117 135
117 138
117 123
117 126
117 136
118 119
118 122
118 127
118 130
118 132
118 133
118 137
118 120
118 124
118 125
118 129
118 131
118 139
118 121
118 134
118 138
118 126
118 128
119 128
119 133
119 120
119 121
119 122
119 129
119 131
119 134
119 135
119 123
119 125
119 127
119 136
120 122
120 128
120 129
120 136
120 137
120 138
120 121
120 125
120 130
120 133
120 126
120 127
120 135
120 123
121 123
121 126
121 128
121 130
121 131
121 132
121 135
121 136
121 122
121 124
121 127
121 133
121 139
121 129
122 127
122 128
122 130
122 132
122 134
122 136
122 138
122 133
122 125
122 137
122 139
122 124
122 135
123 125
123 126
123 130
123 133
123 135
123 136
123 137
123 124
123 127
123 129
123 128
123 131
123 139
124 125
124 130
124 133
124 134
124 128
124 136
124 138
124 139
124 126
124 132
124 127
124 131
124 135
124 137
125 129
125 132
125 133
125 135
125 138
125 126
125 131
125 134
125 139
126 127
126 128
126 135
126 136
126 137
126 138
126 131
126 134
126 139
127 134
127 139
127 129
127 137
127 128
127 130
127 131
127 132
128 136
128 130
128 134
128 139
128 129
128 132
128 133
128 138
129 131
129 132
129 133
129 137
129 138
129 139
129 134
129 135
129 136
130 131
130 132
130 133
130 138
130 139
130 134
130 135
131 135
131 139
131 134
131 136
131 138
131 132
132 134
132 137
132 139
132 136
132 135
132 138
133 134
133 139
133 138
134 135
134 136
134 139
134 138
135 138
135 136
135 137
136 138
136 139
137 138
137 139
138 139
