10991
0 3
0 6
0 13
0 16
0 19
0 20
0 21
0 22
0 28
0 29
0 30
0 34
0 36
0 41
0 42
0 43
0 56
0 58
0 66
0 67
0 80
0 84
0 86
0 88
0 93
0 95
0 101
0 105
0 107
0 114
0 117
0 118
0 119
0 127
0 132
0 137
0 139
0 141
0 143
0 144
0 153
0 159
0 164
0 165
0 166
0 168
0 169
0 7
0 8
0 10
0 14
0 18
0 32
0 39
0 47
0 49
0 54
0 70
0 74
0 76
0 78
0 82
0 92
0 97
0 99
0 106
0 108
0 110
0 111
0 116
0 121
0 128
0 130
0 135
0 150
0 154
0 161
0 4
0 15
0 26
0 27
0 31
0 45
0 50
0 51
0 53
0 55
0 61
0 62
0 65
0 68
0 69
0 73
0 87
0 89
0 90
0 91
0 103
0 104
0 109
0 115
0 134
0 142
0 158
0 162
0 167
0 2
0 17
0 23
0 24
0 38
0 46
0 48
0 57
0 59
0 72
0 75
0 102
0 123
0 124
0 125
0 140
0 146
0 147
0 148
0 151
0 155
0 160
0 163
1 5
1 16
1 17
1 20
1 21
1 24
1 27
1 29
1 30
1 37
1 44
1 54
1 60
1 61
1 62
1 64
1 67
1 71
1 74
1 75
1 77
1 81
1 87
1 91
1 92
1 100
1 109
1 110
1 113
1 114
1 120
1 122
1 128
1 142
1 144
1 146
1 152
1 161
1 162
1 163
1 168
1 2
1 4
1 6
1 10
1 11
1 34
1 36
1 39
1 41
1 47
1 51
1 59
1 66
1 79
1 80
1 88
1 95
1 97
1 103
1 105
1 112
1 115
1 121
1 127
1 131
1 135
1 139
1 140
1 149
1 150
1 153
1 154
1 156
1 158
1 159
1 14
1 18
1 19
1 22
1 25
1 28
1 38
1 40
1 45
1 48
1 49
1 52
1 55
1 69
1 70
1 78
1 84
1 85
1 96
1 99
1 101
1 106
1 118
1 119
1 143
1 151
1 3
1 8
1 12
1 33
1 43
1 57
1 65
1 68
1 83
1 90
1 94
1 98
1 102
1 117
1 123
1 124
1 160
1 165
1 166
1 167
2 5
2 8
2 11
2 22
2 25
2 27
2 28
2 31
2 38
2 39
2 40
2 44
2 47
2 51
2 53
2 54
2 55
2 56
2 59
2 68
2 75
2 76
2 78
2 82
2 87
2 93
2 96
2 97
2 98
2 104
2 107
2 112
2 114
2 119
2 120
2 123
2 126
2 128
2 130
2 131
2 132
2 136
2 139
2 142
2 143
2 144
2 147
2 150
2 153
2 155
2 156
2 157
2 158
2 159
2 169
2 13
2 29
2 32
2 34
2 35
2 41
2 45
2 58
2 60
2 62
2 69
2 71
2 74
2 79
2 81
2 83
2 84
2 89
2 94
2 103
2 106
2 110
2 111
2 115
2 118
2 125
2 138
2 154
2 161
2 164
2 168
2 3
2 6
2 10
2 14
2 43
2 48
2 64
2 73
2 88
2 90
2 92
2 108
2 121
2 146
2 148
2 152
2 160
2 166
2 167
2 4
2 9
2 18
2 20
2 26
2 49
2 57
2 65
2 72
2 77
2 85
2 105
2 109
2 113
2 140
2 151
3 6
3 7
3 8
3 9
3 14
3 17
3 20
3 21
3 24
3 27
3 34
3 36
3 37
3 41
3 42
3 44
3 51
3 54
3 55
3 62
3 68
3 69
3 71
3 74
3 78
3 79
3 81
3 82
3 84
3 86
3 90
3 91
3 94
3 101
3 102
3 105
3 110
3 118
3 120
3 121
3 122
3 126
3 129
3 131
3 133
3 143
3 149
3 154
3 156
3 4
3 13
3 18
3 22
3 23
3 25
3 26
3 29
3 30
3 32
3 33
3 38
3 49
3 53
3 56
3 59
3 73
3 75
3 80
3 85
3 87
3 96
3 104
3 106
3 108
3 109
3 113
3 114
3 123
3 128
3 137
3 138
3 144
3 152
3 162
3 163
3 164
3 168
3 11
3 16
3 19
3 28
3 35
3 43
3 46
3 48
3 50
3 60
3 63
3 66
3 72
3 92
3 97
3 103
3 117
3 124
3 125
3 127
3 130
3 136
3 148
3 157
3 161
3 5
3 12
3 31
3 47
3 119
3 141
3 145
3 153
4 10
4 12
4 16
4 22
4 26
4 27
4 30
4 31
4 32
4 37
4 39
4 41
4 46
4 47
4 49
4 53
4 55
4 59
4 62
4 63
4 65
4 77
4 78
4 82
4 89
4 94
4 108
4 110
4 111
4 113
4 122
4 125
4 126
4 128
4 132
4 133
4 134
4 142
4 143
4 145
4 148
4 154
4 155
4 158
4 162
4 163
4 164
4 167
4 169
4 11
4 19
4 24
4 33
4 35
4 40
4 45
4 57
4 58
4 61
4 67
4 76
4 87
4 92
4 97
4 98
4 99
4 100
4 116
4 117
4 118
4 119
4 120
4 121
4 131
4 136
4 149
4 150
4 152
4 159
4 161
4 7
4 13
4 18
4 20
4 34
4 38
4 44
4 48
4 60
4 66
4 73
4 79
4 80
4 83
4 86
4 90
4 91
4 101
4 103
4 104
4 109
4 114
4 123
4 127
4 130
4 140
4 147
4 153
4 157
4 160
4 166
4 168
4 25
4 36
4 54
4 68
4 72
4 74
4 84
4 102
4 112
4 115
4 139
5 9
5 10
5 11
5 18
5 19
5 21
5 23
5 24
5 27
5 33
5 34
5 35
5 37
5 39
5 43
5 48
5 49
5 54
5 55
5 63
5 65
5 66
5 67
5 70
5 73
5 74
5 75
5 80
5 90
5 93
5 99
5 100
5 105
5 106
5 112
5 120
5 121
5 127
5 128
5 129
5 131
5 132
5 135
5 139
5 140
5 141
5 147
5 153
5 157
5 163
5 164
5 165
5 168
5 169
5 7
5 20
5 26
5 28
5 30
5 42
5 50
5 51
5 64
5 68
5 72
5 77
5 82
5 85
5 87
5 88
5 91
5 101
5 108
5 115
5 122
5 125
5 136
5 138
5 144
5 145
5 149
5 151
5 156
5 158
5 159
5 160
5 166
5 6
5 8
5 40
5 41
5 44
5 45
5 53
5 83
5 89
5 94
5 96
5 98
5 103
5 110
5 113
5 114
5 116
5 118
5 137
5 146
5 148
5 154
5 155
5 161
5 38
5 52
5 62
5 86
5 97
5 109
5 117
5 126
5 133
5 152
6 7
6 14
6 16
6 18
6 21
6 22
6 23
6 26
6 27
6 32
6 36
6 37
6 38
6 39
6 44
6 46
6 49
6 51
6 52
6 54
6 55
6 56
6 63
6 64
6 67
6 72
6 73
6 74
6 77
6 80
6 81
6 88
6 97
6 104
6 107
6 110
6 113
6 117
6 118
6 119
6 120
6 121
6 133
6 134
6 135
6 141
6 149
6 156
6 157
6 160
6 161
6 162
6 166
6 8
6 24
6 25
6 28
6 29
6 30
6 31
6 35
6 45
6 47
6 48
6 59
6 66
6 69
6 71
6 84
6 86
6 95
6 96
6 100
6 101
6 102
6 116
6 123
6 125
6 126
6 130
6 132
6 140
6 142
6 143
6 147
6 155
6 167
6 169
6 11
6 12
6 33
6 41
6 43
6 53
6 65
6 75
6 76
6 79
6 87
6 90
6 93
6 106
6 108
6 112
6 122
6 124
6 127
6 129
6 131
6 137
6 138
6 139
6 144
6 148
6 150
6 154
6 158
6 159
6 168
6 9
6 15
6 34
6 40
6 85
6 92
6 99
6 114
6 136
6 146
7 17
7 21
7 22
7 27
7 28
7 29
7 31
7 39
7 40
7 44
7 47
7 48
7 49
7 52
7 54
7 59
7 63
7 66
7 68
7 70
7 72
7 79
7 83
7 89
7 91
7 92
7 96
7 102
7 103
7 104
7 105
7 114
7 117
7 118
7 120
7 122
7 129
7 131
7 135
7 140
7 144
7 147
7 162
7 165
7 166
7 167
7 8
7 12
7 16
7 23
7 25
7 32
7 33
7 43
7 45
7 56
7 57
7 58
7 75
7 84
7 88
7 93
7 99
7 106
7 112
7 113
7 127
7 133
7 143
7 153
7 163
7 169
7 13
7 19
7 20
7 24
7 50
7 51
7 53
7 62
7 64
7 74
7 85
7 94
7 110
7 116
7 126
7 139
7 142
7 150
7 151
7 152
7 154
7 161
7 10
7 11
7 15
7 34
7 37
7 38
7 42
7 60
7 65
7 67
7 77
7 82
7 87
7 90
7 97
7 107
7 115
7 125
7 130
7 132
7 137
7 145
7 155
7 156
7 157
7 159
7 168
8 9
8 13
8 14
8 22
8 46
8 47
8 50
8 53
8 55
8 56
8 62
8 64
8 66
8 70
8 72
8 73
8 77
8 78
8 81
8 85
8 87
8 90
8 92
8 94
8 95
8 97
8 101
8 109
8 121
8 122
8 123
8 130
8 131
8 135
8 136
8 139
8 140
8 147
8 149
8 150
8 151
8 161
8 164
8 165
8 11
8 12
8 15
8 17
8 19
8 29
8 31
8 33
8 37
8 43
8 44
8 57
8 58
8 65
8 74
8 76
8 83
8 86
8 88
8 96
8 98
8 99
8 104
8 105
8 106
8 108
8 117
8 119
8 120
8 129
8 132
8 153
8 154
8 158
8 163
8 168
8 16
8 18
8 23
8 25
8 26
8 32
8 36
8 40
8 42
8 54
8 59
8 79
8 80
8 82
8 100
8 110
8 115
8 118
8 124
8 125
8 128
8 137
8 141
8 143
8 145
8 156
8 157
8 20
8 27
8 38
8 45
8 48
8 49
8 67
8 68
8 93
8 103
8 111
8 112
8 113
8 127
8 138
8 142
8 152
8 167
9 10
9 11
9 18
9 20
9 24
9 28
9 32
9 33
9 38
9 41
9 43
9 52
9 55
9 56
9 60
9 66
9 67
9 72
9 74
9 77
9 80
9 81
9 82
9 88
9 90
9 94
9 96
9 99
9 106
9 108
9 110
9 121
9 124
9 125
9 131
9 134
9 135
9 137
9 144
9 146
9 151
9 152
9 162
9 166
9 15
9 16
9 19
9 25
9 29
9 34
9 35
9 36
9 42
9 46
9 50
9 61
9 64
9 76
9 78
9 87
9 91
9 92
9 95
9 97
9 115
9 116
9 117
9 123
9 126
9 128
9 132
9 138
9 140
9 143
9 145
9 150
9 155
9 157
9 160
9 163
9 164
9 165
9 167
9 23
9 26
9 37
9 44
9 49
9 51
9 62
9 65
9 84
9 93
9 103
9 104
9 105
9 114
9 118
9 119
9 129
9 130
9 139
9 147
9 148
9 149
9 153
9 27
9 30
9 68
9 69
9 70
9 71
9 73
9 75
9 85
9 86
9 89
9 101
9 102
9 109
9 113
9 136
9 142
9 159
9 161
10 12
10 17
10 20
10 26
10 27
10 28
10 29
10 33
10 34
10 35
10 36
10 41
10 45
10 58
10 63
10 64
10 67
10 74
10 78
10 80
10 83
10 92
10 93
10 96
10 101
10 104
10 107
10 112
10 114
10 120
10 122
10 124
10 126
10 131
10 132
10 137
10 139
10 140
10 144
10 157
10 163
10 164
10 16
10 18
10 23
10 31
10 32
10 40
10 42
10 43
10 66
10 70
10 72
10 73
10 76
10 77
10 81
10 86
10 91
10 97
10 99
10 103
10 106
10 125
10 127
10 130
10 134
10 138
10 141
10 143
10 148
10 161
10 169
10 11
10 15
10 21
10 30
10 37
10 38
10 39
10 50
10 51
10 56
10 59
10 68
10 71
10 75
10 87
10 88
10 108
10 111
10 118
10 128
10 129
10 142
10 145
10 149
10 150
10 156
10 166
10 168
10 13
10 14
10 47
10 48
10 52
10 60
10 61
10 84
10 85
10 89
10 90
10 98
10 115
10 117
10 135
10 146
10 151
11 12
11 15
11 25
11 26
11 27
11 30
11 35
11 37
11 39
11 41
11 42
11 43
11 44
11 47
11 49
11 50
11 59
11 63
11 65
11 71
11 74
11 77
11 80
11 81
11 85
11 86
11 102
11 103
11 110
11 111
11 112
11 113
11 118
11 121
11 124
11 125
11 127
11 130
11 133
11 134
11 135
11 139
11 142
11 145
11 146
11 153
11 157
11 160
11 162
11 163
11 165
11 166
11 169
11 18
11 20
11 22
11 29
11 33
11 36
11 40
11 53
11 68
11 75
11 89
11 90
11 106
11 107
11 114
11 115
11 116
11 120
11 123
11 126
11 131
11 132
11 148
11 149
11 156
11 161
11 168
11 17
11 19
11 21
11 23
11 24
11 31
11 54
11 55
11 57
11 58
11 61
11 70
11 73
11 76
11 78
11 83
11 92
11 94
11 119
11 122
11 128
11 137
11 138
11 140
11 144
11 150
11 151
11 155
11 164
11 14
11 28
11 38
11 45
11 56
11 64
11 66
11 67
11 69
11 88
11 91
11 100
11 101
11 105
11 109
11 136
11 141
11 143
11 152
11 158
11 167
12 16
12 17
12 19
12 20
12 22
12 24
12 31
12 34
12 47
12 51
12 54
12 56
12 58
12 59
12 61
12 62
12 63
12 66
12 67
12 70
12 71
12 72
12 74
12 75
12 79
12 81
12 83
12 85
12 89
12 92
12 94
12 96
12 97
12 101
12 103
12 105
12 106
12 111
12 116
12 123
12 124
12 127
12 128
12 129
12 132
12 136
12 138
12 142
12 144
12 146
12 148
12 151
12 152
12 153
12 159
12 160
12 162
12 164
12 167
12 13
12 18
12 21
12 23
12 25
12 28
12 35
12 37
12 40
12 42
12 46
12 48
12 49
12 50
12 55
12 60
12 64
12 76
12 80
12 84
12 90
12 102
12 104
12 112
12 117
12 126
12 133
12 135
12 141
12 150
12 154
12 156
12 157
12 158
12 163
12 165
12 166
12 168
12 14
12 32
12 33
12 38
12 39
12 52
12 65
12 69
12 73
12 99
12 107
12 108
12 110
12 118
12 122
12 125
12 137
12 139
12 145
12 147
12 149
12 155
12 15
12 26
12 27
12 29
12 30
12 36
12 43
12 53
12 77
12 78
12 82
12 86
12 119
12 130
12 134
13 14
13 18
13 21
13 23
13 25
13 27
13 28
13 48
13 49
13 50
13 57
13 60
13 62
13 65
13 67
13 70
13 75
13 76
13 86
13 96
13 97
13 98
13 102
13 104
13 111
13 115
13 122
13 125
13 126
13 139
13 141
13 145
13 146
13 150
13 151
13 157
13 160
13 161
13 162
13 168
13 169
13 15
13 19
13 20
13 30
13 33
13 34
13 43
13 47
13 52
13 53
13 58
13 68
13 74
13 81
13 83
13 88
13 95
13 100
13 103
13 105
13 108
13 109
13 112
13 113
13 116
13 118
13 123
13 136
13 142
13 143
13 156
13 158
13 163
13 24
13 39
13 44
13 45
13 46
13 51
13 54
13 55
13 59
13 63
13 66
13 69
13 77
13 84
13 89
13 94
13 99
13 101
13 107
13 110
13 114
13 117
13 120
13 124
13 127
13 128
13 129
13 134
13 135
13 140
13 149
13 152
13 155
13 166
13 26
13 35
13 37
13 42
13 71
13 73
13 79
13 90
13 92
13 119
13 121
13 131
13 132
13 147
14 16
14 17
14 23
14 26
14 27
14 31
14 33
14 35
14 38
14 40
14 43
14 45
14 50
14 51
14 60
14 62
14 66
14 77
14 78
14 83
14 89
14 91
14 96
14 97
14 98
14 99
14 102
14 106
14 107
14 108
14 109
14 110
14 111
14 118
14 122
14 124
14 130
14 135
14 136
14 138
14 142
14 143
14 145
14 147
14 153
14 154
14 156
14 166
14 168
14 15
14 19
14 24
14 25
14 36
14 41
14 46
14 48
14 57
14 61
14 70
14 71
14 75
14 79
14 85
14 88
14 90
14 92
14 93
14 95
14 112
14 114
14 115
14 116
14 120
14 126
14 127
14 134
14 137
14 148
14 149
14 151
14 157
14 159
14 162
14 167
14 169
14 18
14 20
14 21
14 30
14 32
14 54
14 56
14 59
14 63
14 81
14 82
14 87
14 104
14 105
14 121
14 123
14 125
14 140
14 144
14 150
14 152
14 155
14 164
14 165
14 37
14 47
14 52
14 53
14 64
14 65
14 76
14 80
14 84
14 86
14 119
14 129
14 132
14 161
14 163
15 20
15 24
15 25
15 29
15 30
15 31
15 33
15 34
15 35
15 36
15 37
15 39
15 41
15 48
15 49
15 50
15 51
15 54
15 56
15 64
15 66
15 67
15 72
15 74
15 75
15 76
15 78
15 80
15 83
15 85
15 86
15 89
15 90
15 91
15 92
15 95
15 98
15 105
15 108
15 109
15 110
15 111
15 113
15 116
15 128
15 133
15 134
15 135
15 142
15 147
15 149
15 150
15 152
15 153
15 156
15 158
15 160
15 166
15 168
15 16
15 17
15 21
15 38
15 42
15 43
15 60
15 62
15 73
15 93
15 96
15 102
15 106
15 114
15 119
15 122
15 124
15 125
15 126
15 130
15 138
15 141
15 143
15 155
15 161
15 162
15 163
15 165
15 22
15 23
15 45
15 46
15 53
15 55
15 59
15 70
15 71
15 88
15 94
15 99
15 101
15 117
15 120
15 136
15 137
15 139
15 151
15 154
15 157
15 159
15 26
15 28
15 52
15 63
15 87
15 112
15 115
15 118
15 123
15 129
15 131
15 169
16 17
16 19
16 25
16 34
16 36
16 38
16 42
16 44
16 47
16 55
16 56
16 60
16 63
16 65
16 66
16 67
16 69
16 73
16 75
16 81
16 85
16 86
16 88
16 93
16 100
16 107
16 109
16 112
16 117
16 119
16 120
16 124
16 126
16 127
16 130
16 132
16 134
16 139
16 141
16 142
16 146
16 149
16 153
16 159
16 160
16 162
16 165
16 168
16 169
16 18
16 21
16 24
16 29
16 45
16 53
16 54
16 58
16 61
16 68
16 71
16 72
16 83
16 91
16 95
16 102
16 106
16 114
16 118
16 121
16 125
16 148
16 154
16 161
16 22
16 28
16 76
16 78
16 79
16 92
16 96
16 113
16 115
16 123
16 129
16 137
16 140
16 143
16 147
16 155
16 20
16 31
16 37
16 43
16 46
16 51
16 57
16 70
16 84
16 89
16 97
16 105
16 110
16 122
16 135
16 157
16 164
16 167
17 20
17 21
17 22
17 24
17 26
17 35
17 40
17 41
17 46
17 49
17 51
17 55
17 56
17 59
17 65
17 66
17 72
17 73
17 76
17 79
17 84
17 86
17 94
17 97
17 100
17 101
17 102
17 104
17 105
17 107
17 110
17 113
17 118
17 120
17 126
17 127
17 131
17 138
17 140
17 142
17 143
17 144
17 149
17 154
17 157
17 162
17 167
17 23
17 25
17 28
17 37
17 44
17 45
17 50
17 52
17 63
17 64
17 68
17 70
17 74
17 77
17 81
17 83
17 85
17 103
17 121
17 125
17 128
17 135
17 139
17 141
17 146
17 150
17 152
17 164
17 165
17 18
17 19
17 57
17 60
17 71
17 89
17 92
17 93
17 98
17 108
17 115
17 117
17 122
17 129
17 147
17 151
17 161
17 166
17 168
17 30
17 31
17 34
17 75
17 95
17 96
17 106
17 111
17 112
17 123
17 124
17 130
17 148
17 160
18 20
18 26
18 27
18 30
18 33
18 36
18 44
18 50
18 52
18 54
18 59
18 66
18 70
18 71
18 73
18 75
18 76
18 79
18 81
18 91
18 93
18 103
18 105
18 108
18 109
18 120
18 122
18 128
18 130
18 131
18 138
18 140
18 143
18 148
18 151
18 152
18 153
18 160
18 163
18 21
18 23
18 28
18 32
18 34
18 37
18 47
18 51
18 55
18 62
18 69
18 78
18 80
18 87
18 89
18 96
18 102
18 104
18 106
18 118
18 123
18 133
18 137
18 139
18 141
18 142
18 155
18 156
18 157
18 164
18 167
18 169
18 25
18 40
18 41
18 45
18 61
18 65
18 67
18 77
18 83
18 84
18 92
18 97
18 99
18 100
18 101
18 112
18 113
18 115
18 116
18 129
18 134
18 144
18 145
18 162
18 165
18 22
18 24
18 35
18 42
18 43
18 85
18 94
18 98
18 114
18 124
18 125
18 126
18 146
18 149
18 154
19 20
19 24
19 25
19 27
19 28
19 29
19 30
19 34
19 37
19 42
19 43
19 45
19 48
19 50
19 61
19 65
19 66
19 67
19 69
19 71
19 73
19 74
19 75
19 79
19 80
19 82
19 94
19 97
19 99
19 105
19 109
19 110
19 114
19 118
19 120
19 123
19 124
19 125
19 126
19 128
19 129
19 132
19 133
19 135
19 143
19 151
19 153
19 154
19 156
19 157
19 160
19 162
19 169
19 31
19 32
19 35
19 39
19 41
19 46
19 47
19 56
19 57
19 59
19 63
19 72
19 76
19 85
19 86
19 93
19 100
19 104
19 108
19 116
19 130
19 131
19 137
19 146
19 152
19 158
19 159
19 166
19 23
19 26
19 33
19 40
19 49
19 52
19 55
19 64
19 81
19 92
19 96
19 102
19 113
19 119
19 134
19 141
19 144
19 155
19 36
19 58
19 62
19 68
19 88
19 90
19 91
19 95
19 103
19 107
19 115
19 122
19 145
19 147
19 148
19 149
19 165
19 168
20 35
20 42
20 46
20 48
20 53
20 54
20 55
20 57
20 58
20 59
20 61
20 64
20 67
20 69
20 70
20 78
20 80
20 81
20 82
20 85
20 95
20 96
20 97
20 98
20 100
20 101
20 104
20 109
20 111
20 112
20 114
20 115
20 119
20 123
20 125
20 128
20 131
20 132
20 133
20 134
20 138
20 145
20 153
20 155
20 162
20 164
20 167
20 168
20 169
20 22
20 23
20 25
20 27
20 33
20 45
20 49
20 51
20 63
20 65
20 73
20 75
20 83
20 84
20 88
20 90
20 91
20 92
20 102
20 107
20 110
20 113
20 116
20 124
20 137
20 139
20 140
20 141
20 143
20 144
20 150
20 157
20 161
20 165
20 166
20 26
20 29
20 32
20 37
20 38
20 44
20 60
20 72
20 76
20 79
20 93
20 103
20 122
20 130
20 142
20 148
20 152
20 154
20 28
20 47
20 77
20 86
20 99
20 105
20 106
20 108
20 117
20 118
20 121
20 127
21 23
21 25
21 27
21 38
21 50
21 56
21 61
21 62
21 63
21 70
21 72
21 76
21 78
21 79
21 82
21 83
21 85
21 89
21 91
21 94
21 98
21 101
21 103
21 104
21 108
21 111
21 112
21 115
21 118
21 119
21 125
21 135
21 140
21 143
21 146
21 147
21 148
21 150
21 151
21 152
21 153
21 154
21 155
21 157
21 162
21 163
21 165
21 166
21 167
21 168
21 24
21 30
21 33
21 34
21 36
21 37
21 40
21 41
21 45
21 46
21 48
21 58
21 67
21 71
21 81
21 86
21 93
21 102
21 105
21 113
21 114
21 117
21 126
21 130
21 131
21 132
21 134
21 142
21 156
21 158
21 159
21 22
21 26
21 29
21 39
21 49
21 51
21 53
21 54
21 55
21 60
21 65
21 74
21 75
21 77
21 84
21 87
21 100
21 109
21 110
21 120
21 121
21 123
21 161
21 35
21 47
21 66
21 90
21 96
21 124
21 127
21 137
21 141
21 144
21 169
22 23
22 24
22 26
22 27
22 28
22 29
22 30
22 31
22 32
22 47
22 48
22 55
22 56
22 58
22 61
22 64
22 70
22 71
22 73
22 75
22 82
22 84
22 86
22 87
22 90
22 91
22 92
22 93
22 94
22 95
22 96
22 100
22 104
22 106
22 124
22 125
22 126
22 128
22 129
22 132
22 135
22 137
22 140
22 146
22 152
22 155
22 157
22 158
22 159
22 160
22 163
22 166
22 169
22 34
22 35
22 42
22 52
22 59
22 62
22 65
22 72
22 79
22 99
22 105
22 108
22 114
22 115
22 131
22 134
22 145
22 161
22 168
22 36
22 37
22 45
22 46
22 49
22 57
22 60
22 66
22 67
22 69
22 76
22 88
22 107
22 109
22 113
22 120
22 136
22 149
22 150
22 151
22 162
22 165
22 38
22 39
22 40
22 41
22 43
22 44
22 77
22 80
22 81
22 98
22 102
22 116
22 117
22 122
22 139
22 147
22 156
22 164
22 167
23 24
23 27
23 28
23 36
23 45
23 47
23 49
23 51
23 53
23 55
23 56
23 59
23 61
23 68
23 71
23 73
23 78
23 80
23 84
23 86
23 87
23 96
23 99
23 103
23 104
23 106
23 112
23 113
23 123
23 127
23 128
23 130
23 135
23 140
23 142
23 144
23 147
23 154
23 156
23 159
23 165
23 166
23 169
23 25
23 34
23 35
23 37
23 39
23 40
23 43
23 48
23 57
23 63
23 66
23 67
23 72
23 76
23 79
23 81
23 83
23 85
23 89
23 91
23 94
23 98
23 105
23 117
23 124
23 139
23 153
23 155
23 161
23 164
23 168
23 26
23 41
23 46
23 60
23 64
23 69
23 70
23 74
23 77
23 92
23 93
23 95
23 102
23 108
23 116
23 122
23 129
23 132
23 134
23 136
23 138
23 146
23 152
23 160
23 29
23 30
23 38
23 62
23 82
23 88
23 97
23 111
23 114
23 115
23 118
23 157
23 162
24 28
24 34
24 36
24 37
24 38
24 39
24 40
24 41
24 45
24 47
24 48
24 49
24 53
24 54
24 55
24 56
24 57
24 59
24 62
24 65
24 67
24 69
24 70
24 71
24 72
24 75
24 78
24 79
24 80
24 84
24 88
24 89
24 95
24 98
24 99
24 107
24 111
24 116
24 119
24 120
24 121
24 122
24 123
24 133
24 135
24 137
24 139
24 146
24 147
24 148
24 149
24 154
24 158
24 160
24 162
24 165
24 30
24 44
24 50
24 64
24 66
24 68
24 76
24 85
24 86
24 90
24 106
24 108
24 115
24 124
24 136
24 150
24 152
24 155
24 159
24 161
24 163
24 32
24 60
24 73
24 83
24 92
24 94
24 96
24 104
24 112
24 113
24 114
24 118
24 126
24 129
24 134
24 151
24 153
24 157
24 166
24 29
24 51
24 74
24 77
24 91
24 97
24 102
24 103
24 125
24 128
24 140
24 143
24 164
24 167
24 169
25 28
25 29
25 35
25 39
25 42
25 46
25 61
25 62
25 65
25 69
25 70
25 72
25 79
25 80
25 82
25 85
25 87
25 88
25 93
25 99
25 107
25 109
25 112
25 113
25 114
25 115
25 119
25 123
25 125
25 126
25 127
25 128
25 131
25 140
25 147
25 154
25 163
25 165
25 167
25 168
25 27
25 37
25 45
25 50
25 51
25 53
25 59
25 63
25 64
25 68
25 83
25 84
25 86
25 95
25 96
25 98
25 100
25 101
25 102
25 108
25 118
25 120
25 129
25 130
25 133
25 141
25 155
25 158
25 159
25 162
25 169
25 30
25 38
25 41
25 52
25 54
25 55
25 75
25 76
25 81
25 90
25 97
25 117
25 121
25 136
25 142
25 143
25 145
25 150
25 153
25 156
25 157
25 164
25 34
25 44
25 49
25 60
25 67
25 73
25 74
25 77
25 104
25 111
25 124
25 132
25 134
25 135
25 138
25 139
25 149
25 161
26 31
26 32
26 33
26 34
26 36
26 37
26 38
26 39
26 40
26 44
26 46
26 48
26 49
26 50
26 59
26 61
26 62
26 64
26 74
26 76
26 78
26 81
26 88
26 91
26 102
26 112
26 113
26 122
26 126
26 130
26 133
26 135
26 136
26 142
26 144
26 147
26 149
26 150
26 151
26 153
26 157
26 158
26 164
26 167
26 29
26 30
26 41
26 43
26 51
26 54
26 56
26 65
26 66
26 71
26 73
26 75
26 77
26 83
26 87
26 89
26 93
26 101
26 103
26 105
26 109
26 110
26 116
26 117
26 121
26 128
26 129
26 152
26 162
26 163
26 27
26 28
26 47
26 52
26 53
26 60
26 72
26 80
26 92
26 95
26 98
26 104
26 106
26 108
26 120
26 124
26 127
26 155
26 161
26 166
26 55
26 79
26 82
26 86
26 97
26 107
26 111
26 118
26 139
26 141
26 148
26 156
27 28
27 36
27 37
27 38
27 44
27 49
27 52
27 55
27 57
27 59
27 62
27 80
27 85
27 86
27 89
27 93
27 97
27 99
27 103
27 105
27 107
27 111
27 116
27 117
27 121
27 125
27 129
27 131
27 134
27 140
27 144
27 146
27 148
27 151
27 155
27 158
27 162
27 163
27 166
27 167
27 169
27 29
27 39
27 50
27 53
27 54
27 56
27 63
27 65
27 66
27 71
27 72
27 77
27 81
27 83
27 88
27 95
27 96
27 100
27 106
27 110
27 112
27 122
27 123
27 128
27 132
27 136
27 137
27 139
27 152
27 156
27 157
27 165
27 32
27 40
27 43
27 45
27 46
27 68
27 70
27 73
27 82
27 84
27 91
27 101
27 109
27 114
27 141
27 143
27 149
27 160
27 161
27 168
27 30
27 31
27 34
27 35
27 42
27 51
27 67
27 69
27 76
27 78
27 90
27 92
27 104
27 108
27 118
27 138
27 142
27 145
27 153
27 154
27 159
28 33
28 34
28 35
28 42
28 43
28 48
28 51
28 58
28 60
28 61
28 65
28 66
28 69
28 70
28 79
28 81
28 86
28 91
28 94
28 95
28 97
28 98
28 99
28 100
28 101
28 103
28 116
28 119
28 129
28 130
28 131
28 132
28 133
28 136
28 142
28 149
28 150
28 151
28 155
28 158
28 161
28 168
28 169
28 36
28 37
28 44
28 50
28 76
28 77
28 78
28 82
28 85
28 88
28 104
28 105
28 108
28 117
28 118
28 122
28 124
28 138
28 141
28 145
28 154
28 157
28 159
28 160
28 166
28 30
28 32
28 38
28 39
28 46
28 47
28 52
28 54
28 59
28 67
28 71
28 75
28 83
28 84
28 87
28 89
28 92
28 93
28 102
28 107
28 111
28 112
28 115
28 135
28 163
28 56
28 62
28 73
28 80
28 90
28 109
28 110
28 114
28 123
28 137
28 139
28 140
29 31
29 32
29 38
29 43
29 46
29 47
29 54
29 60
29 62
29 67
29 72
29 74
29 75
29 76
29 86
29 95
29 96
29 101
29 104
29 107
29 108
29 119
29 122
29 124
29 126
29 127
29 130
29 134
29 136
29 137
29 140
29 143
29 144
29 150
29 153
29 155
29 161
29 169
29 30
29 34
29 35
29 36
29 39
29 45
29 50
29 51
29 53
29 59
29 66
29 73
29 78
29 81
29 98
29 99
29 102
29 103
29 115
29 116
29 121
29 123
29 125
29 132
29 138
29 141
29 142
29 146
29 149
29 154
29 160
29 162
29 163
29 167
29 37
29 44
29 48
29 52
29 55
29 57
29 69
29 71
29 77
29 87
29 90
29 100
29 117
29 118
29 128
29 129
29 145
29 157
29 158
29 166
29 168
29 41
29 42
29 49
29 58
29 64
29 83
29 89
29 94
29 105
29 112
29 133
29 152
30 31
30 33
30 36
30 40
30 45
30 46
30 53
30 57
30 63
30 67
30 75
30 81
30 83
30 84
30 85
30 89
30 90
30 91
30 95
30 97
30 99
30 101
30 102
30 106
30 112
30 114
30 115
30 118
30 119
30 123
30 128
30 129
30 133
30 135
30 137
30 139
30 144
30 148
30 151
30 152
30 159
30 161
30 41
30 43
30 44
30 60
30 64
30 66
30 69
30 70
30 71
30 73
30 76
30 77
30 79
30 87
30 92
30 96
30 98
30 121
30 131
30 134
30 140
30 149
30 154
30 168
30 38
30 49
30 52
30 54
30 55
30 62
30 86
30 94
30 103
30 116
30 117
30 127
30 130
30 132
30 145
30 150
30 153
30 156
30 157
30 158
30 160
30 162
30 165
30 167
30 169
30 42
30 47
30 48
30 50
30 61
30 78
30 82
30 107
30 113
30 122
30 124
30 138
30 146
30 147
30 164
30 166
31 40
31 43
31 49
31 50
31 52
31 53
31 54
31 55
31 56
31 58
31 62
31 65
31 73
31 74
31 83
31 97
31 98
31 102
31 105
31 107
31 111
31 112
31 117
31 118
31 123
31 124
31 125
31 132
31 136
31 137
31 139
31 140
31 141
31 144
31 149
31 151
31 153
31 154
31 156
31 162
31 163
31 165
31 168
31 37
31 39
31 46
31 60
31 66
31 69
31 70
31 76
31 82
31 86
31 88
31 94
31 96
31 99
31 101
31 104
31 110
31 114
31 115
31 116
31 120
31 122
31 133
31 142
31 143
31 150
31 158
31 159
31 160
31 167
31 34
31 38
31 42
31 44
31 48
31 57
31 59
31 63
31 75
31 80
31 85
31 87
31 89
31 92
31 93
31 100
31 109
31 113
31 119
31 127
31 128
31 130
31 138
31 145
31 155
31 36
31 51
31 64
31 90
31 95
31 103
31 106
31 121
31 126
31 134
31 146
31 164
31 169
32 34
32 35
32 40
32 44
32 45
32 51
32 53
32 61
32 63
32 64
32 66
32 67
32 68
32 71
32 75
32 76
32 78
32 83
32 84
32 85
32 98
32 99
32 100
32 102
32 103
32 110
32 117
32 119
32 127
32 129
32 131
32 136
32 137
32 140
32 145
32 146
32 154
32 156
32 161
32 164
32 165
32 42
32 47
32 52
32 57
32 59
32 65
32 70
32 72
32 82
32 86
32 88
32 89
32 104
32 105
32 106
32 111
32 112
32 113
32 126
32 128
32 139
32 141
32 143
32 148
32 149
32 151
32 152
32 158
32 163
32 167
32 168
32 54
32 56
32 60
32 62
32 69
32 80
32 81
32 91
32 93
32 94
32 97
32 107
32 108
32 118
32 120
32 123
32 134
32 142
32 150
32 157
32 160
32 38
32 48
32 58
32 74
32 87
32 92
32 121
32 122
32 138
32 147
32 155
32 166
33 37
33 38
33 44
33 47
33 49
33 50
33 51
33 56
33 57
33 59
33 64
33 69
33 73
33 74
33 77
33 81
33 82
33 86
33 88
33 89
33 97
33 99
33 101
33 106
33 121
33 124
33 126
33 130
33 131
33 132
33 133
33 134
33 140
33 154
33 155
33 156
33 161
33 163
33 164
33 167
33 168
33 48
33 53
33 54
33 58
33 72
33 76
33 79
33 84
33 93
33 96
33 109
33 113
33 116
33 117
33 118
33 119
33 127
33 144
33 145
33 146
33 152
33 153
33 160
33 165
33 39
33 41
33 42
33 52
33 60
33 61
33 62
33 70
33 80
33 94
33 104
33 120
33 122
33 123
33 128
33 137
33 148
33 150
33 151
33 157
33 159
33 166
33 43
33 46
33 67
33 75
33 83
33 100
33 103
33 107
33 112
33 114
33 141
33 143
33 169
34 36
34 41
34 42
34 44
34 47
34 52
34 61
34 63
34 66
34 70
34 73
34 76
34 78
34 84
34 90
34 91
34 95
34 103
34 104
34 105
34 108
34 109
34 110
34 111
34 115
34 116
34 117
34 119
34 120
34 124
34 127
34 130
34 131
34 132
34 134
34 135
34 137
34 139
34 140
34 143
34 144
34 145
34 146
34 151
34 156
34 160
34 162
34 163
34 164
34 165
34 35
34 39
34 50
34 55
34 58
34 62
34 72
34 79
34 80
34 93
34 97
34 98
34 113
34 114
34 122
34 125
34 129
34 133
34 152
34 159
34 161
34 45
34 54
34 87
34 94
34 96
34 121
34 128
34 141
34 153
34 155
34 38
34 49
34 56
34 65
34 71
34 74
34 75
34 82
34 102
34 106
34 136
34 138
34 142
34 150
34 167
34 168
35 36
35 44
35 50
35 53
35 54
35 55
35 59
35 62
35 71
35 75
35 82
35 91
35 94
35 104
35 105
35 113
35 116
35 119
35 120
35 127
35 128
35 129
35 133
35 134
35 138
35 143
35 149
35 150
35 153
35 154
35 155
35 159
35 161
35 162
35 164
35 167
35 168
35 38
35 41
35 42
35 45
35 46
35 49
35 61
35 65
35 68
35 69
35 72
35 76
35 78
35 79
35 84
35 92
35 101
35 102
35 103
35 106
35 107
35 109
35 115
35 118
35 121
35 122
35 123
35 124
35 126
35 136
35 152
35 158
35 163
35 169
35 40
35 48
35 57
35 66
35 70
35 83
35 85
35 86
35 88
35 89
35 98
35 111
35 114
35 117
35 131
35 141
35 145
35 147
35 157
35 166
35 37
35 39
35 52
35 90
35 99
35 110
35 125
35 137
35 142
35 144
35 148
35 156
35 165
36 37
36 47
36 49
36 53
36 56
36 70
36 78
36 83
36 88
36 89
36 90
36 92
36 96
36 97
36 108
36 110
36 111
36 113
36 117
36 120
36 121
36 125
36 126
36 128
36 131
36 133
36 138
36 140
36 142
36 158
36 160
36 167
36 168
36 169
36 38
36 41
36 44
36 45
36 48
36 50
36 57
36 59
36 62
36 71
36 72
36 74
36 76
36 82
36 85
36 98
36 107
36 109
36 112
36 114
36 123
36 129
36 130
36 143
36 147
36 163
36 164
36 39
36 46
36 54
36 55
36 61
36 67
36 79
36 81
36 84
36 93
36 95
36 100
36 101
36 115
36 122
36 135
36 141
36 146
36 151
36 156
36 157
36 43
36 58
36 69
36 73
36 87
36 91
36 104
36 105
36 116
36 145
36 152
36 154
36 159
36 162
37 38
37 39
37 42
37 49
37 52
37 58
37 61
37 64
37 68
37 70
37 71
37 73
37 74
37 78
37 80
37 85
37 97
37 103
37 106
37 108
37 110
37 112
37 117
37 122
37 123
37 124
37 128
37 133
37 137
37 138
37 142
37 144
37 146
37 147
37 149
37 157
37 161
37 162
37 163
37 164
37 169
37 43
37 44
37 46
37 50
37 55
37 56
37 59
37 60
37 65
37 69
37 72
37 84
37 86
37 88
37 93
37 98
37 111
37 113
37 127
37 139
37 150
37 156
37 159
37 167
37 57
37 62
37 76
37 87
37 95
37 96
37 120
37 131
37 135
37 151
37 152
37 155
37 158
37 165
37 168
37 41
37 51
37 79
37 81
37 89
37 92
37 94
37 105
37 109
37 115
37 125
37 126
37 129
37 153
37 154
37 166
38 40
38 46
38 48
38 49
38 57
38 61
38 62
38 64
38 66
38 78
38 79
38 80
38 84
38 87
38 88
38 93
38 96
38 98
38 99
38 102
38 103
38 110
38 112
38 113
38 116
38 118
38 120
38 125
38 126
38 133
38 138
38 143
38 145
38 146
38 150
38 155
38 157
38 161
38 41
38 45
38 50
38 51
38 63
38 67
38 68
38 71
38 73
38 82
38 83
38 89
38 105
38 107
38 109
38 114
38 124
38 130
38 132
38 135
38 136
38 140
38 141
38 142
38 147
38 159
38 162
38 163
38 166
38 168
38 42
38 52
38 54
38 69
38 76
38 90
38 91
38 104
38 111
38 115
38 117
38 119
38 139
38 148
38 158
38 167
38 39
38 47
38 53
38 65
38 70
38 81
38 86
38 94
38 95
38 100
38 121
38 122
38 129
38 149
38 151
38 153
38 165
39 41
39 45
39 46
39 52
39 55
39 56
39 61
39 63
39 67
39 69
39 71
39 77
39 78
39 81
39 84
39 86
39 87
39 89
39 93
39 96
39 98
39 100
39 102
39 105
39 109
39 111
39 113
39 116
39 121
39 126
39 127
39 136
39 139
39 142
39 146
39 148
39 149
39 151
39 152
39 153
39 155
39 161
39 163
39 166
39 40
39 47
39 50
39 51
39 62
39 79
39 82
39 83
39 99
39 101
39 107
39 128
39 130
39 132
39 135
39 138
39 154
39 159
39 164
39 165
39 168
39 43
39 49
39 58
39 60
39 74
39 75
39 90
39 91
39 103
39 104
39 108
39 110
39 114
39 115
39 118
39 122
39 125
39 143
39 144
39 145
39 150
39 158
39 169
39 42
39 44
39 65
39 68
39 70
39 73
39 76
39 120
39 123
39 129
39 140
39 141
39 167
40 42
40 45
40 48
40 49
40 50
40 52
40 62
40 63
40 65
40 70
40 71
40 75
40 77
40 79
40 86
40 87
40 92
40 94
40 95
40 98
40 100
40 103
40 105
40 110
40 111
40 115
40 120
40 122
40 129
40 134
40 135
40 143
40 144
40 147
40 148
40 149
40 154
40 155
40 157
40 161
40 163
40 165
40 169
40 53
40 54
40 57
40 67
40 74
40 76
40 78
40 88
40 93
40 97
40 99
40 102
40 104
40 106
40 108
40 109
40 112
40 113
40 125
40 130
40 131
40 132
40 137
40 138
40 141
40 142
40 151
40 152
40 158
40 159
40 162
40 167
40 46
40 51
40 56
40 60
40 61
40 66
40 69
40 72
40 80
40 81
40 89
40 96
40 107
40 116
40 121
40 123
40 126
40 127
40 139
40 150
40 160
40 44
40 55
40 58
40 68
40 73
40 90
40 117
40 124
40 153
40 164
40 168
41 42
41 44
41 52
41 56
41 60
41 63
41 67
41 75
41 84
41 87
41 89
41 91
41 93
41 96
41 97
41 100
41 101
41 103
41 105
41 111
41 112
41 130
41 135
41 138
41 139
41 145
41 146
41 148
41 149
41 150
41 154
41 155
41 156
41 167
41 169
41 48
41 49
41 54
41 55
41 59
41 61
41 69
41 73
41 76
41 79
41 80
41 81
41 82
41 90
41 92
41 99
41 104
41 107
41 109
41 113
41 114
41 122
41 124
41 126
41 128
41 129
41 131
41 141
41 147
41 152
41 158
41 161
41 162
41 164
41 168
41 43
41 46
41 47
41 50
41 53
41 64
41 77
41 86
41 94
41 95
41 102
41 106
41 117
41 118
41 125
41 127
41 134
41 151
41 159
41 160
41 165
41 166
41 65
41 68
41 70
41 88
41 133
41 136
41 142
41 143
41 144
42 46
42 54
42 59
42 62
42 71
42 73
42 74
42 75
42 77
42 82
42 83
42 85
42 86
42 87
42 97
42 98
42 103
42 109
42 110
42 113
42 114
42 124
42 127
42 128
42 129
42 130
42 133
42 134
42 135
42 137
42 139
42 140
42 144
42 147
42 148
42 153
42 154
42 161
42 166
42 43
42 68
42 79
42 88
42 89
42 91
42 92
42 93
42 96
42 100
42 115
42 117
42 120
42 123
42 125
42 132
42 145
42 169
42 45
42 47
42 48
42 49
42 53
42 76
42 90
42 94
42 101
42 104
42 131
42 136
42 138
42 150
42 157
42 50
42 58
42 63
42 66
42 80
42 108
42 121
42 159
42 163
42 164
42 168
43 46
43 49
43 55
43 61
43 65
43 67
43 70
43 81
43 82
43 83
43 84
43 88
43 91
43 93
43 95
43 96
43 97
43 98
43 99
43 102
43 105
43 112
43 114
43 116
43 132
43 138
43 139
43 143
43 145
43 150
43 152
43 153
43 156
43 160
43 45
43 53
43 58
43 63
43 68
43 73
43 75
43 76
43 78
43 104
43 109
43 117
43 118
43 120
43 122
43 126
43 127
43 131
43 133
43 134
43 135
43 142
43 147
43 148
43 155
43 164
43 168
43 44
43 48
43 51
43 52
43 57
43 66
43 72
43 85
43 87
43 92
43 94
43 103
43 107
43 110
43 115
43 121
43 125
43 128
43 130
43 140
43 141
43 157
43 159
43 162
43 166
43 167
43 62
43 71
43 80
43 89
43 119
43 123
43 124
43 146
43 149
43 154
44 46
44 48
44 52
44 57
44 59
44 73
44 74
44 76
44 78
44 86
44 87
44 88
44 91
44 92
44 94
44 95
44 96
44 101
44 102
44 105
44 106
44 110
44 114
44 119
44 120
44 122
44 124
44 125
44 126
44 131
44 137
44 140
44 144
44 145
44 148
44 151
44 152
44 156
44 163
44 167
44 50
44 54
44 67
44 69
44 70
44 71
44 72
44 80
44 81
44 83
44 84
44 89
44 98
44 104
44 107
44 108
44 111
44 132
44 133
44 135
44 141
44 146
44 150
44 161
44 165
44 168
44 169
44 49
44 55
44 58
44 60
44 61
44 63
44 64
44 75
44 77
44 82
44 99
44 100
44 113
44 127
44 129
44 136
44 139
44 153
44 154
44 155
44 158
44 159
44 164
44 51
44 53
44 79
44 115
44 117
44 118
44 121
44 143
45 51
45 52
45 55
45 60
45 67
45 78
45 79
45 81
45 90
45 93
45 96
45 100
45 104
45 108
45 109
45 113
45 114
45 118
45 119
45 132
45 139
45 142
45 143
45 144
45 145
45 151
45 156
45 158
45 162
45 165
45 166
45 168
45 169
45 48
45 61
45 63
45 68
45 72
45 75
45 84
45 85
45 88
45 91
45 95
45 97
45 99
45 107
45 116
45 120
45 123
45 125
45 126
45 130
45 135
45 136
45 137
45 147
45 157
45 160
45 163
45 167
45 47
45 49
45 59
45 62
45 65
45 70
45 71
45 73
45 77
45 82
45 87
45 89
45 94
45 102
45 115
45 122
45 127
45 128
45 129
45 146
45 154
45 155
45 161
45 164
45 66
45 69
45 74
45 80
45 86
45 110
45 133
45 141
45 148
46 50
46 53
46 55
46 57
46 59
46 61
46 65
46 66
46 69
46 76
46 83
46 87
46 92
46 99
46 103
46 109
46 114
46 115
46 119
46 121
46 126
46 128
46 129
46 131
46 138
46 142
46 147
46 148
46 152
46 155
46 165
46 166
46 167
46 168
46 169
46 47
46 48
46 62
46 67
46 73
46 74
46 75
46 77
46 80
46 89
46 90
46 91
46 94
46 101
46 102
46 104
46 107
46 123
46 125
46 127
46 130
46 134
46 156
46 158
46 159
46 160
46 161
46 162
46 51
46 58
46 64
46 70
46 71
46 72
46 78
46 82
46 85
46 106
46 110
46 116
46 117
46 118
46 122
46 135
46 136
46 145
46 151
46 84
46 86
46 96
46 97
46 98
46 100
46 111
46 120
46 124
46 137
46 139
46 140
46 144
46 150
46 157
46 163
46 164
47 48
47 52
47 54
47 55
47 57
47 60
47 63
47 64
47 67
47 72
47 84
47 85
47 94
47 99
47 101
47 103
47 104
47 106
47 108
47 111
47 112
47 114
47 118
47 119
47 124
47 128
47 129
47 130
47 137
47 139
47 143
47 151
47 155
47 156
47 157
47 158
47 160
47 165
47 166
47 167
47 50
47 51
47 59
47 61
47 65
47 69
47 74
47 77
47 86
47 89
47 98
47 102
47 109
47 120
47 122
47 126
47 131
47 132
47 135
47 140
47 147
47 149
47 153
47 161
47 168
47 58
47 62
47 82
47 90
47 93
47 100
47 110
47 125
47 136
47 138
47 142
47 144
47 146
47 148
47 152
47 159
47 162
47 71
47 79
47 83
47 87
47 91
47 105
47 113
47 116
47 123
47 163
47 169
48 50
48 51
48 54
48 57
48 60
48 64
48 67
48 68
48 71
48 73
48 75
48 81
48 82
48 84
48 85
48 89
48 93
48 94
48 95
48 98
48 99
48 105
48 132
48 136
48 138
48 140
48 142
48 143
48 146
48 151
48 152
48 155
48 160
48 164
48 167
48 168
48 52
48 62
48 70
48 86
48 90
48 97
48 103
48 104
48 107
48 108
48 112
48 114
48 115
48 116
48 119
48 121
48 126
48 130
48 131
48 135
48 141
48 145
48 153
48 157
48 159
48 53
48 61
48 72
48 78
48 80
48 88
48 100
48 110
48 111
48 117
48 118
48 124
48 134
48 137
48 139
48 147
48 158
48 49
48 63
48 74
48 91
48 96
48 102
48 120
48 125
48 148
48 149
48 162
49 50
49 53
49 57
49 61
49 62
49 63
49 66
49 72
49 76
49 79
49 87
49 90
49 92
49 94
49 95
49 97
49 100
49 103
49 105
49 111
49 112
49 115
49 117
49 119
49 123
49 127
49 133
49 142
49 147
49 151
49 153
49 154
49 157
49 160
49 161
49 163
49 164
49 165
49 55
49 64
49 70
49 74
49 77
49 85
49 96
49 98
49 99
49 114
49 118
49 124
49 125
49 126
49 129
49 136
49 139
49 145
49 159
49 162
49 169
49 51
49 67
49 71
49 73
49 75
49 80
49 84
49 86
49 93
49 101
49 102
49 128
49 135
49 137
49 140
49 143
49 168
49 54
49 69
49 89
49 91
49 108
49 131
49 132
49 141
49 149
50 52
50 53
50 55
50 61
50 64
50 68
50 72
50 73
50 75
50 77
50 82
50 87
50 90
50 95
50 97
50 100
50 109
50 113
50 114
50 119
50 134
50 139
50 140
50 141
50 144
50 145
50 150
50 151
50 152
50 158
50 161
50 163
50 164
50 165
50 51
50 54
50 63
50 69
50 78
50 88
50 94
50 96
50 102
50 112
50 115
50 124
50 126
50 128
50 133
50 146
50 155
50 157
50 160
50 162
50 166
50 167
50 168
50 66
50 76
50 80
50 81
50 84
50 93
50 98
50 103
50 104
50 106
50 107
50 108
50 110
50 118
50 125
50 131
50 132
50 149
50 153
50 156
50 159
50 58
50 60
50 71
50 74
50 79
50 86
50 91
50 117
50 120
50 122
50 123
50 127
50 135
50 138
50 147
50 148
50 154
51 53
51 55
51 57
51 58
51 59
51 67
51 73
51 77
51 80
51 81
51 82
51 89
51 90
51 91
51 93
51 105
51 106
51 107
51 109
51 110
51 113
51 115
51 116
51 120
51 124
51 126
51 127
51 130
51 131
51 133
51 138
51 141
51 143
51 145
51 155
51 158
51 160
51 161
51 167
51 169
51 54
51 56
51 64
51 65
51 69
51 79
51 85
51 87
51 88
51 97
51 102
51 104
51 119
51 121
51 129
51 137
51 139
51 151
51 152
51 156
51 162
51 164
51 61
51 76
51 84
51 94
51 95
51 112
51 117
51 128
51 134
51 135
51 140
51 147
51 150
51 163
51 168
51 52
51 60
51 62
51 66
51 75
51 78
51 86
51 101
51 103
51 111
51 122
51 123
51 144
52 53
52 54
52 55
52 62
52 64
52 69
52 71
52 76
52 80
52 83
52 84
52 88
52 89
52 99
52 100
52 101
52 108
52 109
52 116
52 122
52 126
52 131
52 134
52 138
52 140
52 146
52 152
52 164
52 59
52 70
52 72
52 78
52 85
52 87
52 91
52 94
52 97
52 98
52 107
52 111
52 115
52 119
52 125
52 129
52 133
52 135
52 148
52 150
52 151
52 154
52 155
52 158
52 161
52 163
52 73
52 74
52 102
52 103
52 106
52 114
52 120
52 128
52 130
52 147
52 149
52 167
52 63
52 65
52 66
52 75
52 92
52 117
52 121
52 123
52 144
52 159
52 162
52 166
52 169
53 58
53 59
53 63
53 64
53 66
53 67
53 68
53 71
53 86
53 97
53 98
53 99
53 102
53 110
53 112
53 113
53 115
53 118
53 119
53 121
53 126
53 127
53 128
53 139
53 140
53 146
53 148
53 150
53 151
53 152
53 159
53 160
53 54
53 65
53 74
53 81
53 84
53 87
53 90
53 93
53 95
53 100
53 101
53 103
53 106
53 107
53 109
53 117
53 122
53 123
53 132
53 141
53 142
53 145
53 165
53 166
53 167
53 168
53 169
53 69
53 70
53 72
53 73
53 75
53 76
53 77
53 79
53 85
53 88
53 91
53 96
53 104
53 116
53 120
53 124
53 129
53 130
53 131
53 134
53 135
53 144
53 162
53 57
53 61
53 78
53 80
53 92
53 114
53 125
53 138
53 154
53 163
53 164
54 55
54 62
54 63
54 64
54 65
54 66
54 72
54 73
54 75
54 76
54 77
54 81
54 82
54 86
54 90
54 98
54 102
54 106
54 108
54 117
54 118
54 121
54 123
54 126
54 129
54 134
54 138
54 142
54 144
54 148
54 149
54 164
54 165
54 166
54 169
54 56
54 60
54 61
54 67
54 69
54 70
54 78
54 85
54 88
54 92
54 99
54 103
54 109
54 110
54 111
54 113
54 116
54 122
54 124
54 127
54 131
54 133
54 135
54 139
54 146
54 150
54 154
54 158
54 58
54 80
54 95
54 97
54 101
54 107
54 112
54 115
54 132
54 140
54 145
54 151
54 159
54 160
54 163
54 168
54 68
54 71
54 84
54 93
54 96
54 125
54 153
54 155
54 156
54 162
55 62
55 70
55 71
55 74
55 78
55 82
55 83
55 85
55 89
55 93
55 96
55 98
55 100
55 101
55 102
55 105
55 112
55 113
55 114
55 117
55 118
55 119
55 123
55 124
55 126
55 127
55 128
55 129
55 131
55 134
55 137
55 138
55 142
55 145
55 147
55 148
55 149
55 155
55 161
55 162
55 163
55 56
55 58
55 60
55 67
55 72
55 73
55 84
55 86
55 87
55 95
55 106
55 108
55 146
55 157
55 158
55 166
55 64
55 69
55 75
55 80
55 92
55 94
55 120
55 125
55 130
55 136
55 140
55 141
55 151
55 152
55 154
55 165
55 167
55 57
55 59
55 66
55 68
55 77
55 88
55 104
55 110
55 111
55 115
55 121
55 139
55 143
55 156
55 168
55 169
56 57
56 59
56 60
56 68
56 71
56 75
56 79
56 83
56 84
56 89
56 91
56 92
56 100
56 106
56 107
56 110
56 116
56 119
56 120
56 123
56 124
56 125
56 131
56 134
56 144
56 145
56 147
56 148
56 152
56 154
56 155
56 156
56 163
56 62
56 63
56 66
56 76
56 77
56 87
56 95
56 96
56 98
56 105
56 112
56 114
56 126
56 127
56 129
56 135
56 137
56 138
56 140
56 150
56 158
56 166
56 169
56 58
56 69
56 70
56 74
56 78
56 80
56 85
56 86
56 88
56 94
56 99
56 102
56 111
56 113
56 115
56 118
56 130
56 132
56 133
56 136
56 153
56 164
56 168
56 61
56 72
56 82
56 97
56 101
56 104
56 122
56 128
56 141
56 143
56 162
56 167
57 68
57 71
57 76
57 77
57 79
57 87
57 89
57 91
57 92
57 94
57 96
57 103
57 105
57 108
57 112
57 113
57 115
57 116
57 117
57 121
57 122
57 123
57 127
57 133
57 134
57 136
57 137
57 138
57 139
57 141
57 144
57 146
57 153
57 157
57 158
57 162
57 163
57 169
57 59
57 67
57 73
57 74
57 78
57 81
57 82
57 83
57 85
57 93
57 104
57 107
57 118
57 125
57 129
57 130
57 151
57 156
57 159
57 160
57 165
57 58
57 65
57 90
57 97
57 100
57 101
57 102
57 124
57 132
57 148
57 149
57 168
57 60
57 61
57 63
57 95
57 110
57 119
57 120
57 128
57 145
57 161
58 59
58 61
58 62
58 65
58 67
58 68
58 69
58 70
58 74
58 75
58 76
58 84
58 86
58 87
58 88
58 92
58 96
58 98
58 99
58 101
58 102
58 104
58 107
58 111
58 112
58 116
58 117
58 132
58 133
58 134
58 138
58 142
58 148
58 151
58 154
58 162
58 165
58 166
58 63
58 64
58 81
58 83
58 90
58 100
58 114
58 115
58 125
58 130
58 135
58 136
58 139
58 140
58 143
58 149
58 157
58 160
58 164
58 168
58 169
58 60
58 66
58 72
58 85
58 89
58 105
58 113
58 137
58 141
58 144
58 145
58 156
58 163
58 167
58 73
58 80
58 91
58 95
58 103
58 110
58 118
58 123
58 124
58 146
58 147
58 158
58 159
59 62
59 63
59 71
59 80
59 81
59 82
59 87
59 89
59 90
59 91
59 92
59 96
59 99
59 102
59 104
59 105
59 108
59 109
59 110
59 117
59 120
59 134
59 135
59 143
59 147
59 148
59 149
59 150
59 153
59 165
59 60
59 61
59 65
59 70
59 79
59 88
59 93
59 95
59 98
59 113
59 114
59 118
59 119
59 121
59 124
59 126
59 127
59 128
59 136
59 137
59 138
59 139
59 140
59 141
59 142
59 146
59 158
59 163
59 167
59 66
59 67
59 68
59 76
59 77
59 85
59 94
59 97
59 115
59 122
59 123
59 129
59 133
59 151
59 154
59 160
59 162
59 168
59 72
59 75
59 100
59 107
59 111
59 130
59 144
59 155
59 159
59 169
60 61
60 67
60 70
60 72
60 74
60 75
60 76
60 77
60 79
60 83
60 84
60 90
60 93
60 97
60 98
60 104
60 107
60 111
60 113
60 117
60 123
60 129
60 131
60 132
60 136
60 148
60 152
60 153
60 155
60 156
60 157
60 159
60 164
60 166
60 62
60 73
60 81
60 82
60 89
60 100
60 101
60 103
60 109
60 114
60 122
60 124
60 125
60 130
60 134
60 149
60 161
60 162
60 167
60 63
60 64
60 78
60 80
60 91
60 99
60 102
60 112
60 115
60 119
60 120
60 121
60 137
60 138
60 151
60 165
60 169
60 96
60 110
60 127
60 128
60 141
60 142
60 146
60 147
60 163
61 64
61 65
61 67
61 72
61 73
61 75
61 78
61 81
61 83
61 88
61 92
61 94
61 96
61 108
61 109
61 111
61 115
61 117
61 119
61 120
61 122
61 128
61 138
61 140
61 148
61 151
61 154
61 160
61 162
61 164
61 166
61 167
61 168
61 169
61 66
61 68
61 79
61 80
61 86
61 87
61 98
61 101
61 105
61 106
61 112
61 116
61 118
61 124
61 125
61 126
61 127
61 131
61 141
61 145
61 150
61 159
61 163
61 82
61 90
61 91
61 93
61 99
61 102
61 135
61 137
61 146
61 149
61 152
61 62
61 71
61 85
61 110
61 113
61 114
61 121
61 123
61 129
61 139
61 142
61 143
61 155
61 161
61 165
62 63
62 65
62 69
62 70
62 71
62 76
62 78
62 80
62 83
62 85
62 86
62 88
62 89
62 90
62 92
62 94
62 97
62 100
62 105
62 106
62 110
62 112
62 115
62 117
62 120
62 126
62 127
62 129
62 131
62 136
62 143
62 147
62 148
62 150
62 151
62 154
62 161
62 162
62 163
62 169
62 64
62 66
62 68
62 72
62 75
62 77
62 82
62 84
62 91
62 96
62 102
62 103
62 104
62 107
62 109
62 114
62 128
62 132
62 137
62 139
62 140
62 155
62 160
62 164
62 168
62 67
62 74
62 98
62 99
62 118
62 138
62 142
62 153
62 157
62 165
62 167
62 73
62 79
62 81
62 113
62 116
62 134
62 166
63 67
63 68
63 70
63 71
63 78
63 83
63 85
63 86
63 87
63 88
63 89
63 93
63 94
63 96
63 97
63 100
63 102
63 107
63 111
63 116
63 120
63 123
63 127
63 134
63 140
63 141
63 144
63 146
63 147
63 148
63 155
63 157
63 159
63 160
63 163
63 165
63 168
63 64
63 72
63 76
63 91
63 106
63 112
63 115
63 117
63 119
63 121
63 130
63 131
63 135
63 142
63 150
63 156
63 162
63 169
63 80
63 90
63 92
63 98
63 103
63 104
63 110
63 132
63 145
63 151
63 153
63 158
63 74
63 79
63 81
63 105
63 109
63 118
63 125
63 129
63 133
63 137
63 138
63 139
63 143
63 154
64 65
64 66
64 67
64 75
64 82
64 84
64 85
64 86
64 88
64 90
64 97
64 102
64 106
64 112
64 113
64 115
64 120
64 126
64 128
64 132
64 141
64 142
64 148
64 150
64 154
64 159
64 161
64 163
64 164
64 167
64 168
64 69
64 73
64 74
64 79
64 80
64 81
64 83
64 92
64 96
64 98
64 99
64 104
64 107
64 111
64 114
64 131
64 136
64 139
64 145
64 146
64 149
64 153
64 157
64 70
64 71
64 77
64 100
64 108
64 121
64 125
64 133
64 134
64 137
64 152
64 155
64 165
64 166
64 169
64 68
64 87
64 89
64 93
64 94
64 101
64 103
64 109
64 110
64 122
64 129
64 144
65 66
65 67
65 68
65 69
65 70
65 75
65 78
65 81
65 83
65 84
65 86
65 88
65 92
65 96
65 97
65 101
65 103
65 104
65 108
65 111
65 112
65 124
65 136
65 145
65 149
65 152
65 156
65 160
65 161
65 162
65 168
65 169
65 71
65 72
65 73
65 87
65 89
65 93
65 105
65 110
65 113
65 117
65 119
65 123
65 126
65 130
65 131
65 134
65 135
65 143
65 144
65 146
65 155
65 158
65 74
65 80
65 82
65 90
65 94
65 102
65 107
65 114
65 121
65 129
65 133
65 150
65 77
65 79
65 85
65 91
65 109
65 115
65 132
65 139
65 141
65 153
65 154
65 165
65 166
66 67
66 68
66 71
66 72
66 74
66 77
66 80
66 84
66 87
66 89
66 90
66 92
66 93
66 100
66 101
66 107
66 109
66 112
66 117
66 121
66 122
66 124
66 128
66 129
66 130
66 131
66 135
66 138
66 140
66 144
66 147
66 149
66 150
66 151
66 153
66 159
66 163
66 165
66 169
66 73
66 79
66 99
66 103
66 105
66 108
66 110
66 114
66 118
66 120
66 123
66 127
66 132
66 133
66 136
66 139
66 143
66 152
66 154
66 157
66 158
66 69
66 70
66 83
66 85
66 86
66 91
66 95
66 97
66 102
66 115
66 116
66 125
66 146
66 155
66 156
66 76
66 78
66 96
66 98
66 113
66 126
66 142
66 161
67 71
67 74
67 75
67 82
67 87
67 90
67 92
67 95
67 99
67 101
67 106
67 108
67 116
67 118
67 121
67 125
67 132
67 133
67 136
67 137
67 141
67 143
67 149
67 153
67 160
67 162
67 68
67 70
67 72
67 76
67 79
67 88
67 89
67 91
67 94
67 100
67 103
67 104
67 105
67 113
67 114
67 119
67 120
67 124
67 138
67 146
67 156
67 157
67 159
67 165
67 167
67 168
67 69
67 77
67 80
67 85
67 86
67 93
67 107
67 123
67 126
67 127
67 129
67 130
67 134
67 135
67 147
67 150
67 151
67 161
67 163
67 166
67 81
67 109
67 111
67 112
67 115
67 117
67 140
67 152
67 164
68 69
68 70
68 75
68 78
68 80
68 84
68 86
68 89
68 98
68 102
68 103
68 109
68 121
68 123
68 127
68 128
68 130
68 131
68 132
68 140
68 142
68 143
68 145
68 151
68 153
68 154
68 157
68 167
68 71
68 72
68 97
68 99
68 108
68 113
68 117
68 124
68 134
68 138
68 156
68 159
68 161
68 164
68 165
68 166
68 73
68 74
68 76
68 77
68 81
68 82
68 93
68 104
68 106
68 114
68 125
68 135
68 137
68 141
68 147
68 152
68 158
68 163
68 83
68 92
68 95
68 101
68 105
68 110
68 118
68 133
68 148
68 149
68 150
68 155
69 73
69 82
69 84
69 86
69 87
69 89
69 90
69 91
69 93
69 94
69 96
69 98
69 101
69 104
69 108
69 112
69 120
69 139
69 145
69 147
69 150
69 152
69 169
69 70
69 72
69 75
69 80
69 83
69 103
69 106
69 107
69 110
69 111
69 114
69 116
69 118
69 124
69 129
69 132
69 144
69 148
69 157
69 163
69 165
69 76
69 102
69 109
69 113
69 119
69 121
69 128
69 131
69 140
69 143
69 146
69 149
69 155
69 159
69 77
69 78
69 79
69 99
69 115
69 122
69 123
69 125
69 126
69 130
69 141
69 151
69 153
69 154
69 156
69 158
69 160
69 162
69 168
70 76
70 77
70 81
70 86
70 87
70 90
70 92
70 93
70 94
70 99
70 100
70 101
70 102
70 108
70 117
70 119
70 120
70 121
70 122
70 125
70 134
70 141
70 149
70 151
70 154
70 157
70 159
70 162
70 163
70 165
70 167
70 80
70 83
70 96
70 103
70 105
70 110
70 111
70 116
70 118
70 124
70 126
70 128
70 130
70 131
70 133
70 144
70 145
70 147
70 152
70 153
70 158
70 160
70 161
70 168
70 78
70 82
70 85
70 106
70 112
70 115
70 127
70 132
70 137
70 138
70 142
70 146
70 72
70 79
70 89
70 113
70 136
70 140
70 150
70 164
70 166
71 72
71 73
71 76
71 77
71 80
71 83
71 85
71 86
71 88
71 90
71 92
71 97
71 102
71 107
71 108
71 110
71 112
71 115
71 116
71 117
71 118
71 121
71 124
71 127
71 128
71 130
71 145
71 153
71 157
71 162
71 167
71 78
71 82
71 84
71 87
71 89
71 93
71 96
71 98
71 105
71 113
71 114
71 120
71 123
71 125
71 126
71 131
71 141
71 142
71 143
71 146
71 149
71 150
71 151
71 160
71 161
71 75
71 101
71 103
71 104
71 111
71 132
71 134
71 136
71 139
71 144
71 147
71 152
71 154
71 155
71 166
71 169
71 109
71 119
71 135
71 140
72 75
72 79
72 84
72 89
72 92
72 99
72 100
72 102
72 108
72 119
72 128
72 131
72 139
72 145
72 148
72 151
72 155
72 158
72 160
72 165
72 74
72 78
72 80
72 86
72 93
72 94
72 98
72 105
72 109
72 111
72 114
72 117
72 122
72 123
72 124
72 125
72 127
72 135
72 138
72 141
72 143
72 149
72 167
72 169
72 76
72 85
72 88
72 90
72 113
72 116
72 126
72 129
72 134
72 142
72 147
72 152
72 156
72 73
72 77
72 83
72 87
72 96
72 97
72 115
72 121
72 132
72 133
72 144
72 150
72 153
72 154
72 157
72 166
72 168
73 76
73 78
73 84
73 85
73 91
73 92
73 97
73 102
73 104
73 105
73 106
73 111
73 112
73 120
73 124
73 128
73 129
73 142
73 146
73 151
73 157
73 160
73 161
73 163
73 169
73 75
73 80
73 81
73 82
73 83
73 87
73 94
73 103
73 118
73 122
73 130
73 136
73 141
73 147
73 162
73 164
73 165
73 74
73 86
73 88
73 89
73 96
73 100
73 117
73 125
73 126
73 135
73 137
73 138
73 150
73 156
73 167
73 90
73 98
73 108
73 113
73 116
73 133
73 143
73 145
73 152
73 154
73 155
73 159
73 166
73 168
74 75
74 76
74 83
74 85
74 88
74 89
74 92
74 101
74 102
74 107
74 109
74 112
74 115
74 118
74 122
74 123
74 124
74 125
74 142
74 146
74 148
74 149
74 150
74 151
74 152
74 155
74 160
74 161
74 162
74 163
74 165
74 166
74 79
74 91
74 93
74 94
74 95
74 96
74 100
74 104
74 108
74 111
74 117
74 119
74 120
74 133
74 135
74 139
74 145
74 147
74 154
74 158
74 164
74 167
74 77
74 80
74 82
74 84
74 97
74 99
74 110
74 113
74 126
74 136
74 143
74 159
74 87
74 90
74 129
74 156
75 76
75 78
75 79
75 82
75 83
75 87
75 89
75 91
75 92
75 100
75 105
75 108
75 109
75 110
75 116
75 117
75 124
75 129
75 132
75 135
75 136
75 137
75 139
75 140
75 142
75 143
75 144
75 149
75 150
75 152
75 156
75 158
75 159
75 162
75 90
75 93
75 96
75 99
75 101
75 102
75 107
75 114
75 121
75 145
75 146
75 155
75 157
75 160
75 164
75 77
75 88
75 111
75 120
75 125
75 130
75 134
75 147
75 148
75 151
75 153
75 163
75 168
75 80
75 86
75 94
75 103
75 106
75 119
75 133
75 138
75 154
75 165
75 167
75 169
76 79
76 84
76 86
76 89
76 94
76 96
76 98
76 100
76 105
76 108
76 115
76 117
76 121
76 123
76 124
76 125
76 132
76 134
76 135
76 136
76 140
76 141
76 144
76 149
76 151
76 152
76 157
76 159
76 161
76 162
76 164
76 81
76 83
76 87
76 88
76 92
76 97
76 101
76 102
76 103
76 110
76 122
76 126
76 127
76 129
76 145
76 146
76 148
76 153
76 154
76 156
76 163
76 78
76 80
76 82
76 107
76 116
76 128
76 130
76 138
76 139
76 150
76 155
76 166
76 168
76 85
76 95
76 99
76 109
76 113
76 133
76 160
76 165
77 86
77 91
77 93
77 94
77 97
77 99
77 101
77 115
77 117
77 126
77 127
77 128
77 129
77 133
77 135
77 139
77 141
77 144
77 149
77 153
77 156
77 158
77 167
77 168
77 79
77 81
77 83
77 84
77 88
77 90
77 92
77 98
77 100
77 106
77 108
77 116
77 118
77 124
77 130
77 131
77 137
77 138
77 140
77 142
77 143
77 152
77 157
77 162
77 169
77 78
77 96
77 107
77 111
77 114
77 151
77 160
77 82
77 87
77 89
77 95
77 104
77 110
77 112
77 113
77 119
77 125
77 145
77 147
77 150
77 159
77 165
78 79
78 80
78 81
78 82
78 86
78 90
78 101
78 105
78 107
78 118
78 120
78 128
78 130
78 133
78 135
78 141
78 142
78 144
78 147
78 152
78 156
78 158
78 165
78 166
78 167
78 83
78 87
78 88
78 89
78 91
78 99
78 100
78 102
78 104
78 108
78 110
78 111
78 114
78 116
78 119
78 122
78 125
78 126
78 127
78 131
78 136
78 143
78 148
78 149
78 159
78 84
78 85
78 94
78 98
78 106
78 109
78 112
78 113
78 115
78 121
78 123
78 137
78 153
78 155
78 160
78 161
78 92
78 145
78 150
78 151
78 154
78 164
78 168
79 80
79 81
79 83
79 85
79 88
79 100
79 106
79 108
79 117
79 118
79 120
79 122
79 126
79 128
79 131
79 136
79 139
79 140
79 141
79 142
79 145
79 150
79 152
79 154
79 155
79 161
79 162
79 163
79 164
79 169
79 82
79 84
79 86
79 87
79 89
79 94
79 95
79 96
79 104
79 107
79 115
79 123
79 130
79 133
79 134
79 135
79 144
79 146
79 157
79 159
79 166
79 167
79 99
79 101
79 102
79 105
79 111
79 112
79 127
79 137
79 148
79 149
79 153
79 158
79 168
79 91
79 110
79 114
79 138
79 143
80 85
80 92
80 95
80 106
80 108
80 110
80 117
80 118
80 120
80 121
80 122
80 129
80 133
80 135
80 139
80 141
80 145
80 148
80 149
80 152
80 153
80 154
80 157
80 158
80 161
80 163
80 168
80 81
80 84
80 93
80 98
80 102
80 104
80 105
80 109
80 116
80 126
80 134
80 136
80 140
80 144
80 156
80 164
80 169
80 86
80 87
80 88
80 94
80 99
80 107
80 113
80 127
80 128
80 130
80 138
80 143
80 155
80 160
80 167
80 82
80 91
80 103
80 119
80 124
80 132
80 147
80 159
81 82
81 86
81 96
81 98
81 105
81 118
81 120
81 127
81 128
81 130
81 133
81 134
81 138
81 139
81 142
81 150
81 157
81 167
81 84
81 88
81 89
81 90
81 93
81 101
81 102
81 107
81 108
81 110
81 112
81 114
81 123
81 124
81 125
81 131
81 145
81 151
81 152
81 153
81 154
81 155
81 159
81 165
81 168
81 85
81 97
81 100
81 109
81 129
81 136
81 137
81 141
81 146
81 148
81 149
81 160
81 166
81 83
81 92
81 95
81 106
81 117
81 121
81 126
81 158
82 85
82 91
82 98
82 104
82 105
82 108
82 119
82 122
82 123
82 124
82 125
82 127
82 129
82 131
82 132
82 134
82 140
82 143
82 145
82 147
82 149
82 150
82 152
82 156
82 159
82 161
82 162
82 167
82 169
82 89
82 95
82 101
82 102
82 103
82 106
82 110
82 112
82 116
82 117
82 120
82 128
82 130
82 148
82 154
82 157
82 160
82 84
82 100
82 109
82 114
82 118
82 133
82 139
82 141
82 153
82 155
82 165
82 168
82 92
82 94
82 111
82 113
82 115
82 135
82 137
82 158
82 166
83 85
83 90
83 92
83 100
83 109
83 113
83 115
83 118
83 119
83 127
83 128
83 130
83 131
83 138
83 140
83 144
83 149
83 153
83 156
83 157
83 159
83 161
83 163
83 84
83 86
83 91
83 95
83 99
83 112
83 116
83 117
83 133
83 139
83 142
83 145
83 146
83 150
83 158
83 162
83 164
83 165
83 87
83 96
83 102
83 106
83 110
83 123
83 124
83 125
83 129
83 134
83 135
83 141
83 151
83 154
83 155
83 160
83 89
83 103
83 114
83 120
83 132
83 137
83 147
83 152
84 85
84 88
84 91
84 93
84 96
84 98
84 99
84 104
84 106
84 107
84 108
84 113
84 115
84 116
84 129
84 131
84 132
84 135
84 136
84 137
84 147
84 149
84 150
84 157
84 158
84 159
84 164
84 165
84 167
84 86
84 87
84 90
84 94
84 100
84 101
84 105
84 109
84 110
84 111
84 112
84 117
84 118
84 120
84 122
84 126
84 130
84 139
84 142
84 145
84 146
84 148
84 152
84 153
84 154
84 160
84 168
84 95
84 97
84 119
84 121
84 128
84 133
84 134
84 141
84 144
84 162
84 89
84 92
84 103
84 114
84 125
84 143
84 163
84 169
85 90
85 92
85 93
85 99
85 106
85 109
85 112
85 118
85 122
85 124
85 127
85 128
85 132
85 137
85 139
85 140
85 142
85 146
85 157
85 158
85 159
85 160
85 162
85 88
85 89
85 91
85 96
85 101
85 113
85 115
85 116
85 120
85 121
85 141
85 147
85 150
85 156
85 166
85 167
85 169
85 87
85 97
85 98
85 108
85 123
85 138
85 145
85 149
85 151
85 152
85 153
85 154
85 155
85 94
85 104
85 107
85 114
85 130
85 133
85 163
85 165
86 87
86 90
86 91
86 95
86 96
86 99
86 100
86 105
86 111
86 112
86 119
86 124
86 128
86 129
86 131
86 133
86 136
86 139
86 141
86 150
86 152
86 156
86 157
86 158
86 160
86 162
86 164
86 169
86 89
86 97
86 102
86 103
86 109
86 110
86 113
86 123
86 130
86 135
86 143
86 144
86 145
86 146
86 147
86 159
86 161
86 165
86 94
86 101
86 108
86 117
86 120
86 125
86 151
86 167
86 168
86 98
86 104
86 121
86 127
86 137
86 140
86 149
86 153
86 154
86 155
86 163
86 166
87 96
87 97
87 98
87 99
87 101
87 102
87 103
87 109
87 111
87 112
87 113
87 114
87 118
87 122
87 124
87 130
87 132
87 137
87 140
87 144
87 145
87 146
87 148
87 164
87 167
87 88
87 90
87 92
87 93
87 100
87 104
87 110
87 115
87 117
87 121
87 125
87 127
87 133
87 136
87 138
87 141
87 147
87 150
87 152
87 153
87 154
87 157
87 160
87 163
87 166
87 169
87 91
87 107
87 116
87 119
87 131
87 139
87 142
87 155
87 159
87 161
87 162
87 94
87 95
87 120
87 135
87 143
87 156
87 165
88 89
88 93
88 95
88 97
88 98
88 100
88 108
88 109
88 110
88 114
88 116
88 121
88 122
88 130
88 133
88 135
88 138
88 141
88 143
88 152
88 155
88 157
88 164
88 169
88 92
88 99
88 101
88 102
88 107
88 117
88 123
88 127
88 128
88 132
88 140
88 144
88 145
88 150
88 154
88 158
88 167
88 104
88 111
88 112
88 119
88 120
88 125
88 129
88 134
88 136
88 142
88 156
88 160
88 91
88 103
88 105
88 106
88 115
88 126
88 137
88 148
88 151
88 168
89 91
89 93
89 95
89 99
89 100
89 102
89 108
89 110
89 111
89 115
89 120
89 123
89 124
89 131
89 132
89 133
89 136
89 141
89 147
89 150
89 152
89 155
89 157
89 165
89 92
89 94
89 97
89 101
89 103
89 109
89 121
89 127
89 130
89 137
89 144
89 146
89 148
89 151
89 154
89 159
89 96
89 106
89 117
89 118
89 126
89 129
89 138
89 139
89 142
89 143
89 145
89 153
89 160
89 162
89 164
89 166
89 167
89 90
89 98
89 105
89 107
89 135
89 149
89 163
89 168
90 91
90 95
90 97
90 98
90 101
90 105
90 106
90 108
90 111
90 115
90 117
90 122
90 126
90 128
90 129
90 130
90 134
90 137
90 143
90 144
90 149
90 150
90 156
90 157
90 158
90 160
90 165
90 167
90 94
90 96
90 99
90 109
90 120
90 135
90 138
90 140
90 142
90 153
90 154
90 159
90 166
90 168
90 169
90 93
90 100
90 110
90 113
90 118
90 124
90 125
90 131
90 132
90 145
90 146
90 161
90 92
90 114
90 121
90 133
90 136
90 141
90 151
90 155
90 162
91 93
91 95
91 96
91 99
91 102
91 103
91 104
91 105
91 107
91 118
91 122
91 123
91 124
91 131
91 141
91 143
91 146
91 156
91 164
91 167
91 168
91 92
91 109
91 110
91 113
91 114
91 116
91 117
91 126
91 130
91 132
91 135
91 139
91 140
91 149
91 151
91 152
91 153
91 160
91 162
91 163
91 169
91 98
91 129
91 136
91 137
91 138
91 157
91 101
91 106
91 120
91 121
91 165
91 166
92 93
92 98
92 103
92 106
92 107
92 111
92 120
92 127
92 130
92 133
92 134
92 147
92 149
92 150
92 152
92 153
92 156
92 158
92 161
92 97
92 108
92 109
92 110
92 114
92 121
92 123
92 128
92 138
92 143
92 155
92 160
92 162
92 163
92 165
92 112
92 116
92 117
92 126
92 136
92 137
92 146
92 148
92 164
92 166
92 167
92 169
92 95
92 99
92 100
92 102
92 119
92 125
92 132
92 139
92 140
92 151
92 157
92 168
93 94
93 109
93 110
93 111
93 119
93 124
93 129
93 131
93 133
93 141
93 146
93 147
93 149
93 152
93 154
93 158
93 159
93 160
93 166
93 167
93 97
93 103
93 113
93 122
93 123
93 125
93 126
93 132
93 134
93 145
93 155
93 163
93 169
93 95
93 102
93 112
93 115
93 120
93 121
93 135
93 137
93 142
93 144
93 150
93 162
93 168
93 96
93 100
93 101
93 128
93 161
93 164
94 96
94 103
94 106
94 115
94 118
94 119
94 126
94 128
94 132
94 139
94 141
94 142
94 143
94 144
94 147
94 149
94 158
94 159
94 160
94 163
94 164
94 169
94 102
94 104
94 111
94 113
94 122
94 123
94 127
94 133
94 138
94 145
94 151
94 152
94 165
94 95
94 97
94 110
94 114
94 124
94 125
94 130
94 134
94 137
94 146
94 161
94 162
94 166
94 105
94 109
94 117
94 120
94 148
94 154
94 155
94 156
94 167
95 110
95 111
95 112
95 119
95 121
95 122
95 123
95 127
95 131
95 133
95 134
95 137
95 138
95 142
95 145
95 152
95 153
95 163
95 165
95 169
95 98
95 99
95 102
95 104
95 106
95 113
95 125
95 126
95 132
95 151
95 164
95 166
95 96
95 101
95 103
95 105
95 117
95 124
95 128
95 136
95 146
95 149
95 150
95 156
95 158
95 167
95 97
95 107
95 118
95 141
95 148
95 155
95 162
95 168
96 105
96 106
96 107
96 120
96 121
96 122
96 130
96 133
96 139
96 140
96 144
96 150
96 151
96 152
96 154
96 157
96 97
96 99
96 101
96 102
96 104
96 108
96 109
96 111
96 117
96 124
96 143
96 145
96 146
96 147
96 149
96 153
96 156
96 159
96 166
96 168
96 100
96 114
96 118
96 127
96 131
96 135
96 137
96 138
96 141
96 161
96 162
96 164
96 167
96 98
96 103
96 113
96 125
96 129
96 136
96 142
96 155
96 163
96 169
97 106
97 112
97 113
97 116
97 117
97 118
97 122
97 124
97 125
97 134
97 135
97 136
97 140
97 142
97 148
97 149
97 154
97 161
97 164
97 165
97 168
97 169
97 100
97 102
97 103
97 111
97 114
97 123
97 128
97 129
97 131
97 132
97 138
97 139
97 143
97 151
97 152
97 153
97 160
97 162
97 163
97 98
97 115
97 121
97 127
97 144
97 146
97 155
97 166
97 104
97 130
97 137
97 141
97 156
97 157
97 159
97 167
98 103
98 106
98 110
98 113
98 118
98 121
98 127
98 132
98 133
98 134
98 135
98 138
98 139
98 140
98 145
98 147
98 149
98 150
98 151
98 152
98 153
98 156
98 158
98 162
98 164
98 165
98 167
98 100
98 105
98 109
98 111
98 114
98 116
98 125
98 137
98 146
98 154
98 155
98 99
98 101
98 119
98 122
98 124
98 166
98 169
98 102
98 107
98 112
98 130
98 131
98 136
98 157
98 161
99 100
99 103
99 106
99 110
99 112
99 113
99 119
99 120
99 134
99 146
99 149
99 152
99 153
99 156
99 161
99 162
99 163
99 168
99 104
99 122
99 123
99 124
99 126
99 127
99 128
99 131
99 137
99 142
99 143
99 147
99 151
99 165
99 166
99 102
99 114
99 117
99 121
99 138
99 140
99 144
99 148
99 158
99 159
99 101
99 107
99 111
99 116
99 129
99 130
99 132
99 133
99 135
99 139
99 141
100 102
100 103
100 104
100 105
100 108
100 114
100 116
100 120
100 123
100 124
100 134
100 135
100 136
100 137
100 141
100 146
100 155
100 156
100 157
100 160
100 162
100 165
100 167
100 106
100 109
100 111
100 112
100 113
100 119
100 125
100 126
100 127
100 129
100 131
100 143
100 149
100 153
100 163
100 168
100 118
100 133
100 142
100 147
100 148
100 150
100 158
100 107
100 115
100 121
100 154
101 103
101 107
101 110
101 114
101 115
101 117
101 120
101 123
101 129
101 131
101 133
101 135
101 141
101 144
101 148
101 151
101 157
101 161
101 164
101 166
101 169
101 102
101 105
101 122
101 125
101 128
101 130
101 134
101 145
101 147
101 149
101 150
101 154
101 155
101 109
101 113
101 121
101 138
101 143
101 153
101 156
101 158
101 162
101 167
101 104
101 106
101 111
101 124
101 132
101 140
101 165
101 168
102 103
102 105
102 108
102 109
102 112
102 118
102 119
102 121
102 122
102 123
102 124
102 126
102 129
102 130
102 131
102 136
102 137
102 139
102 140
102 142
102 145
102 147
102 149
102 155
102 158
102 159
102 161
102 162
102 163
102 166
102 120
102 127
102 134
102 143
102 146
102 150
102 151
102 156
102 167
102 104
102 113
102 115
102 128
102 152
102 157
102 160
102 169
102 110
102 116
102 132
102 164
103 105
103 118
103 119
103 121
103 125
103 127
103 129
103 132
103 133
103 134
103 143
103 144
103 145
103 148
103 152
103 155
103 157
103 158
103 159
103 162
103 167
103 104
103 107
103 109
103 116
103 120
103 122
103 123
103 126
103 138
103 141
103 153
103 160
103 137
103 150
103 154
103 161
103 163
103 164
103 113
103 146
103 156
103 168
104 105
104 106
104 108
104 109
104 113
104 114
104 115
104 116
104 120
104 124
104 125
104 126
104 130
104 132
104 134
104 141
104 142
104 143
104 148
104 156
104 157
104 158
104 162
104 163
104 169
104 119
104 121
104 133
104 139
104 140
104 144
104 147
104 153
104 160
104 165
104 107
104 122
104 127
104 136
104 146
104 154
104 166
104 167
104 168
104 111
104 128
104 129
104 164
105 108
105 110
105 113
105 115
105 116
105 117
105 119
105 120
105 126
105 134
105 142
105 145
105 157
105 159
105 166
105 167
105 168
105 107
105 127
105 129
105 135
105 137
105 153
105 154
105 160
105 106
105 111
105 114
105 128
105 130
105 136
105 138
105 141
105 150
105 164
105 109
105 122
105 131
105 133
105 143
105 146
105 155
105 161
105 162
105 169
106 109
106 117
106 122
106 123
106 124
106 126
106 130
106 141
106 145
106 146
106 148
106 154
106 158
106 160
106 163
106 164
106 165
106 110
106 112
106 114
106 116
106 121
106 127
106 129
106 131
106 136
106 137
106 138
106 140
106 142
106 147
106 150
106 153
106 157
106 161
106 169
106 107
106 108
106 118
106 125
106 133
106 143
106 151
106 166
106 115
106 144
106 156
107 108
107 111
107 115
107 120
107 121
107 122
107 128
107 138
107 143
107 144
107 151
107 154
107 156
107 157
107 158
107 159
107 109
107 110
107 112
107 113
107 118
107 126
107 127
107 130
107 131
107 134
107 135
107 136
107 137
107 139
107 146
107 147
107 148
107 152
107 155
107 166
107 114
107 124
107 132
107 141
107 145
107 161
107 162
107 163
107 167
107 123
107 140
107 169
108 117
108 118
108 123
108 124
108 125
108 126
108 128
108 135
108 142
108 149
108 151
108 152
108 155
108 156
108 161
108 163
108 169
108 112
108 115
108 116
108 121
108 122
108 127
108 136
108 137
108 138
108 158
108 159
108 160
108 164
108 110
108 114
108 131
108 133
108 134
108 140
108 143
108 145
108 154
108 168
108 109
108 113
108 120
108 129
108 150
108 153
108 157
108 165
109 111
109 115
109 119
109 120
109 121
109 129
109 131
109 136
109 148
109 151
109 155
109 157
109 160
109 162
109 166
109 112
109 117
109 122
109 128
109 133
109 137
109 147
109 152
109 154
109 156
109 158
109 159
109 161
109 163
109 167
109 113
109 118
109 124
109 138
109 141
109 150
109 169
109 126
109 127
109 132
109 139
109 146
109 149
109 153
110 114
110 116
110 117
110 118
110 120
110 123
110 124
110 125
110 126
110 127
110 130
110 131
110 133
110 134
110 137
110 141
110 145
110 153
110 155
110 156
110 157
110 158
110 159
110 165
110 113
110 121
110 128
110 132
110 140
110 142
110 143
110 148
110 150
110 151
110 163
110 112
110 146
110 147
110 160
110 162
110 169
110 111
110 115
110 122
110 129
110 135
110 139
110 152
110 167
111 113
111 114
111 116
111 118
111 120
111 122
111 123
111 125
111 130
111 131
111 136
111 141
111 143
111 144
111 147
111 153
111 154
111 156
111 158
111 159
111 166
111 169
111 126
111 132
111 134
111 138
111 140
111 142
111 146
111 151
111 168
111 115
111 119
111 124
111 127
111 128
111 129
111 157
111 165
111 112
111 117
111 139
111 145
111 149
111 150
111 155
111 162
111 164
112 114
112 115
112 118
112 120
112 121
112 122
112 128
112 129
112 131
112 132
112 136
112 138
112 140
112 141
112 143
112 144
112 146
112 148
112 149
112 150
112 151
112 155
112 156
112 159
112 161
112 162
112 163
112 164
112 168
112 119
112 123
112 124
112 130
112 135
112 139
112 117
112 125
112 137
112 152
112 153
112 160
112 127
112 133
112 134
112 142
112 145
112 165
112 166
112 169
113 119
113 120
113 128
113 130
113 132
113 133
113 136
113 137
113 142
113 143
113 145
113 148
113 152
113 153
113 154
113 157
113 158
113 160
113 118
113 123
113 131
113 141
113 146
113 159
113 162
113 164
113 169
113 124
113 129
113 140
113 156
113 161
113 165
113 166
113 167
113 115
113 125
113 126
113 144
113 149
114 116
114 118
114 121
114 126
114 128
114 133
114 134
114 136
114 137
114 138
114 139
114 143
114 144
114 147
114 148
114 154
114 157
114 161
114 163
114 165
114 167
114 168
114 115
114 120
114 122
114 131
114 132
114 151
114 153
114 155
114 156
114 160
114 117
114 123
114 130
114 140
114 141
114 150
114 158
114 159
114 162
114 164
114 169
114 124
114 127
114 145
115 124
115 129
115 130
115 131
115 132
115 134
115 137
115 145
115 150
115 160
115 161
115 166
115 117
115 119
115 121
115 135
115 138
115 148
115 151
115 152
115 153
115 154
115 157
115 158
115 159
115 167
115 116
115 118
115 125
115 133
115 140
115 143
115 144
115 164
115 169
115 126
115 139
115 149
115 162
116 120
116 122
116 124
116 126
116 130
116 131
116 132
116 138
116 140
116 141
116 145
116 147
116 148
116 149
116 150
116 155
116 158
116 166
116 168
116 169
116 117
116 121
116 123
116 127
116 134
116 136
116 144
116 146
116 151
116 160
116 118
116 137
116 153
116 157
116 159
116 162
116 163
116 165
116 119
116 125
116 139
116 154
116 164
117 121
117 122
117 124
117 127
117 128
117 131
117 132
117 138
117 141
117 144
117 146
117 148
117 149
117 159
117 160
117 161
117 162
117 166
117 118
117 119
117 129
117 130
117 133
117 139
117 150
117 153
117 154
117 163
117 167
117 168
117 169
117 120
117 135
117 137
117 142
117 152
117 157
117 165
117 126
117 143
117 151
117 164
118 120
118 121
118 125
118 126
118 135
118 143
118 144
118 147
118 150
118 153
118 156
118 157
118 160
118 162
118 163
118 169
118 124
118 129
118 130
118 132
118 133
118 134
118 146
118 151
118 152
118 166
118 167
118 123
118 131
118 137
118 139
118 141
118 148
118 149
118 155
118 165
118 122
118 136
118 159
118 164
119 120
119 121
119 126
119 127
119 131
119 133
119 139
119 140
119 145
119 147
119 148
119 149
119 150
119 155
119 159
119 160
119 161
119 162
119 163
119 166
119 124
119 130
119 146
119 152
119 164
119 167
119 122
119 123
119 136
119 153
119 154
119 165
119 169
119 132
119 134
119 135
119 137
119 142
119 156
120 122
120 123
120 124
120 129
120 131
120 133
120 137
120 140
120 141
120 143
120 150
120 157
120 162
120 167
120 125
120 134
120 142
120 144
120 148
120 151
120 152
120 154
120 156
120 164
120 121
120 126
120 132
120 139
120 149
120 161
120 136
120 138
120 146
120 153
120 155
120 159
121 122
121 123
121 125
121 126
121 130
121 133
121 138
121 144
121 155
121 156
121 157
121 159
121 160
121 166
121 168
121 169
121 124
121 129
121 139
121 140
121 141
121 158
121 162
121 134
121 135
121 137
121 142
121 146
121 148
121 151
121 164
121 165
121 167
121 143
121 150
121 152
121 153
122 124
122 128
122 134
122 136
122 141
122 144
122 146
122 166
122 169
122 127
122 139
122 142
122 147
122 150
122 152
122 153
122 154
122 155
122 161
122 162
122 164
122 167
122 151
122 157
122 158
122 133
122 140
122 145
122 148
123 124
123 125
123 128
123 129
123 130
123 131
123 132
123 135
123 136
123 142
123 145
123 147
123 148
123 150
123 153
123 156
123 161
123 162
123 163
123 165
123 133
123 138
123 140
123 144
123 151
123 152
123 155
123 157
123 166
123 167
123 134
123 154
123 159
123 164
123 168
123 139
123 141
123 143
123 160
123 169
124 125
124 127
124 129
124 130
124 140
124 143
124 145
124 150
124 151
124 154
124 157
124 160
124 126
124 131
124 134
124 137
124 139
124 144
124 146
124 148
124 149
124 152
124 153
124 155
124 162
124 128
124 135
124 142
124 161
124 163
124 164
124 166
124 168
124 138
124 165
124 167
125 129
125 132
125 133
125 140
125 143
125 144
125 145
125 149
125 151
125 154
125 156
125 127
125 130
125 131
125 139
125 141
125 147
125 152
125 157
125 163
125 128
125 134
125 136
125 137
125 146
125 155
125 167
125 142
125 158
125 164
125 165
125 169
126 130
126 131
126 133
126 134
126 136
126 138
126 142
126 146
126 153
126 154
126 155
126 156
126 157
126 162
126 163
126 166
126 167
126 169
126 128
126 143
126 158
126 159
126 160
126 161
126 127
126 129
126 132
126 137
126 139
126 140
126 144
126 145
127 132
127 133
127 134
127 137
127 139
127 145
127 147
127 148
127 154
127 162
127 163
127 167
127 169
127 128
127 135
127 136
127 142
127 149
127 150
127 153
127 165
127 138
127 144
127 157
127 168
127 130
127 140
127 141
127 143
127 146
127 152
127 158
127 159
127 166
128 130
128 134
128 136
128 137
128 141
128 148
128 152
128 155
128 157
128 158
128 159
128 162
128 163
128 132
128 133
128 138
128 139
128 142
128 144
128 146
128 150
128 164
128 166
128 168
128 129
128 135
128 140
128 153
128 154
128 165
128 167
128 143
128 161
129 136
129 145
129 157
129 160
129 165
129 169
129 130
129 134
129 138
129 140
129 142
129 146
129 148
129 149
129 151
129 152
129 153
129 159
129 164
129 166
129 167
129 132
129 135
129 137
129 139
129 143
129 147
129 150
129 155
129 158
129 162
129 131
129 154
129 161
129 163
130 133
130 138
130 139
130 146
130 151
130 157
130 159
130 160
130 162
130 164
130 166
130 141
130 143
130 149
130 154
130 155
130 163
130 134
130 147
130 158
130 169
130 132
130 136
130 137
130 140
130 142
130 150
131 134
131 139
131 140
131 143
131 144
131 146
131 147
131 150
131 153
131 155
131 157
131 159
131 163
131 164
131 166
131 167
131 168
131 132
131 133
131 138
131 141
131 145
131 148
131 149
131 151
131 152
131 156
131 158
131 165
131 135
131 142
131 137
131 161
132 133
132 134
132 139
132 141
132 144
132 147
132 150
132 152
132 156
132 160
132 164
132 136
132 137
132 153
132 155
132 158
132 162
132 138
132 148
132 168
132 140
132 149
132 154
132 163
132 165
133 135
133 136
133 143
133 144
133 147
133 150
133 151
133 153
133 157
133 158
133 159
133 161
133 162
133 165
133 140
133 146
133 154
133 156
133 164
133 168
133 134
133 138
133 141
133 148
133 152
133 163
133 149
133 155
134 135
134 136
134 138
134 141
134 142
134 144
134 145
134 146
134 147
134 149
134 150
134 152
134 155
134 157
134 160
134 161
134 166
134 168
134 139
134 143
134 153
134 156
134 159
134 164
134 151
134 154
134 158
134 162
134 165
134 167
134 169
134 140
135 136
135 138
135 142
135 148
135 150
135 153
135 154
135 166
135 169
135 140
135 147
135 156
135 157
135 158
135 161
135 164
135 165
135 149
135 155
135 159
135 137
135 139
135 146
135 151
135 152
135 162
135 163
136 137
136 138
136 142
136 154
136 157
136 159
136 160
136 165
136 167
136 148
136 151
136 155
136 158
136 164
136 166
136 168
136 139
136 144
136 147
136 149
136 161
136 141
136 143
136 150
136 152
136 163
137 139
137 140
137 151
137 155
137 158
137 160
137 163
137 166
137 145
137 148
137 153
137 159
137 138
137 141
137 144
137 150
137 152
137 161
137 149
137 162
137 167
138 144
138 147
138 149
138 152
138 153
138 154
138 157
138 159
138 160
138 162
138 163
138 165
138 169
138 141
138 145
138 148
138 156
138 158
138 139
138 140
138 150
138 164
138 167
138 168
138 142
138 146
139 140
139 143
139 147
139 154
139 156
139 164
139 165
139 144
139 146
139 150
139 152
139 161
139 162
139 167
139 151
139 153
139 160
140 141
140 142
140 145
140 146
140 153
140 156
140 163
140 166
140 169
140 143
140 147
140 161
140 162
140 148
140 155
140 165
140 168
140 144
140 164
141 145
141 161
141 163
141 165
141 167
141 144
141 153
141 154
141 157
141 158
141 159
141 164
141 147
141 166
141 168
142 147
142 150
142 151
142 153
142 154
142 158
142 160
142 164
142 144
142 145
142 146
142 156
142 163
142 165
142 168
142 148
142 161
142 169
142 143
142 152
142 157
142 159
142 162
143 147
143 149
143 155
143 157
143 160
143 161
143 163
143 145
143 156
143 166
143 167
143 169
143 152
143 159
143 164
143 168
143 148
143 151
143 153
143 158
144 147
144 149
144 150
144 151
144 153
144 154
144 155
144 157
144 158
144 161
144 162
144 169
144 152
144 166
144 148
144 156
144 159
144 160
144 163
144 164
144 167
145 147
145 151
145 152
145 156
145 148
145 150
145 153
145 160
145 162
145 168
145 157
145 165
145 167
145 154
145 155
145 169
146 147
146 148
146 151
146 155
146 157
146 160
146 161
146 168
146 150
146 165
146 167
146 169
146 152
146 156
146 158
146 159
146 149
146 164
146 166
147 148
147 154
147 160
147 163
147 164
147 165
147 167
147 169
147 149
147 152
147 156
147 158
147 161
147 166
147 151
147 153
147 157
147 159
147 162
148 152
148 160
148 162
148 163
148 167
148 158
148 159
148 161
148 157
148 165
148 149
148 150
148 153
148 164
149 151
149 157
149 158
149 160
149 167
149 152
149 154
149 155
149 156
149 162
149 163
149 164
149 161
149 166
149 168
149 150
149 165
150 159
150 161
150 163
150 165
150 152
150 158
150 160
150 167
150 168
150 154
150 156
150 157
150 162
150 166
150 169
150 153
150 164
151 152
151 155
151 161
151 162
151 163
151 167
151 168
151 157
151 165
151 153
151 154
151 160
151 166
151 169
151 156
152 157
152 164
152 165
152 166
152 154
152 159
152 161
152 167
152 169
152 153
152 158
152 160
152 163
152 168
152 156
153 154
153 163
153 164
153 169
153 156
153 159
153 165
153 166
153 167
153 158
153 160
153 161
153 162
153 168
153 157
154 157
154 167
154 168
154 169
154 160
154 166
154 155
154 156
154 163
154 158
154 162
155 158
155 162
155 156
155 160
155 161
155 163
155 164
155 165
155 168
156 157
156 159
156 160
156 163
156 165
156 168
156 166
156 162
157 158
157 159
157 165
157 168
157 160
157 161
157 166
157 162
157 163
157 167
158 161
158 162
158 163
158 159
158 160
158 167
158 165
158 166
159 167
159 168
159 161
159 163
159 166
159 165
159 160
159 162
159 164
159 169
160 163
160 165
160 167
160 168
160 169
161 166
161 162
161 164
161 165
161 167
161 168
161 169
161 163
162 166
162 167
162 169
162 163
162 164
162 165
162 168
163 166
163 168
163 165
163 169
163 164
163 167
164 166
164 167
164 168
164 169
165 169
165 167
165 166
165 168
166 167
166 168
166 169
167 169
167 168
168 169
