7507
0 9
0 13
0 27
0 28
0 29
0 30
0 31
0 36
0 41
0 42
0 45
0 49
0 51
0 61
0 63
0 67
0 74
0 76
0 77
0 79
0 83
0 84
0 93
0 94
0 95
0 98
0 99
0 103
0 109
0 113
0 117
0 119
0 120
0 125
0 134
0 136
0 138
0 140
0 146
0 154
0 156
0 158
0 167
0 1
0 2
0 3
0 5
0 14
0 33
0 34
0 38
0 40
0 47
0 53
0 54
0 55
0 56
0 64
0 72
0 75
0 89
0 91
0 92
0 97
0 107
0 108
0 111
0 115
0 116
0 123
0 126
0 127
0 129
0 132
0 141
0 143
0 144
0 151
0 168
1 3
1 6
1 13
1 14
1 18
1 19
1 21
1 24
1 26
1 28
1 30
1 31
1 38
1 48
1 50
1 57
1 60
1 63
1 75
1 78
1 81
1 82
1 91
1 96
1 98
1 100
1 101
1 108
1 115
1 118
1 119
1 120
1 121
1 122
1 131
1 133
1 134
1 136
1 139
1 140
1 146
1 147
1 151
1 153
1 157
1 161
1 163
1 164
1 167
1 4
1 5
1 7
1 9
1 12
1 25
1 27
1 32
1 37
1 40
1 44
1 45
1 47
1 52
1 53
1 55
1 56
1 65
1 67
1 69
1 72
1 80
1 85
1 97
1 99
1 111
1 114
1 116
1 123
1 124
1 127
1 129
1 130
1 132
1 135
1 143
1 144
1 149
1 152
1 156
1 165
2 3
2 4
2 13
2 15
2 17
2 20
2 26
2 27
2 29
2 33
2 36
2 37
2 39
2 46
2 54
2 55
2 60
2 70
2 79
2 81
2 83
2 84
2 92
2 94
2 96
2 97
2 101
2 102
2 103
2 105
2 116
2 126
2 127
2 132
2 133
2 134
2 138
2 141
2 145
2 146
2 152
2 156
2 158
2 160
2 161
2 165
2 168
2 9
2 19
2 35
2 38
2 41
2 42
2 43
2 44
2 47
2 51
2 53
2 63
2 64
2 65
2 69
2 74
2 75
2 76
2 78
2 80
2 86
2 88
2 90
2 93
2 98
2 106
2 107
2 108
2 110
2 114
2 117
2 125
2 130
2 135
2 137
2 139
2 140
2 142
2 148
2 149
2 153
2 154
2 157
2 159
3 9
3 10
3 11
3 14
3 17
3 19
3 21
3 23
3 25
3 27
3 30
3 31
3 32
3 35
3 36
3 40
3 42
3 44
3 45
3 47
3 59
3 61
3 64
3 66
3 73
3 74
3 78
3 81
3 88
3 94
3 96
3 99
3 101
3 103
3 110
3 117
3 118
3 121
3 123
3 127
3 133
3 136
3 138
3 140
3 143
3 145
3 146
3 147
3 153
3 159
3 160
3 164
3 169
3 7
3 8
3 12
3 18
3 20
3 28
3 33
3 34
3 41
3 46
3 49
3 62
3 63
3 65
3 69
3 72
3 75
3 76
3 83
3 89
3 90
3 92
3 95
3 102
3 106
3 111
3 122
3 128
3 134
3 144
3 149
3 150
3 151
3 152
3 155
3 161
3 162
3 166
4 8
4 15
4 17
4 20
4 22
4 25
4 29
4 33
4 34
4 37
4 38
4 40
4 43
4 44
4 50
4 52
4 53
4 54
4 60
4 63
4 65
4 67
4 70
4 71
4 72
4 73
4 75
4 76
4 86
4 87
4 90
4 93
4 104
4 107
4 111
4 112
4 119
4 122
4 123
4 128
4 129
4 135
4 139
4 142
4 143
4 146
4 151
4 152
4 154
4 155
4 157
4 162
4 164
4 166
4 167
4 168
4 5
4 9
4 11
4 21
4 27
4 32
4 39
4 47
4 48
4 49
4 59
4 62
4 68
4 69
4 74
4 77
4 83
4 85
4 91
4 92
4 101
4 102
4 108
4 109
4 118
4 125
4 137
4 148
4 156
4 161
4 165
5 6
5 8
5 9
5 13
5 14
5 17
5 19
5 28
5 29
5 31
5 34
5 37
5 42
5 43
5 44
5 54
5 59
5 63
5 64
5 65
5 67
5 70
5 71
5 73
5 77
5 78
5 80
5 85
5 87
5 92
5 94
5 98
5 103
5 107
5 120
5 122
5 124
5 130
5 136
5 137
5 138
5 143
5 150
5 151
5 155
5 156
5 159
5 162
5 168
5 11
5 12
5 25
5 30
5 32
5 38
5 39
5 45
5 47
5 51
5 57
5 60
5 69
5 72
5 74
5 75
5 91
5 96
5 97
5 101
5 104
5 105
5 109
5 110
5 114
5 119
5 129
5 133
5 134
5 141
5 142
5 146
5 148
5 152
5 154
5 164
5 166
5 167
5 169
6 9
6 13
6 14
6 17
6 20
6 21
6 22
6 23
6 27
6 28
6 29
6 32
6 39
6 40
6 46
6 48
6 52
6 55
6 58
6 61
6 62
6 64
6 69
6 71
6 72
6 73
6 76
6 79
6 80
6 81
6 88
6 89
6 91
6 93
6 96
6 97
6 98
6 100
6 103
6 106
6 108
6 114
6 116
6 118
6 121
6 130
6 136
6 137
6 141
6 142
6 149
6 151
6 154
6 155
6 162
6 167
6 169
6 8
6 10
6 18
6 26
6 35
6 36
6 59
6 74
6 86
6 90
6 94
6 101
6 104
6 115
6 123
6 124
6 125
6 132
6 143
6 144
6 152
6 156
6 163
7 8
7 10
7 12
7 15
7 19
7 22
7 24
7 25
7 26
7 31
7 34
7 37
7 39
7 46
7 52
7 55
7 59
7 61
7 63
7 68
7 69
7 70
7 71
7 79
7 82
7 85
7 87
7 88
7 92
7 94
7 97
7 98
7 105
7 106
7 108
7 112
7 113
7 114
7 115
7 117
7 119
7 122
7 124
7 126
7 128
7 131
7 143
7 145
7 147
7 148
7 152
7 154
7 155
7 163
7 165
7 166
7 167
7 168
7 9
7 17
7 30
7 36
7 40
7 41
7 42
7 47
7 49
7 50
7 56
7 64
7 65
7 66
7 72
7 73
7 74
7 77
7 101
7 104
7 109
7 111
7 116
7 118
7 121
7 129
7 133
7 136
7 138
7 146
7 150
7 157
7 158
7 161
7 162
8 12
8 13
8 15
8 19
8 20
8 22
8 25
8 26
8 27
8 28
8 29
8 33
8 37
8 39
8 41
8 42
8 52
8 55
8 57
8 59
8 64
8 65
8 69
8 70
8 77
8 78
8 89
8 90
8 91
8 93
8 97
8 99
8 102
8 103
8 111
8 118
8 122
8 125
8 134
8 139
8 145
8 150
8 157
8 158
8 159
8 162
8 163
8 10
8 17
8 21
8 23
8 24
8 36
8 38
8 40
8 44
8 56
8 58
8 60
8 68
8 72
8 73
8 74
8 76
8 80
8 81
8 101
8 104
8 107
8 109
8 115
8 117
8 123
8 131
8 132
8 133
8 136
8 143
8 165
9 14
9 15
9 25
9 27
9 28
9 30
9 31
9 35
9 38
9 39
9 40
9 42
9 47
9 48
9 49
9 51
9 59
9 60
9 61
9 62
9 65
9 68
9 70
9 71
9 72
9 73
9 74
9 79
9 80
9 81
9 88
9 98
9 100
9 101
9 102
9 104
9 105
9 108
9 109
9 112
9 115
9 117
9 125
9 127
9 130
9 133
9 134
9 137
9 138
9 139
9 141
9 142
9 143
9 153
9 155
9 156
9 157
9 158
9 160
9 161
9 166
9 167
9 169
9 18
9 21
9 22
9 24
9 26
9 29
9 32
9 33
9 36
9 44
9 45
9 56
9 64
9 67
9 69
9 75
9 78
9 83
9 85
9 86
9 90
9 93
9 94
9 95
9 96
9 97
9 110
9 118
9 120
9 128
9 140
9 148
9 149
9 154
9 159
9 162
9 165
9 168
10 12
10 13
10 16
10 20
10 24
10 28
10 35
10 36
10 37
10 38
10 49
10 50
10 51
10 52
10 54
10 56
10 57
10 58
10 61
10 65
10 68
10 69
10 71
10 73
10 78
10 90
10 95
10 96
10 98
10 99
10 103
10 107
10 119
10 122
10 123
10 124
10 127
10 128
10 129
10 130
10 134
10 142
10 144
10 155
10 158
10 160
10 163
10 166
10 168
10 23
10 26
10 27
10 33
10 40
10 41
10 42
10 47
10 53
10 60
10 63
10 67
10 70
10 80
10 85
10 93
10 100
10 104
10 106
10 110
10 112
10 131
10 135
10 141
10 145
10 150
10 151
10 152
10 154
10 162
10 167
10 169
11 16
11 17
11 20
11 23
11 25
11 26
11 27
11 28
11 30
11 31
11 42
11 45
11 48
11 51
11 54
11 55
11 56
11 59
11 63
11 69
11 73
11 79
11 84
11 85
11 86
11 88
11 91
11 92
11 95
11 97
11 104
11 108
11 114
11 115
11 116
11 117
11 119
11 121
11 125
11 126
11 128
11 131
11 133
11 137
11 138
11 144
11 149
11 153
11 154
11 157
11 166
11 167
11 169
11 18
11 24
11 33
11 38
11 39
11 41
11 47
11 49
11 50
11 52
11 53
11 57
11 58
11 61
11 65
11 67
11 68
11 75
11 78
11 89
11 94
11 105
11 107
11 123
11 127
11 134
11 147
11 165
11 168
12 21
12 23
12 32
12 33
12 36
12 39
12 40
12 42
12 43
12 48
12 56
12 63
12 64
12 66
12 71
12 72
12 78
12 85
12 92
12 96
12 97
12 100
12 103
12 105
12 108
12 111
12 113
12 119
12 129
12 134
12 136
12 137
12 143
12 145
12 152
12 155
12 156
12 159
12 160
12 161
12 163
12 165
12 167
12 13
12 14
12 15
12 16
12 17
12 19
12 31
12 34
12 37
12 45
12 49
12 55
12 69
12 74
12 79
12 80
12 82
12 86
12 88
12 89
12 93
12 98
12 107
12 110
12 112
12 130
12 138
12 157
12 164
12 169
13 18
13 21
13 22
13 28
13 33
13 34
13 36
13 49
13 55
13 57
13 59
13 60
13 64
13 65
13 68
13 69
13 74
13 76
13 77
13 79
13 80
13 81
13 86
13 87
13 89
13 93
13 95
13 99
13 104
13 106
13 107
13 110
13 113
13 116
13 118
13 130
13 133
13 137
13 140
13 141
13 145
13 154
13 156
13 159
13 160
13 161
13 163
13 164
13 165
13 169
13 17
13 20
13 24
13 25
13 29
13 35
13 41
13 43
13 45
13 52
13 62
13 66
13 70
13 83
13 85
13 94
13 97
13 102
13 115
13 117
13 122
13 123
13 128
13 138
13 144
13 146
13 152
13 155
13 162
13 167
14 17
14 21
14 23
14 28
14 38
14 39
14 42
14 44
14 49
14 50
14 54
14 55
14 62
14 63
14 64
14 72
14 74
14 76
14 77
14 78
14 81
14 84
14 88
14 91
14 96
14 97
14 99
14 103
14 106
14 118
14 121
14 126
14 127
14 132
14 136
14 141
14 145
14 147
14 149
14 150
14 151
14 158
14 159
14 161
14 165
14 167
14 168
14 18
14 29
14 31
14 33
14 35
14 46
14 47
14 51
14 53
14 60
14 68
14 75
14 79
14 86
14 87
14 89
14 100
14 101
14 102
14 111
14 117
14 119
14 128
14 130
14 142
14 144
14 146
14 152
14 153
14 163
14 164
15 18
15 19
15 20
15 21
15 25
15 27
15 34
15 35
15 37
15 39
15 40
15 41
15 47
15 50
15 57
15 60
15 62
15 63
15 66
15 72
15 74
15 79
15 85
15 87
15 88
15 89
15 94
15 101
15 102
15 106
15 108
15 110
15 114
15 115
15 122
15 124
15 128
15 131
15 132
15 133
15 136
15 137
15 138
15 140
15 141
15 142
15 145
15 152
15 157
15 158
15 161
15 162
15 164
15 166
15 22
15 24
15 33
15 36
15 43
15 44
15 49
15 58
15 59
15 61
15 65
15 69
15 71
15 75
15 80
15 98
15 103
15 104
15 107
15 109
15 116
15 117
15 118
15 119
15 120
15 121
15 127
15 129
15 130
15 134
15 135
15 148
15 156
15 160
15 165
15 168
16 20
16 27
16 31
16 32
16 35
16 36
16 37
16 39
16 41
16 43
16 45
16 46
16 48
16 49
16 53
16 56
16 64
16 65
16 66
16 68
16 69
16 70
16 72
16 77
16 81
16 84
16 91
16 92
16 93
16 96
16 97
16 100
16 108
16 111
16 114
16 115
16 122
16 124
16 130
16 132
16 134
16 136
16 141
16 144
16 145
16 146
16 153
16 157
16 159
16 160
16 166
16 168
16 169
16 18
16 24
16 26
16 38
16 42
16 50
16 51
16 60
16 62
16 73
16 74
16 78
16 98
16 103
16 106
16 107
16 109
16 112
16 118
16 119
16 123
16 125
16 127
16 131
16 140
16 147
16 148
16 155
16 161
16 163
16 164
17 20
17 23
17 25
17 27
17 28
17 30
17 32
17 33
17 34
17 36
17 43
17 45
17 49
17 51
17 53
17 57
17 62
17 64
17 67
17 68
17 73
17 81
17 88
17 94
17 95
17 97
17 98
17 104
17 105
17 112
17 118
17 119
17 120
17 122
17 125
17 130
17 131
17 146
17 152
17 159
17 161
17 164
17 166
17 21
17 24
17 37
17 38
17 39
17 41
17 46
17 48
17 54
17 55
17 63
17 65
17 72
17 79
17 84
17 85
17 90
17 100
17 109
17 111
17 121
17 124
17 127
17 128
17 135
17 139
17 140
17 141
17 145
17 149
17 150
17 155
17 163
17 168
18 24
18 32
18 36
18 37
18 38
18 39
18 40
18 47
18 51
18 52
18 53
18 55
18 59
18 64
18 66
18 67
18 73
18 74
18 75
18 82
18 83
18 84
18 91
18 93
18 94
18 95
18 96
18 106
18 108
18 112
18 113
18 115
18 116
18 117
18 130
18 131
18 137
18 140
18 141
18 147
18 150
18 152
18 153
18 154
18 155
18 159
18 166
18 167
18 19
18 22
18 31
18 33
18 43
18 44
18 45
18 50
18 54
18 58
18 60
18 62
18 65
18 69
18 76
18 77
18 87
18 88
18 97
18 100
18 102
18 103
18 107
18 110
18 111
18 118
18 122
18 123
18 124
18 125
18 127
18 129
18 133
18 134
18 144
18 157
18 158
18 164
19 20
19 22
19 23
19 28
19 35
19 36
19 37
19 38
19 40
19 41
19 44
19 46
19 52
19 55
19 60
19 67
19 75
19 77
19 78
19 84
19 93
19 96
19 100
19 104
19 108
19 115
19 116
19 122
19 124
19 126
19 128
19 132
19 135
19 140
19 147
19 149
19 150
19 153
19 154
19 166
19 167
19 168
19 21
19 24
19 31
19 32
19 42
19 47
19 51
19 54
19 58
19 61
19 68
19 69
19 72
19 79
19 80
19 82
19 94
19 95
19 98
19 118
19 119
19 121
19 123
19 125
19 130
19 131
19 136
19 139
19 141
19 142
19 143
19 145
19 160
20 30
20 31
20 40
20 48
20 50
20 54
20 57
20 61
20 65
20 68
20 71
20 83
20 86
20 92
20 98
20 100
20 109
20 114
20 120
20 122
20 132
20 133
20 135
20 144
20 145
20 148
20 151
20 152
20 153
20 157
20 163
20 165
20 28
20 35
20 38
20 46
20 49
20 51
20 53
20 55
20 56
20 59
20 63
20 72
20 78
20 79
20 80
20 81
20 84
20 87
20 88
20 94
20 99
20 101
20 105
20 106
20 107
20 111
20 112
20 113
20 115
20 121
20 131
20 134
20 138
20 150
20 154
20 161
20 162
21 24
21 25
21 35
21 37
21 42
21 43
21 44
21 45
21 48
21 49
21 51
21 58
21 61
21 64
21 66
21 73
21 79
21 85
21 86
21 92
21 95
21 98
21 99
21 100
21 103
21 108
21 109
21 112
21 113
21 115
21 117
21 122
21 130
21 132
21 135
21 136
21 137
21 140
21 142
21 143
21 144
21 151
21 157
21 161
21 164
21 166
21 169
21 26
21 32
21 36
21 40
21 41
21 47
21 50
21 53
21 59
21 65
21 68
21 69
21 76
21 77
21 90
21 91
21 93
21 105
21 106
21 114
21 123
21 131
21 139
21 141
21 147
21 148
21 149
21 150
21 153
21 158
21 167
22 28
22 32
22 33
22 38
22 43
22 47
22 50
22 52
22 53
22 66
22 68
22 69
22 70
22 72
22 73
22 74
22 75
22 76
22 79
22 85
22 88
22 90
22 93
22 97
22 101
22 103
22 115
22 116
22 117
22 121
22 122
22 132
22 134
22 135
22 137
22 140
22 144
22 146
22 148
22 151
22 153
22 156
22 160
22 163
22 165
22 24
22 31
22 37
22 49
22 51
22 55
22 56
22 58
22 64
22 83
22 87
22 89
22 92
22 98
22 105
22 109
22 110
22 118
22 119
22 123
22 125
22 126
22 136
22 147
22 150
22 161
22 168
23 26
23 30
23 31
23 36
23 44
23 45
23 46
23 47
23 54
23 55
23 59
23 63
23 73
23 75
23 84
23 87
23 90
23 92
23 94
23 96
23 104
23 105
23 106
23 107
23 109
23 122
23 125
23 127
23 129
23 139
23 140
23 153
23 155
23 158
23 163
23 34
23 35
23 40
23 52
23 53
23 57
23 60
23 61
23 66
23 67
23 69
23 70
23 74
23 76
23 77
23 78
23 79
23 81
23 83
23 91
23 93
23 99
23 108
23 111
23 113
23 114
23 115
23 116
23 119
23 120
23 124
23 130
23 134
23 136
23 141
23 142
23 146
23 148
23 149
23 156
23 157
23 160
23 161
23 165
23 167
23 169
24 28
24 31
24 36
24 37
24 39
24 40
24 41
24 42
24 49
24 50
24 54
24 55
24 61
24 63
24 67
24 68
24 69
24 71
24 77
24 80
24 86
24 88
24 95
24 101
24 103
24 109
24 117
24 118
24 119
24 126
24 135
24 136
24 141
24 143
24 146
24 147
24 150
24 155
24 162
24 166
24 167
24 168
24 25
24 26
24 32
24 34
24 38
24 43
24 44
24 56
24 58
24 60
24 62
24 66
24 73
24 81
24 85
24 87
24 90
24 91
24 94
24 98
24 106
24 113
24 114
24 120
24 123
24 128
24 129
24 132
24 137
24 138
24 139
24 142
24 144
24 148
24 153
24 154
24 164
25 26
25 27
25 29
25 32
25 33
25 35
25 38
25 39
25 40
25 41
25 44
25 46
25 52
25 53
25 55
25 56
25 58
25 60
25 67
25 69
25 74
25 77
25 79
25 84
25 85
25 90
25 92
25 94
25 97
25 98
25 101
25 103
25 106
25 107
25 111
25 113
25 116
25 123
25 125
25 126
25 129
25 130
25 133
25 134
25 137
25 139
25 152
25 159
25 164
25 166
25 168
25 28
25 37
25 42
25 45
25 49
25 59
25 62
25 63
25 66
25 73
25 78
25 88
25 93
25 102
25 104
25 112
25 114
25 122
25 124
25 136
25 138
25 140
25 144
25 153
25 157
26 31
26 34
26 36
26 38
26 40
26 41
26 49
26 53
26 54
26 55
26 61
26 63
26 64
26 65
26 73
26 74
26 76
26 77
26 78
26 79
26 88
26 93
26 103
26 112
26 113
26 115
26 118
26 129
26 131
26 132
26 137
26 140
26 141
26 142
26 144
26 150
26 152
26 153
26 161
26 164
26 167
26 168
26 169
26 30
26 37
26 43
26 46
26 56
26 58
26 59
26 60
26 66
26 67
26 68
26 80
26 84
26 87
26 90
26 92
26 95
26 106
26 107
26 108
26 119
26 121
26 125
26 126
26 133
26 145
26 146
26 149
26 151
26 165
26 166
27 28
27 31
27 36
27 40
27 41
27 43
27 45
27 50
27 51
27 56
27 58
27 59
27 60
27 61
27 63
27 66
27 73
27 75
27 78
27 84
27 85
27 87
27 90
27 91
27 95
27 96
27 98
27 100
27 102
27 104
27 105
27 107
27 109
27 112
27 115
27 127
27 129
27 132
27 146
27 147
27 148
27 149
27 151
27 158
27 160
27 166
27 167
27 169
27 33
27 34
27 35
27 38
27 39
27 47
27 54
27 67
27 68
27 72
27 82
27 83
27 88
27 94
27 97
27 101
27 108
27 114
27 128
27 133
27 136
27 144
27 154
27 162
27 168
28 30
28 32
28 38
28 42
28 49
28 53
28 64
28 66
28 69
28 71
28 74
28 77
28 81
28 83
28 89
28 94
28 95
28 100
28 101
28 103
28 112
28 113
28 114
28 117
28 119
28 120
28 123
28 127
28 128
28 129
28 133
28 134
28 136
28 138
28 140
28 141
28 143
28 144
28 149
28 151
28 155
28 167
28 168
28 169
28 31
28 34
28 41
28 47
28 48
28 54
28 56
28 60
28 61
28 62
28 63
28 65
28 67
28 68
28 73
28 78
28 79
28 82
28 85
28 86
28 87
28 88
28 91
28 92
28 97
28 99
28 106
28 109
28 110
28 111
28 118
28 121
28 124
28 131
28 132
28 137
28 145
28 146
28 153
28 154
28 156
28 164
28 165
29 30
29 36
29 44
29 47
29 50
29 55
29 63
29 71
29 77
29 81
29 83
29 85
29 86
29 95
29 96
29 97
29 101
29 106
29 112
29 115
29 117
29 118
29 119
29 122
29 127
29 130
29 131
29 134
29 135
29 136
29 138
29 139
29 145
29 148
29 150
29 157
29 159
29 164
29 166
29 169
29 38
29 40
29 41
29 42
29 45
29 49
29 52
29 53
29 58
29 64
29 68
29 73
29 76
29 79
29 80
29 89
29 103
29 105
29 107
29 108
29 109
29 110
29 114
29 123
29 125
29 126
29 128
29 129
29 132
29 141
29 143
29 146
29 152
29 156
29 161
29 162
30 31
30 34
30 37
30 51
30 53
30 54
30 56
30 57
30 60
30 64
30 70
30 71
30 76
30 89
30 90
30 91
30 94
30 95
30 98
30 99
30 103
30 105
30 109
30 111
30 113
30 114
30 115
30 118
30 119
30 120
30 128
30 135
30 145
30 152
30 154
30 160
30 163
30 167
30 32
30 38
30 40
30 41
30 42
30 43
30 44
30 47
30 48
30 50
30 59
30 61
30 63
30 65
30 67
30 72
30 75
30 77
30 80
30 82
30 83
30 93
30 96
30 101
30 108
30 116
30 121
30 126
30 127
30 130
30 132
30 141
30 143
30 148
30 151
30 155
30 156
30 169
31 33
31 34
31 38
31 45
31 46
31 47
31 50
31 51
31 52
31 55
31 56
31 63
31 70
31 75
31 93
31 94
31 95
31 99
31 103
31 113
31 114
31 115
31 119
31 132
31 134
31 135
31 136
31 140
31 142
31 143
31 144
31 145
31 151
31 154
31 155
31 157
31 159
31 166
31 167
31 32
31 40
31 41
31 62
31 65
31 67
31 68
31 69
31 77
31 82
31 84
31 85
31 100
31 101
31 102
31 105
31 106
31 109
31 110
31 116
31 117
31 120
31 122
31 124
31 139
31 149
31 156
31 164
31 165
31 169
32 33
32 41
32 42
32 46
32 49
32 55
32 58
32 59
32 60
32 62
32 66
32 67
32 70
32 71
32 74
32 75
32 76
32 77
32 78
32 79
32 80
32 83
32 84
32 85
32 87
32 93
32 95
32 99
32 107
32 110
32 111
32 112
32 113
32 118
32 120
32 127
32 130
32 139
32 147
32 149
32 150
32 154
32 155
32 157
32 160
32 165
32 166
32 168
32 169
32 36
32 37
32 50
32 64
32 72
32 89
32 90
32 96
32 105
32 108
32 109
32 114
32 116
32 121
32 122
32 124
32 126
32 132
32 141
32 144
32 156
33 35
33 36
33 43
33 45
33 49
33 50
33 52
33 53
33 61
33 62
33 64
33 65
33 69
33 70
33 72
33 82
33 85
33 86
33 89
33 92
33 93
33 96
33 98
33 108
33 115
33 118
33 122
33 128
33 129
33 136
33 138
33 143
33 152
33 155
33 156
33 157
33 162
33 164
33 166
33 39
33 40
33 41
33 48
33 55
33 57
33 73
33 75
33 77
33 78
33 80
33 87
33 90
33 109
33 112
33 113
33 116
33 117
33 119
33 137
33 141
33 148
33 149
33 150
33 153
33 158
33 165
33 167
33 168
34 41
34 43
34 45
34 46
34 50
34 51
34 54
34 55
34 60
34 66
34 71
34 73
34 82
34 86
34 89
34 90
34 93
34 94
34 100
34 107
34 110
34 117
34 120
34 121
34 124
34 126
34 130
34 131
34 137
34 138
34 139
34 140
34 146
34 149
34 151
34 155
34 156
34 158
34 159
34 160
34 165
34 166
34 36
34 40
34 42
34 47
34 49
34 52
34 65
34 70
34 72
34 75
34 77
34 81
34 84
34 85
34 99
34 101
34 104
34 108
34 111
34 116
34 118
34 125
34 132
34 143
34 145
34 147
34 148
34 168
34 169
35 41
35 48
35 49
35 54
35 70
35 71
35 72
35 73
35 75
35 82
35 83
35 89
35 90
35 92
35 95
35 103
35 104
35 109
35 110
35 115
35 119
35 124
35 128
35 129
35 130
35 131
35 134
35 138
35 144
35 145
35 150
35 154
35 157
35 159
35 165
35 166
35 38
35 45
35 47
35 63
35 64
35 65
35 66
35 67
35 78
35 80
35 81
35 97
35 102
35 114
35 118
35 122
35 125
35 152
35 158
35 163
36 40
36 48
36 51
36 52
36 55
36 58
36 62
36 63
36 66
36 68
36 74
36 81
36 82
36 83
36 87
36 88
36 98
36 99
36 103
36 105
36 106
36 107
36 109
36 115
36 117
36 118
36 124
36 126
36 128
36 137
36 140
36 143
36 145
36 148
36 152
36 153
36 156
36 159
36 160
36 163
36 165
36 167
36 37
36 43
36 45
36 46
36 49
36 50
36 64
36 73
36 76
36 79
36 85
36 94
36 101
36 111
36 112
36 113
36 114
36 116
36 121
36 129
36 133
36 136
36 146
36 158
36 161
36 166
37 38
37 39
37 40
37 42
37 43
37 45
37 51
37 52
37 56
37 61
37 65
37 66
37 68
37 71
37 73
37 80
37 82
37 89
37 92
37 94
37 97
37 100
37 104
37 107
37 111
37 112
37 118
37 123
37 127
37 128
37 130
37 134
37 139
37 141
37 144
37 146
37 150
37 154
37 156
37 161
37 162
37 163
37 165
37 168
37 47
37 50
37 54
37 55
37 59
37 62
37 67
37 69
37 81
37 84
37 88
37 90
37 101
37 102
37 105
37 106
37 113
37 120
37 132
37 133
37 135
37 142
37 145
37 147
37 152
37 158
37 160
38 39
38 40
38 46
38 47
38 48
38 50
38 52
38 61
38 62
38 71
38 73
38 74
38 75
38 82
38 83
38 84
38 86
38 91
38 93
38 94
38 103
38 104
38 105
38 107
38 111
38 116
38 123
38 129
38 132
38 139
38 146
38 147
38 151
38 161
38 164
38 167
38 169
38 41
38 43
38 45
38 53
38 57
38 59
38 70
38 76
38 88
38 89
38 96
38 98
38 99
38 114
38 121
38 125
38 130
38 135
38 145
38 153
38 154
38 158
39 42
39 47
39 51
39 61
39 63
39 64
39 66
39 68
39 70
39 72
39 73
39 75
39 77
39 84
39 85
39 87
39 89
39 101
39 106
39 108
39 110
39 118
39 119
39 120
39 123
39 130
39 137
39 138
39 140
39 141
39 142
39 146
39 147
39 149
39 151
39 153
39 155
39 156
39 164
39 165
39 166
39 169
39 40
39 41
39 55
39 56
39 57
39 59
39 62
39 69
39 76
39 83
39 86
39 90
39 92
39 96
39 99
39 102
39 107
39 112
39 115
39 116
39 121
39 134
39 136
39 158
39 167
39 168
40 46
40 51
40 59
40 60
40 66
40 71
40 73
40 75
40 77
40 78
40 89
40 92
40 93
40 95
40 96
40 99
40 100
40 101
40 103
40 106
40 107
40 110
40 112
40 115
40 116
40 120
40 123
40 124
40 132
40 140
40 141
40 142
40 144
40 145
40 146
40 147
40 148
40 152
40 155
40 157
40 158
40 159
40 163
40 165
40 169
40 42
40 48
40 49
40 50
40 65
40 72
40 74
40 76
40 79
40 83
40 85
40 87
40 88
40 91
40 105
40 108
40 111
40 117
40 119
40 122
40 139
40 149
40 151
40 161
40 166
41 45
41 46
41 49
41 50
41 53
41 54
41 55
41 67
41 69
41 74
41 77
41 78
41 80
41 83
41 84
41 90
41 91
41 93
41 94
41 95
41 96
41 101
41 106
41 109
41 113
41 115
41 116
41 123
41 124
41 129
41 134
41 135
41 138
41 139
41 141
41 142
41 143
41 145
41 146
41 150
41 152
41 153
41 155
41 161
41 169
41 42
41 43
41 44
41 47
41 64
41 66
41 68
41 79
41 111
41 114
41 126
41 127
41 130
41 133
41 148
41 159
41 160
41 162
41 164
42 45
42 47
42 49
42 52
42 62
42 65
42 68
42 70
42 74
42 75
42 78
42 85
42 87
42 88
42 91
42 94
42 98
42 99
42 100
42 101
42 106
42 109
42 111
42 112
42 120
42 124
42 125
42 127
42 131
42 132
42 135
42 136
42 138
42 142
42 144
42 146
42 148
42 152
42 165
42 167
42 43
42 46
42 56
42 63
42 69
42 77
42 82
42 86
42 89
42 92
42 95
42 97
42 105
42 107
42 118
42 121
42 129
42 130
42 141
42 151
42 153
42 156
42 157
42 161
42 162
42 163
42 168
43 46
43 47
43 49
43 50
43 56
43 63
43 64
43 65
43 75
43 80
43 81
43 82
43 89
43 90
43 92
43 100
43 107
43 109
43 110
43 117
43 118
43 127
43 129
43 137
43 141
43 143
43 146
43 147
43 150
43 152
43 156
43 158
43 161
43 165
43 166
43 168
43 169
43 51
43 55
43 57
43 68
43 73
43 76
43 77
43 79
43 86
43 88
43 98
43 101
43 103
43 108
43 111
43 115
43 119
43 122
43 132
43 134
43 153
43 155
43 160
43 162
43 167
44 46
44 50
44 51
44 52
44 57
44 58
44 59
44 64
44 72
44 73
44 80
44 84
44 92
44 98
44 99
44 110
44 117
44 126
44 131
44 140
44 149
44 152
44 154
44 156
44 157
44 158
44 162
44 163
44 164
44 166
44 169
44 49
44 61
44 67
44 70
44 76
44 78
44 79
44 83
44 85
44 86
44 87
44 90
44 101
44 103
44 104
44 106
44 107
44 109
44 111
44 113
44 114
44 115
44 127
44 128
44 133
44 134
44 137
44 139
44 141
44 143
44 159
44 160
44 161
45 50
45 57
45 58
45 59
45 66
45 73
45 76
45 78
45 87
45 90
45 92
45 94
45 101
45 102
45 104
45 111
45 112
45 116
45 117
45 123
45 125
45 131
45 132
45 138
45 142
45 147
45 149
45 151
45 152
45 153
45 160
45 161
45 165
45 168
45 56
45 63
45 80
45 81
45 82
45 83
45 84
45 85
45 86
45 95
45 100
45 106
45 107
45 115
45 119
45 120
45 121
45 122
45 127
45 135
45 140
45 163
45 166
45 167
46 47
46 49
46 52
46 54
46 57
46 59
46 67
46 87
46 89
46 90
46 96
46 103
46 105
46 108
46 110
46 111
46 114
46 115
46 116
46 118
46 121
46 122
46 124
46 125
46 131
46 134
46 135
46 137
46 138
46 139
46 143
46 149
46 150
46 151
46 155
46 157
46 158
46 162
46 53
46 56
46 66
46 75
46 76
46 77
46 78
46 79
46 83
46 95
46 98
46 101
46 112
46 113
46 119
46 127
46 130
46 132
46 152
46 154
46 160
46 163
46 167
47 48
47 55
47 56
47 59
47 61
47 63
47 65
47 68
47 69
47 72
47 74
47 78
47 80
47 81
47 85
47 89
47 94
47 95
47 104
47 105
47 107
47 109
47 110
47 112
47 115
47 120
47 122
47 126
47 130
47 131
47 135
47 139
47 142
47 146
47 147
47 149
47 150
47 151
47 152
47 153
47 158
47 160
47 163
47 168
47 169
47 51
47 52
47 53
47 60
47 62
47 71
47 79
47 87
47 98
47 99
47 108
47 113
47 119
47 124
47 125
47 127
47 128
47 133
47 137
47 143
47 148
47 157
47 161
48 53
48 55
48 65
48 69
48 70
48 75
48 76
48 79
48 84
48 88
48 89
48 91
48 92
48 94
48 96
48 98
48 101
48 104
48 105
48 107
48 108
48 112
48 117
48 119
48 121
48 123
48 124
48 127
48 128
48 129
48 138
48 140
48 141
48 145
48 146
48 148
48 158
48 161
48 162
48 163
48 164
48 167
48 50
48 51
48 52
48 54
48 60
48 62
48 67
48 68
48 72
48 74
48 81
48 90
48 118
48 133
48 143
48 147
48 150
48 152
48 155
48 159
48 165
48 166
49 50
49 56
49 57
49 58
49 70
49 73
49 74
49 75
49 76
49 79
49 82
49 83
49 84
49 88
49 89
49 99
49 102
49 105
49 106
49 110
49 111
49 115
49 116
49 117
49 118
49 119
49 122
49 124
49 126
49 129
49 131
49 132
49 135
49 137
49 138
49 147
49 150
49 157
49 162
49 163
49 166
49 169
49 55
49 66
49 77
49 81
49 85
49 90
49 93
49 96
49 98
49 100
49 107
49 121
49 127
49 128
49 139
49 143
49 144
49 145
49 148
49 151
49 158
49 160
49 165
50 51
50 53
50 54
50 56
50 59
50 61
50 64
50 65
50 66
50 72
50 77
50 78
50 79
50 83
50 87
50 88
50 90
50 95
50 96
50 100
50 101
50 102
50 107
50 108
50 114
50 115
50 116
50 117
50 121
50 122
50 123
50 127
50 130
50 133
50 138
50 141
50 143
50 145
50 146
50 149
50 151
50 153
50 156
50 159
50 162
50 163
50 166
50 167
50 60
50 67
50 74
50 75
50 81
50 82
50 84
50 91
50 94
50 99
50 104
50 111
50 119
50 120
50 125
50 131
50 135
50 137
50 140
50 144
50 150
50 152
50 154
50 165
50 168
50 169
51 52
51 53
51 56
51 63
51 66
51 68
51 70
51 74
51 76
51 83
51 84
51 90
51 91
51 100
51 112
51 113
51 116
51 118
51 120
51 124
51 133
51 146
51 149
51 151
51 152
51 153
51 156
51 165
51 167
51 168
51 54
51 60
51 61
51 62
51 64
51 79
51 89
51 96
51 99
51 101
51 102
51 103
51 108
51 122
51 127
51 132
51 135
51 136
51 141
51 148
51 155
51 159
51 163
52 58
52 63
52 69
52 72
52 74
52 77
52 81
52 83
52 92
52 93
52 96
52 100
52 101
52 104
52 106
52 109
52 112
52 116
52 118
52 119
52 122
52 128
52 131
52 132
52 136
52 137
52 139
52 141
52 144
52 147
52 149
52 156
52 159
52 162
52 164
52 61
52 64
52 67
52 70
52 75
52 78
52 79
52 82
52 84
52 89
52 91
52 94
52 97
52 98
52 108
52 111
52 117
52 120
52 121
52 124
52 125
52 135
52 140
52 142
52 146
52 151
52 152
52 153
52 155
52 158
52 165
52 166
52 168
53 56
53 67
53 73
53 74
53 77
53 81
53 82
53 85
53 93
53 96
53 97
53 98
53 100
53 104
53 106
53 110
53 111
53 114
53 117
53 118
53 119
53 121
53 125
53 130
53 131
53 136
53 137
53 138
53 139
53 144
53 147
53 148
53 150
53 155
53 158
53 159
53 166
53 167
53 168
53 64
53 79
53 86
53 89
53 91
53 95
53 99
53 101
53 108
53 112
53 115
53 128
53 134
53 140
53 141
53 142
53 146
53 149
53 151
53 156
53 157
53 160
54 58
54 62
54 64
54 65
54 66
54 69
54 73
54 80
54 82
54 99
54 107
54 110
54 116
54 121
54 124
54 128
54 129
54 132
54 134
54 135
54 143
54 146
54 152
54 156
54 158
54 161
54 163
54 55
54 59
54 61
54 63
54 70
54 74
54 81
54 86
54 88
54 89
54 91
54 94
54 98
54 102
54 105
54 114
54 127
54 136
54 139
54 141
54 149
54 150
54 151
54 162
54 164
54 167
54 168
55 57
55 58
55 59
55 60
55 62
55 63
55 67
55 70
55 71
55 72
55 74
55 76
55 77
55 82
55 86
55 88
55 90
55 92
55 95
55 97
55 98
55 101
55 103
55 104
55 105
55 107
55 122
55 124
55 130
55 131
55 135
55 141
55 142
55 150
55 152
55 153
55 158
55 160
55 162
55 166
55 61
55 65
55 69
55 78
55 79
55 83
55 89
55 93
55 96
55 102
55 108
55 115
55 118
55 119
55 120
55 123
55 136
55 145
55 151
55 154
55 157
55 169
56 57
56 59
56 64
56 65
56 72
56 73
56 76
56 77
56 85
56 88
56 94
56 101
56 103
56 104
56 107
56 111
56 112
56 121
56 126
56 129
56 134
56 135
56 136
56 139
56 148
56 150
56 151
56 152
56 153
56 159
56 163
56 166
56 167
56 168
56 58
56 60
56 61
56 63
56 67
56 68
56 75
56 81
56 90
56 93
56 96
56 108
56 110
56 113
56 117
56 119
56 120
56 122
56 124
56 128
56 130
56 133
56 138
56 145
56 154
56 156
56 160
57 59
57 60
57 61
57 63
57 66
57 72
57 82
57 86
57 87
57 88
57 90
57 91
57 94
57 95
57 97
57 98
57 100
57 106
57 107
57 114
57 122
57 124
57 127
57 128
57 129
57 131
57 133
57 137
57 140
57 141
57 145
57 149
57 153
57 154
57 156
57 158
57 160
57 161
57 169
57 64
57 67
57 77
57 79
57 93
57 96
57 101
57 103
57 108
57 112
57 126
57 146
57 148
57 159
57 165
57 167
58 60
58 67
58 70
58 74
58 76
58 78
58 82
58 84
58 86
58 92
58 95
58 97
58 101
58 107
58 120
58 121
58 122
58 128
58 129
58 130
58 138
58 147
58 148
58 149
58 152
58 161
58 164
58 166
58 167
58 169
58 63
58 64
58 71
58 79
58 80
58 85
58 90
58 91
58 98
58 100
58 103
58 104
58 109
58 110
58 116
58 136
58 137
58 139
58 141
58 143
58 144
58 156
58 157
59 64
59 65
59 68
59 69
59 72
59 76
59 78
59 79
59 83
59 85
59 86
59 92
59 94
59 96
59 99
59 104
59 105
59 106
59 110
59 117
59 119
59 121
59 123
59 128
59 131
59 134
59 138
59 139
59 140
59 141
59 142
59 150
59 151
59 153
59 155
59 158
59 159
59 161
59 162
59 163
59 167
59 62
59 67
59 77
59 84
59 90
59 98
59 100
59 102
59 103
59 107
59 112
59 116
59 118
59 122
59 132
59 136
59 137
59 148
59 152
59 168
59 169
60 61
60 62
60 64
60 68
60 70
60 75
60 84
60 90
60 91
60 95
60 97
60 98
60 108
60 113
60 119
60 132
60 133
60 140
60 142
60 143
60 146
60 152
60 157
60 163
60 67
60 77
60 81
60 82
60 86
60 87
60 92
60 94
60 99
60 105
60 106
60 107
60 109
60 111
60 116
60 120
60 121
60 123
60 125
60 128
60 136
60 137
60 141
60 144
60 147
60 148
60 151
60 154
60 156
60 159
60 161
60 165
60 166
61 67
61 70
61 75
61 76
61 78
61 79
61 84
61 88
61 89
61 91
61 97
61 101
61 102
61 108
61 109
61 116
61 120
61 123
61 130
61 133
61 135
61 139
61 144
61 150
61 153
61 156
61 160
61 165
61 168
61 62
61 66
61 68
61 71
61 85
61 90
61 98
61 105
61 107
61 111
61 114
61 115
61 119
61 121
61 124
61 126
61 129
61 131
61 136
61 137
61 138
61 141
61 146
61 147
61 152
61 155
61 157
61 158
61 159
62 68
62 69
62 73
62 74
62 77
62 78
62 80
62 85
62 89
62 90
62 91
62 94
62 97
62 101
62 104
62 105
62 109
62 120
62 121
62 123
62 124
62 128
62 134
62 137
62 140
62 151
62 154
62 155
62 158
62 163
62 164
62 64
62 70
62 72
62 75
62 81
62 87
62 95
62 106
62 111
62 113
62 115
62 127
62 142
62 160
62 169
63 68
63 69
63 71
63 73
63 74
63 85
63 92
63 98
63 101
63 102
63 103
63 105
63 107
63 111
63 112
63 114
63 117
63 128
63 129
63 133
63 134
63 138
63 142
63 144
63 148
63 149
63 150
63 152
63 153
63 154
63 156
63 158
63 160
63 161
63 162
63 163
63 164
63 167
63 168
63 64
63 67
63 70
63 84
63 86
63 89
63 90
63 96
63 109
63 110
63 115
63 116
63 121
63 122
63 126
63 139
63 141
63 145
63 147
63 159
64 65
64 67
64 69
64 70
64 78
64 79
64 82
64 83
64 88
64 91
64 97
64 107
64 114
64 120
64 121
64 124
64 127
64 130
64 131
64 133
64 140
64 143
64 150
64 153
64 159
64 162
64 166
64 66
64 75
64 85
64 86
64 89
64 94
64 95
64 98
64 102
64 103
64 108
64 109
64 111
64 115
64 117
64 122
64 125
64 126
64 138
64 148
64 149
64 151
64 154
64 163
64 167
64 168
65 66
65 70
65 75
65 76
65 80
65 83
65 87
65 88
65 92
65 93
65 94
65 101
65 111
65 112
65 113
65 114
65 120
65 121
65 122
65 130
65 134
65 137
65 139
65 140
65 146
65 148
65 149
65 151
65 153
65 155
65 157
65 161
65 165
65 168
65 73
65 77
65 78
65 85
65 86
65 91
65 95
65 100
65 102
65 103
65 105
65 110
65 119
65 124
65 126
65 127
65 128
65 129
65 135
65 152
65 162
66 73
66 75
66 76
66 79
66 81
66 82
66 83
66 89
66 91
66 93
66 95
66 96
66 97
66 98
66 106
66 108
66 110
66 112
66 113
66 114
66 115
66 116
66 119
66 120
66 126
66 129
66 130
66 131
66 137
66 138
66 139
66 140
66 141
66 142
66 146
66 149
66 152
66 156
66 158
66 162
66 163
66 164
66 167
66 168
66 74
66 77
66 84
66 85
66 86
66 88
66 90
66 94
66 102
66 103
66 104
66 105
66 118
66 121
66 136
66 151
66 157
66 159
66 160
67 74
67 75
67 76
67 77
67 80
67 85
67 87
67 88
67 90
67 92
67 93
67 94
67 95
67 101
67 104
67 109
67 110
67 111
67 112
67 113
67 115
67 122
67 128
67 130
67 135
67 136
67 137
67 141
67 143
67 146
67 149
67 150
67 152
67 156
67 157
67 161
67 162
67 165
67 169
67 70
67 71
67 73
67 78
67 81
67 82
67 84
67 96
67 103
67 105
67 114
67 119
67 127
67 132
67 134
67 140
67 147
67 151
67 153
67 154
67 159
67 164
67 166
67 167
68 78
68 79
68 80
68 84
68 89
68 92
68 94
68 95
68 97
68 99
68 104
68 108
68 109
68 111
68 114
68 115
68 118
68 119
68 120
68 121
68 124
68 127
68 132
68 134
68 139
68 140
68 141
68 143
68 145
68 147
68 152
68 153
68 165
68 169
68 73
68 77
68 86
68 87
68 90
68 93
68 96
68 98
68 100
68 102
68 107
68 128
68 129
68 133
68 135
68 150
68 155
68 166
68 167
69 70
69 71
69 72
69 76
69 80
69 82
69 83
69 84
69 85
69 90
69 92
69 95
69 97
69 98
69 103
69 108
69 112
69 115
69 118
69 119
69 127
69 130
69 135
69 139
69 140
69 142
69 143
69 149
69 150
69 154
69 155
69 157
69 161
69 163
69 74
69 77
69 79
69 94
69 102
69 113
69 116
69 120
69 121
69 126
69 134
69 141
69 147
69 153
69 160
69 166
69 167
69 168
70 80
70 85
70 89
70 98
70 101
70 105
70 107
70 110
70 113
70 115
70 118
70 121
70 122
70 126
70 127
70 128
70 131
70 135
70 138
70 139
70 143
70 148
70 151
70 152
70 156
70 160
70 161
70 162
70 73
70 79
70 82
70 87
70 92
70 97
70 100
70 103
70 104
70 111
70 116
70 119
70 125
70 130
70 146
70 154
70 157
70 158
70 163
70 164
70 167
71 72
71 73
71 76
71 80
71 82
71 83
71 84
71 89
71 92
71 96
71 97
71 100
71 105
71 106
71 108
71 112
71 117
71 120
71 121
71 129
71 132
71 134
71 138
71 139
71 141
71 143
71 148
71 153
71 160
71 162
71 163
71 167
71 169
71 74
71 78
71 79
71 81
71 85
71 86
71 88
71 95
71 102
71 103
71 104
71 107
71 111
71 119
71 122
71 130
71 131
71 136
71 142
71 156
71 157
71 159
71 164
71 165
71 168
72 73
72 75
72 82
72 87
72 89
72 92
72 93
72 94
72 95
72 96
72 97
72 102
72 104
72 109
72 110
72 112
72 114
72 123
72 130
72 131
72 135
72 137
72 138
72 140
72 143
72 145
72 146
72 148
72 152
72 159
72 162
72 166
72 168
72 76
72 91
72 98
72 99
72 100
72 106
72 107
72 121
72 122
72 124
72 126
72 134
72 142
72 150
72 155
72 158
72 160
72 163
72 169
73 74
73 77
73 79
73 84
73 86
73 87
73 88
73 92
73 97
73 98
73 99
73 101
73 102
73 105
73 106
73 109
73 111
73 112
73 115
73 116
73 117
73 120
73 125
73 128
73 131
73 132
73 133
73 134
73 141
73 142
73 143
73 148
73 150
73 153
73 157
73 160
73 76
73 83
73 91
73 104
73 108
73 113
73 114
73 118
73 124
73 126
73 129
73 130
73 136
73 138
73 139
73 140
73 144
73 145
73 146
73 147
73 149
73 155
73 168
74 76
74 77
74 84
74 85
74 88
74 99
74 100
74 101
74 103
74 104
74 112
74 116
74 120
74 123
74 127
74 133
74 136
74 144
74 148
74 153
74 160
74 81
74 94
74 98
74 102
74 108
74 109
74 118
74 119
74 124
74 125
74 126
74 140
74 146
74 149
74 152
74 155
74 157
74 158
74 162
75 77
75 79
75 85
75 88
75 95
75 97
75 100
75 110
75 115
75 119
75 120
75 121
75 124
75 128
75 138
75 144
75 149
75 150
75 151
75 153
75 160
75 162
75 163
75 164
75 165
75 168
75 82
75 86
75 90
75 91
75 96
75 102
75 103
75 111
75 112
75 122
75 127
75 129
75 130
75 137
75 140
75 145
76 78
76 82
76 87
76 89
76 90
76 95
76 96
76 101
76 102
76 106
76 110
76 111
76 112
76 113
76 117
76 121
76 122
76 123
76 132
76 136
76 138
76 148
76 149
76 159
76 169
76 86
76 100
76 105
76 109
76 115
76 120
76 131
76 134
76 137
76 152
76 161
76 164
76 165
76 166
76 168
77 81
77 85
77 86
77 88
77 93
77 94
77 95
77 99
77 100
77 102
77 106
77 108
77 110
77 116
77 119
77 123
77 132
77 133
77 135
77 136
77 142
77 143
77 154
77 155
77 157
77 160
77 161
77 162
77 166
77 78
77 82
77 83
77 87
77 96
77 98
77 109
77 118
77 120
77 124
77 125
77 131
77 139
77 140
77 146
77 149
77 150
77 159
77 164
77 167
77 168
78 80
78 85
78 87
78 95
78 96
78 100
78 104
78 105
78 107
78 114
78 116
78 119
78 123
78 127
78 136
78 139
78 140
78 144
78 150
78 154
78 162
78 167
78 79
78 82
78 84
78 98
78 101
78 103
78 109
78 117
78 121
78 137
78 145
78 147
78 148
78 149
78 156
78 158
78 163
78 165
78 166
78 168
79 80
79 83
79 95
79 100
79 107
79 108
79 112
79 114
79 119
79 120
79 122
79 123
79 130
79 135
79 139
79 141
79 144
79 146
79 147
79 151
79 153
79 157
79 164
79 168
79 169
79 81
79 84
79 85
79 87
79 93
79 96
79 98
79 104
79 105
79 121
79 125
79 132
79 134
79 137
79 138
79 140
79 142
79 154
79 165
80 85
80 92
80 95
80 97
80 98
80 104
80 106
80 110
80 115
80 117
80 118
80 121
80 122
80 123
80 124
80 127
80 128
80 129
80 135
80 143
80 144
80 145
80 151
80 156
80 160
80 82
80 88
80 89
80 93
80 96
80 99
80 103
80 107
80 116
80 120
80 138
80 140
80 141
80 142
80 153
80 154
80 159
80 161
80 162
80 163
80 164
80 166
80 167
81 84
81 87
81 88
81 89
81 93
81 100
81 103
81 110
81 111
81 112
81 113
81 118
81 119
81 123
81 125
81 126
81 127
81 128
81 130
81 131
81 135
81 138
81 142
81 143
81 147
81 148
81 152
81 156
81 162
81 168
81 82
81 92
81 94
81 97
81 98
81 101
81 104
81 114
81 117
81 120
81 124
81 129
81 132
81 139
81 140
81 150
81 151
81 153
81 163
81 164
81 169
82 85
82 87
82 98
82 107
82 108
82 109
82 111
82 118
82 123
82 124
82 125
82 126
82 131
82 133
82 134
82 140
82 141
82 149
82 153
82 156
82 158
82 160
82 166
82 86
82 89
82 90
82 94
82 95
82 96
82 97
82 101
82 104
82 114
82 115
82 117
82 120
82 128
82 130
82 132
82 136
82 139
82 143
82 144
82 151
82 164
82 167
83 86
83 91
83 94
83 99
83 104
83 106
83 108
83 112
83 118
83 120
83 121
83 125
83 130
83 133
83 137
83 138
83 140
83 141
83 142
83 144
83 152
83 157
83 159
83 163
83 166
83 169
83 85
83 87
83 88
83 96
83 100
83 109
83 111
83 126
83 127
83 134
83 145
83 146
83 153
83 158
83 160
83 162
84 85
84 91
84 94
84 97
84 98
84 99
84 105
84 109
84 111
84 114
84 119
84 120
84 121
84 124
84 125
84 128
84 131
84 135
84 143
84 146
84 147
84 149
84 150
84 151
84 153
84 162
84 166
84 168
84 169
84 89
84 90
84 100
84 107
84 113
84 116
84 123
84 126
84 127
84 137
84 140
84 148
84 156
84 157
84 161
84 164
84 167
85 88
85 89
85 91
85 94
85 98
85 99
85 102
85 111
85 115
85 118
85 120
85 126
85 127
85 128
85 131
85 138
85 139
85 150
85 151
85 152
85 154
85 157
85 165
85 167
85 86
85 96
85 97
85 105
85 106
85 108
85 113
85 122
85 123
85 124
85 132
85 134
85 137
85 144
85 147
85 163
85 168
86 88
86 90
86 94
86 95
86 97
86 98
86 101
86 102
86 104
86 105
86 107
86 108
86 111
86 112
86 113
86 114
86 115
86 117
86 124
86 126
86 129
86 130
86 133
86 135
86 145
86 148
86 153
86 155
86 157
86 161
86 163
86 167
86 168
86 87
86 92
86 110
86 119
86 154
86 162
86 164
87 88
87 96
87 103
87 116
87 120
87 125
87 128
87 129
87 130
87 131
87 135
87 136
87 139
87 157
87 164
87 166
87 168
87 90
87 92
87 94
87 106
87 108
87 115
87 117
87 137
87 143
87 145
87 147
87 148
87 149
87 152
87 158
87 161
87 165
88 92
88 100
88 102
88 106
88 110
88 111
88 112
88 115
88 117
88 118
88 120
88 121
88 124
88 125
88 126
88 129
88 133
88 135
88 136
88 137
88 139
88 145
88 148
88 149
88 152
88 153
88 154
88 163
88 165
88 169
88 91
88 95
88 97
88 101
88 104
88 108
88 138
88 144
88 150
88 156
88 166
89 90
89 91
89 95
89 97
89 98
89 107
89 109
89 110
89 121
89 127
89 128
89 130
89 135
89 139
89 140
89 145
89 154
89 156
89 159
89 161
89 163
89 164
89 166
89 167
89 168
89 94
89 111
89 113
89 114
89 118
89 119
89 120
89 123
89 125
89 129
89 134
89 146
89 153
89 158
89 160
89 165
89 169
90 92
90 93
90 94
90 97
90 102
90 107
90 108
90 113
90 114
90 118
90 122
90 125
90 132
90 133
90 134
90 140
90 143
90 146
90 148
90 153
90 155
90 157
90 163
90 91
90 96
90 98
90 101
90 111
90 120
90 123
90 127
90 128
90 135
90 136
90 142
90 144
90 145
90 149
90 151
90 152
90 154
90 161
90 162
90 165
91 95
91 100
91 101
91 109
91 113
91 114
91 116
91 117
91 118
91 121
91 131
91 132
91 134
91 145
91 147
91 148
91 152
91 153
91 154
91 156
91 157
91 160
91 165
91 107
91 111
91 115
91 128
91 138
91 141
91 143
91 159
91 162
91 167
92 93
92 94
92 101
92 108
92 111
92 115
92 119
92 120
92 121
92 123
92 128
92 129
92 145
92 148
92 152
92 154
92 155
92 157
92 159
92 160
92 162
92 164
92 166
92 95
92 98
92 99
92 102
92 104
92 109
92 117
92 118
92 125
92 127
92 132
92 141
92 156
92 167
92 168
93 94
93 95
93 98
93 99
93 100
93 105
93 107
93 108
93 110
93 117
93 118
93 121
93 122
93 129
93 130
93 131
93 137
93 138
93 140
93 141
93 143
93 145
93 146
93 148
93 154
93 155
93 157
93 165
93 96
93 97
93 104
93 111
93 114
93 119
93 120
93 127
93 134
93 135
93 142
93 144
93 147
93 149
93 153
93 158
93 160
93 161
93 162
93 163
93 166
93 169
94 95
94 103
94 104
94 108
94 113
94 118
94 119
94 120
94 125
94 132
94 135
94 138
94 140
94 141
94 155
94 161
94 165
94 96
94 99
94 110
94 111
94 121
94 123
94 124
94 126
94 130
94 131
94 137
94 145
94 148
94 152
94 153
94 156
94 158
94 159
94 160
94 162
94 164
95 98
95 102
95 104
95 107
95 119
95 122
95 123
95 127
95 128
95 136
95 139
95 142
95 144
95 145
95 147
95 150
95 156
95 157
95 168
95 96
95 100
95 101
95 110
95 116
95 117
95 121
95 126
95 130
95 131
95 133
95 138
95 143
95 146
95 149
95 153
95 154
95 159
95 162
95 165
96 105
96 106
96 107
96 108
96 109
96 114
96 117
96 120
96 121
96 134
96 138
96 139
96 140
96 149
96 150
96 152
96 153
96 154
96 155
96 157
96 161
96 163
96 165
96 167
96 169
96 99
96 110
96 112
96 123
96 126
96 127
96 130
96 131
96 132
96 142
96 145
96 146
96 148
96 160
96 162
96 164
96 166
97 98
97 106
97 107
97 108
97 114
97 115
97 116
97 123
97 130
97 131
97 132
97 133
97 136
97 147
97 149
97 150
97 151
97 155
97 161
97 163
97 166
97 169
97 99
97 103
97 104
97 113
97 118
97 119
97 122
97 125
97 127
97 134
97 138
97 140
97 141
97 142
97 143
97 153
97 159
97 162
97 167
97 168
98 99
98 101
98 104
98 105
98 106
98 107
98 108
98 112
98 113
98 114
98 120
98 124
98 130
98 131
98 139
98 145
98 149
98 151
98 156
98 158
98 159
98 160
98 162
98 165
98 166
98 168
98 169
98 100
98 111
98 117
98 119
98 127
98 133
98 136
98 138
98 140
98 142
98 150
98 152
98 153
98 155
98 157
98 163
98 164
99 101
99 105
99 119
99 124
99 128
99 132
99 136
99 138
99 139
99 149
99 156
99 159
99 162
99 164
99 165
99 168
99 100
99 103
99 107
99 108
99 109
99 114
99 116
99 118
99 122
99 123
99 135
99 143
99 150
99 152
99 154
99 155
100 102
100 104
100 105
100 108
100 111
100 115
100 118
100 122
100 123
100 126
100 130
100 134
100 148
100 153
100 158
100 159
100 160
100 162
100 163
100 167
100 109
100 113
100 119
100 124
100 129
100 132
100 133
100 138
100 151
100 165
100 166
100 168
101 106
101 108
101 112
101 120
101 123
101 125
101 128
101 132
101 134
101 152
101 154
101 156
101 157
101 159
101 164
101 166
101 104
101 111
101 122
101 127
101 129
101 130
101 131
101 133
101 136
101 137
101 138
101 140
101 141
101 143
101 144
101 148
101 169
102 103
102 104
102 106
102 109
102 112
102 117
102 118
102 119
102 120
102 129
102 132
102 137
102 143
102 146
102 147
102 148
102 149
102 153
102 154
102 158
102 164
102 165
102 166
102 167
102 110
102 113
102 121
102 125
102 127
102 128
102 131
102 134
102 135
102 138
102 139
102 141
102 142
102 145
102 155
102 157
102 161
102 162
102 168
103 107
103 109
103 110
103 113
103 115
103 121
103 131
103 133
103 135
103 138
103 141
103 142
103 143
103 144
103 148
103 149
103 150
103 152
103 155
103 160
103 162
103 166
103 106
103 112
103 117
103 120
103 122
103 123
103 125
103 126
103 129
103 136
103 140
103 146
103 153
103 158
103 167
103 168
104 105
104 107
104 108
104 113
104 114
104 115
104 116
104 117
104 122
104 127
104 136
104 138
104 139
104 141
104 147
104 148
104 149
104 152
104 154
104 158
104 159
104 163
104 165
104 167
104 109
104 118
104 119
104 125
104 128
104 130
104 134
104 143
104 145
104 155
104 164
104 168
105 107
105 108
105 113
105 115
105 117
105 119
105 122
105 125
105 126
105 131
105 133
105 134
105 135
105 136
105 137
105 138
105 139
105 144
105 145
105 146
105 149
105 150
105 152
105 153
105 155
105 158
105 161
105 162
105 164
105 166
105 106
105 111
105 112
105 120
105 127
105 132
105 140
105 143
105 154
105 169
106 108
106 111
106 114
106 116
106 120
106 122
106 125
106 130
106 143
106 144
106 147
106 148
106 149
106 153
106 161
106 162
106 110
106 118
106 123
106 131
106 132
106 134
106 135
106 136
106 139
106 160
107 111
107 114
107 115
107 116
107 117
107 118
107 123
107 124
107 126
107 128
107 129
107 130
107 131
107 135
107 136
107 143
107 147
107 149
107 151
107 153
107 154
107 155
107 160
107 112
107 113
107 121
107 122
107 132
107 134
107 137
107 138
107 141
107 142
107 148
107 158
107 161
107 162
107 163
108 114
108 121
108 123
108 124
108 127
108 129
108 131
108 140
108 141
108 149
108 153
108 156
108 157
108 164
108 109
108 118
108 119
108 120
108 128
108 134
108 136
108 139
108 158
108 159
108 160
108 163
108 165
108 168
109 117
109 120
109 124
109 126
109 132
109 135
109 138
109 142
109 143
109 145
109 149
109 155
109 158
109 160
109 163
109 165
109 114
109 116
109 118
109 121
109 130
109 134
109 144
109 147
109 152
109 154
109 156
109 164
109 168
110 113
110 120
110 122
110 123
110 125
110 126
110 128
110 131
110 139
110 142
110 144
110 148
110 149
110 158
110 169
110 112
110 114
110 115
110 119
110 127
110 133
110 137
110 138
110 146
110 150
110 151
110 152
110 154
110 156
110 163
111 112
111 115
111 120
111 122
111 134
111 137
111 138
111 141
111 145
111 155
111 160
111 164
111 113
111 118
111 121
111 126
111 144
111 148
111 158
111 168
111 169
112 114
112 118
112 127
112 129
112 131
112 134
112 136
112 137
112 142
112 146
112 147
112 148
112 153
112 157
112 158
112 160
112 164
112 167
112 123
112 128
112 132
112 133
112 138
112 141
112 143
112 154
112 159
112 163
112 165
112 168
113 116
113 120
113 121
113 123
113 125
113 127
113 128
113 129
113 133
113 136
113 140
113 142
113 143
113 144
113 145
113 149
113 152
113 157
113 158
113 160
113 164
113 114
113 115
113 131
113 138
113 139
113 151
113 162
113 166
113 167
113 168
113 169
114 123
114 125
114 129
114 130
114 134
114 136
114 145
114 151
114 154
114 156
114 160
114 161
114 162
114 164
114 117
114 118
114 119
114 121
114 132
114 147
114 152
114 153
114 165
114 166
114 167
115 117
115 119
115 123
115 124
115 127
115 131
115 132
115 146
115 152
115 155
115 158
115 160
115 167
115 120
115 126
115 130
115 133
115 134
115 137
115 138
115 139
115 143
115 147
115 149
115 157
115 164
115 166
115 169
116 122
116 123
116 132
116 142
116 143
116 151
116 153
116 159
116 164
116 165
116 166
116 119
116 129
116 130
116 131
116 133
116 135
116 137
116 146
116 147
116 160
116 161
117 119
117 121
117 123
117 129
117 130
117 136
117 141
117 142
117 148
117 154
117 156
117 157
117 158
117 160
117 162
117 166
117 125
117 131
117 137
117 138
117 144
117 146
117 147
117 163
117 169
118 119
118 126
118 133
118 144
118 148
118 149
118 154
118 156
118 166
118 168
118 169
118 120
118 121
118 125
118 134
118 135
118 138
118 139
118 143
118 146
118 147
118 150
118 152
118 153
118 159
119 122
119 123
119 126
119 131
119 134
119 137
119 138
119 140
119 142
119 146
119 156
119 160
119 164
119 167
119 121
119 124
119 129
119 133
119 145
119 150
119 158
119 159
119 163
119 168
120 122
120 129
120 131
120 138
120 140
120 141
120 142
120 144
120 145
120 147
120 151
120 154
120 157
120 162
120 163
120 164
120 127
120 132
120 143
120 149
120 150
120 156
120 160
120 161
120 165
120 166
120 167
120 168
121 123
121 124
121 125
121 135
121 136
121 138
121 143
121 147
121 151
121 153
121 154
121 161
121 164
121 122
121 127
121 128
121 132
121 152
121 156
121 162
121 163
121 165
121 168
122 123
122 124
122 125
122 127
122 138
122 142
122 147
122 150
122 152
122 153
122 159
122 169
122 126
122 129
122 130
122 133
122 136
122 137
122 141
122 149
122 151
122 154
122 156
122 157
122 161
122 162
122 163
122 166
122 167
122 168
123 125
123 127
123 128
123 130
123 137
123 138
123 139
123 140
123 143
123 144
123 150
123 151
123 166
123 124
123 132
123 135
123 136
123 141
123 153
123 155
123 161
123 162
123 163
123 165
123 168
124 128
124 129
124 132
124 144
124 146
124 148
124 149
124 154
124 156
124 157
124 158
124 159
124 167
124 134
124 135
124 136
124 137
124 138
124 141
124 152
125 130
125 137
125 142
125 148
125 151
125 152
125 153
125 156
125 159
125 169
125 126
125 128
125 134
125 136
125 138
125 139
125 143
125 149
125 154
125 157
125 162
125 163
125 164
125 165
126 128
126 130
126 131
126 133
126 135
126 137
126 138
126 142
126 143
126 147
126 151
126 153
126 154
126 156
126 163
126 132
126 149
126 157
126 158
126 160
126 165
126 166
126 167
126 168
127 134
127 136
127 140
127 146
127 151
127 152
127 153
127 160
127 161
127 163
127 164
127 166
127 167
127 128
127 131
127 141
127 148
127 149
127 155
127 158
127 168
128 132
128 135
128 136
128 137
128 141
128 142
128 144
128 148
128 150
128 151
128 156
128 157
128 160
128 162
128 163
128 165
128 169
128 130
128 131
128 134
128 140
128 146
128 154
128 161
128 166
128 167
128 168
129 130
129 131
129 133
129 135
129 138
129 139
129 142
129 145
129 147
129 149
129 151
129 156
129 160
129 164
129 167
129 140
129 144
129 150
129 152
129 158
129 159
129 161
129 163
129 165
130 133
130 135
130 136
130 137
130 139
130 143
130 144
130 145
130 146
130 151
130 154
130 155
130 162
130 164
130 140
130 142
130 147
130 163
130 165
130 167
130 169
131 133
131 141
131 143
131 145
131 147
131 153
131 154
131 159
131 161
131 162
131 166
131 168
131 169
131 132
131 135
131 136
131 138
131 140
131 144
131 146
131 150
131 155
131 156
131 163
131 165
132 139
132 140
132 141
132 143
132 146
132 148
132 150
132 154
132 159
132 166
132 168
132 133
132 138
132 144
132 153
132 155
132 156
132 157
132 158
132 162
132 169
133 135
133 136
133 138
133 140
133 142
133 148
133 152
133 156
133 158
133 160
133 163
133 166
133 168
133 146
133 150
133 151
133 153
133 154
133 161
133 162
134 135
134 138
134 141
134 142
134 145
134 149
134 150
134 159
134 162
134 163
134 164
134 169
134 143
134 148
134 152
134 156
134 160
134 167
134 168
135 136
135 138
135 140
135 141
135 143
135 144
135 151
135 155
135 160
135 162
135 165
135 166
135 150
135 153
135 161
135 163
136 140
136 146
136 149
136 154
136 155
136 158
136 159
136 160
136 161
136 162
136 165
136 141
136 143
136 145
136 163
136 167
136 168
137 139
137 140
137 141
137 146
137 147
137 148
137 149
137 150
137 155
137 156
137 157
137 162
137 166
137 167
137 152
137 154
137 159
137 160
137 169
138 139
138 146
138 152
138 156
138 161
138 162
138 163
138 165
138 143
138 147
138 148
138 149
138 150
138 158
138 169
139 141
139 142
139 145
139 147
139 148
139 151
139 152
139 153
139 154
139 159
139 161
139 162
139 166
139 146
139 156
139 157
139 158
139 160
139 169
140 143
140 144
140 147
140 148
140 150
140 152
140 154
140 161
140 166
140 168
140 153
140 156
140 157
140 160
140 165
140 167
141 145
141 151
141 158
141 160
141 165
141 167
141 168
141 169
141 142
141 146
141 149
141 150
141 152
141 153
141 162
141 164
142 145
142 155
142 156
142 164
142 143
142 144
142 147
142 148
142 152
142 157
142 159
142 161
142 168
142 169
143 147
143 151
143 154
143 156
143 157
143 160
143 161
143 164
143 167
143 168
143 169
143 144
143 145
143 158
143 163
143 166
144 147
144 151
144 153
144 158
144 161
144 162
144 163
144 167
144 145
144 146
144 149
144 154
144 164
144 166
145 148
145 152
145 155
145 162
145 166
145 168
145 169
145 147
145 167
146 150
146 156
146 160
146 169
146 147
146 151
146 153
146 155
146 162
146 163
146 167
147 154
147 156
147 157
147 161
147 164
147 166
147 148
147 149
147 150
147 153
147 155
147 162
147 167
148 152
148 153
148 155
148 156
148 161
148 162
148 150
148 151
148 157
148 158
148 164
148 169
149 153
149 156
149 158
149 160
149 164
149 169
149 161
149 166
149 167
150 152
150 158
150 162
150 163
150 166
150 169
150 159
150 160
150 161
151 153
151 156
151 157
151 160
151 161
151 152
151 158
151 163
151 164
151 166
151 168
152 154
152 159
152 164
152 165
152 167
152 169
152 168
153 156
153 158
153 159
153 161
153 163
153 166
153 154
153 155
153 160
153 167
154 157
154 165
154 161
154 163
154 169
155 158
155 159
155 162
155 164
155 166
155 168
155 160
155 165
156 163
156 165
156 166
156 167
156 168
156 159
156 161
156 162
156 164
157 161
157 162
157 164
157 169
157 160
158 164
158 165
158 167
158 169
159 160
159 164
159 166
159 163
159 165
159 169
160 161
160 163
160 165
160 167
161 167
162 163
162 166
162 167
162 164
162 168
162 169
163 169
163 166
164 168
164 169
164 167
165 167
165 169
166 168
166 169
