9950
0 3
0 4
0 5
0 8
0 9
0 10
0 13
0 15
0 16
0 17
0 18
0 19
0 20
0 21
0 23
0 24
0 25
0 26
0 27
0 28
0 30
0 31
0 33
0 34
0 35
0 36
0 37
0 38
0 40
0 44
0 45
0 46
0 47
0 49
0 50
0 54
0 55
0 58
0 60
0 61
0 63
0 66
0 68
0 70
0 72
0 73
0 74
0 75
0 78
0 79
0 80
0 81
0 84
0 85
0 87
0 89
0 90
0 91
0 92
0 94
0 96
0 100
0 101
0 102
0 103
0 104
0 105
0 106
0 110
0 112
0 119
0 120
0 122
0 126
0 129
0 130
0 131
0 132
0 133
0 137
0 139
0 140
0 145
0 147
0 150
0 151
0 153
0 156
0 157
0 159
0 160
0 161
0 162
0 163
0 166
0 168
0 169
0 170
0 171
0 175
0 177
0 180
0 182
0 183
0 184
0 186
0 187
0 188
0 190
0 191
0 192
0 193
0 194
0 195
0 196
0 197
0 198
0 199
1 2
1 5
1 6
1 9
1 10
1 11
1 12
1 13
1 15
1 16
1 21
1 23
1 24
1 26
1 28
1 29
1 31
1 32
1 33
1 34
1 36
1 37
1 38
1 40
1 41
1 43
1 48
1 49
1 50
1 52
1 57
1 59
1 61
1 62
1 63
1 65
1 67
1 69
1 70
1 71
1 74
1 76
1 78
1 80
1 81
1 83
1 84
1 85
1 86
1 88
1 89
1 90
1 91
1 92
1 93
1 94
1 95
1 97
1 98
1 100
1 101
1 104
1 109
1 110
1 111
1 113
1 116
1 119
1 122
1 123
1 124
1 125
1 127
1 128
1 129
1 131
1 133
1 135
1 136
1 137
1 139
1 141
1 143
1 144
1 145
1 146
1 151
1 152
1 154
1 156
1 157
1 159
1 160
1 162
1 163
1 164
1 167
1 168
1 169
1 170
1 171
1 172
1 173
1 175
1 177
1 178
1 183
1 187
1 188
1 190
1 192
1 193
1 194
1 195
1 198
1 199
2 4
2 7
2 8
2 9
2 12
2 13
2 14
2 16
2 18
2 19
2 20
2 21
2 24
2 26
2 28
2 29
2 33
2 34
2 35
2 37
2 38
2 43
2 44
2 46
2 47
2 48
2 49
2 50
2 52
2 54
2 55
2 58
2 59
2 60
2 62
2 65
2 68
2 69
2 70
2 72
2 73
2 75
2 76
2 77
2 78
2 81
2 82
2 83
2 85
2 86
2 88
2 89
2 90
2 92
2 93
2 94
2 95
2 96
2 98
2 101
2 102
2 103
2 108
2 110
2 111
2 112
2 114
2 115
2 116
2 119
2 120
2 121
2 123
2 124
2 129
2 130
2 132
2 133
2 134
2 136
2 137
2 138
2 139
2 140
2 141
2 143
2 145
2 146
2 147
2 148
2 149
2 151
2 152
2 153
2 154
2 156
2 157
2 159
2 164
2 166
2 167
2 168
2 169
2 170
2 174
2 178
2 179
2 180
2 181
2 185
2 186
2 187
2 188
2 189
2 190
2 191
2 192
2 193
2 194
2 197
2 199
3 4
3 5
3 7
3 9
3 12
3 14
3 15
3 16
3 17
3 20
3 21
3 22
3 24
3 25
3 26
3 27
3 28
3 30
3 31
3 32
3 33
3 35
3 36
3 37
3 38
3 39
3 43
3 44
3 46
3 47
3 48
3 50
3 51
3 53
3 54
3 56
3 58
3 59
3 62
3 63
3 68
3 69
3 71
3 73
3 74
3 77
3 78
3 79
3 80
3 82
3 84
3 85
3 86
3 89
3 90
3 91
3 92
3 93
3 94
3 95
3 96
3 97
3 99
3 100
3 102
3 105
3 106
3 109
3 111
3 113
3 114
3 115
3 116
3 117
3 118
3 119
3 123
3 124
3 125
3 128
3 129
3 132
3 134
3 135
3 138
3 139
3 141
3 142
3 147
3 148
3 149
3 151
3 152
3 153
3 154
3 156
3 157
3 158
3 159
3 161
3 164
3 165
3 166
3 167
3 168
3 169
3 170
3 171
3 172
3 174
3 176
3 177
3 178
3 179
3 180
3 182
3 183
3 186
3 187
3 188
3 190
3 191
3 193
3 194
3 195
3 196
3 197
3 198
3 199
4 6
4 7
4 9
4 11
4 13
4 14
4 15
4 17
4 18
4 19
4 21
4 22
4 24
4 26
4 27
4 28
4 29
4 30
4 32
4 33
4 35
4 36
4 37
4 38
4 39
4 40
4 43
4 44
4 45
4 46
4 48
4 50
4 53
4 54
4 55
4 57
4 58
4 59
4 62
4 65
4 66
4 67
4 71
4 72
4 73
4 74
4 75
4 77
4 78
4 79
4 84
4 85
4 86
4 91
4 92
4 96
4 99
4 100
4 101
4 102
4 103
4 105
4 107
4 109
4 110
4 111
4 112
4 114
4 116
4 117
4 118
4 121
4 122
4 123
4 124
4 126
4 129
4 130
4 131
4 132
4 133
4 138
4 139
4 140
4 142
4 143
4 144
4 145
4 146
4 147
4 151
4 154
4 155
4 156
4 157
4 161
4 165
4 167
4 168
4 169
4 172
4 173
4 174
4 175
4 176
4 178
4 179
4 180
4 182
4 185
4 186
4 187
4 188
4 190
4 192
4 194
4 196
4 199
5 7
5 9
5 10
5 11
5 12
5 13
5 14
5 16
5 17
5 19
5 21
5 22
5 25
5 27
5 28
5 32
5 33
5 35
5 36
5 37
5 39
5 41
5 44
5 45
5 46
5 52
5 53
5 54
5 55
5 56
5 57
5 58
5 59
5 60
5 63
5 64
5 65
5 66
5 67
5 69
5 70
5 73
5 74
5 75
5 76
5 77
5 79
5 80
5 82
5 83
5 84
5 86
5 88
5 91
5 94
5 95
5 96
5 97
5 98
5 100
5 102
5 103
5 104
5 107
5 108
5 110
5 112
5 114
5 115
5 116
5 117
5 118
5 120
5 121
5 122
5 123
5 125
5 127
5 128
5 131
5 132
5 133
5 134
5 135
5 136
5 137
5 138
5 142
5 143
5 144
5 146
5 147
5 148
5 149
5 150
5 152
5 153
5 154
5 155
5 158
5 160
5 162
5 164
5 167
5 170
5 171
5 172
5 173
5 174
5 176
5 178
5 181
5 184
5 185
5 187
5 188
5 189
5 190
5 191
5 193
5 194
5 196
5 198
6 7
6 8
6 10
6 12
6 15
6 16
6 18
6 19
6 21
6 22
6 26
6 27
6 29
6 30
6 31
6 32
6 33
6 35
6 36
6 37
6 39
6 41
6 43
6 47
6 49
6 50
6 51
6 52
6 53
6 54
6 57
6 58
6 60
6 61
6 63
6 64
6 65
6 66
6 67
6 68
6 69
6 72
6 73
6 74
6 75
6 77
6 78
6 80
6 81
6 84
6 85
6 86
6 87
6 90
6 92
6 94
6 95
6 97
6 98
6 103
6 105
6 107
6 110
6 111
6 112
6 114
6 115
6 116
6 117
6 118
6 119
6 120
6 121
6 123
6 126
6 130
6 131
6 134
6 138
6 139
6 141
6 148
6 152
6 153
6 155
6 156
6 157
6 161
6 163
6 164
6 165
6 169
6 170
6 173
6 176
6 177
6 179
6 180
6 181
6 184
6 186
6 187
6 189
6 191
6 192
6 194
6 195
6 196
6 197
7 8
7 9
7 10
7 11
7 12
7 13
7 14
7 16
7 18
7 19
7 20
7 22
7 23
7 24
7 26
7 27
7 28
7 29
7 30
7 32
7 35
7 39
7 40
7 41
7 42
7 43
7 46
7 48
7 49
7 53
7 54
7 60
7 62
7 63
7 66
7 68
7 69
7 71
7 72
7 75
7 76
7 77
7 78
7 79
7 81
7 86
7 87
7 88
7 89
7 90
7 91
7 93
7 94
7 97
7 98
7 99
7 100
7 101
7 102
7 103
7 104
7 106
7 107
7 109
7 110
7 113
7 116
7 117
7 118
7 121
7 122
7 124
7 131
7 132
7 133
7 135
7 136
7 139
7 140
7 152
7 154
7 156
7 157
7 158
7 159
7 160
7 161
7 162
7 163
7 164
7 165
7 166
7 171
7 172
7 175
7 176
7 178
7 179
7 180
7 181
7 182
7 183
7 185
7 186
7 187
7 188
7 189
7 190
7 193
7 194
7 195
7 197
7 199
8 9
8 10
8 11
8 12
8 13
8 14
8 20
8 21
8 26
8 28
8 29
8 30
8 31
8 32
8 34
8 37
8 41
8 42
8 43
8 44
8 46
8 47
8 48
8 50
8 53
8 54
8 55
8 56
8 57
8 58
8 60
8 61
8 64
8 65
8 68
8 69
8 72
8 74
8 76
8 77
8 78
8 79
8 80
8 81
8 82
8 84
8 86
8 87
8 91
8 92
8 93
8 101
8 102
8 103
8 104
8 105
8 107
8 108
8 109
8 113
8 114
8 115
8 117
8 120
8 121
8 122
8 125
8 126
8 129
8 131
8 132
8 135
8 136
8 137
8 139
8 140
8 142
8 143
8 146
8 149
8 151
8 152
8 153
8 155
8 156
8 157
8 158
8 160
8 162
8 163
8 165
8 168
8 170
8 172
8 173
8 175
8 176
8 177
8 179
8 182
8 183
8 184
8 185
8 189
8 191
8 192
8 194
8 196
8 197
8 199
9 11
9 12
9 13
9 14
9 16
9 17
9 22
9 23
9 24
9 25
9 26
9 27
9 28
9 29
9 30
9 33
9 39
9 40
9 41
9 42
9 43
9 44
9 47
9 48
9 49
9 51
9 52
9 53
9 54
9 56
9 57
9 58
9 61
9 65
9 66
9 68
9 69
9 71
9 72
9 73
9 75
9 77
9 78
9 79
9 80
9 83
9 84
9 85
9 87
9 91
9 92
9 93
9 97
9 99
9 100
9 104
9 106
9 107
9 108
9 109
9 110
9 113
9 115
9 117
9 118
9 119
9 121
9 122
9 124
9 125
9 126
9 129
9 130
9 133
9 136
9 142
9 144
9 145
9 146
9 147
9 148
9 153
9 154
9 155
9 156
9 157
9 158
9 159
9 163
9 164
9 167
9 169
9 170
9 171
9 172
9 173
9 176
9 177
9 178
9 179
9 181
9 182
9 183
9 184
9 185
9 186
9 189
9 193
9 196
9 199
10 11
10 13
10 15
10 16
10 17
10 18
10 21
10 23
10 24
10 26
10 28
10 30
10 31
10 33
10 34
10 35
10 41
10 42
10 43
10 44
10 46
10 47
10 48
10 52
10 53
10 57
10 58
10 60
10 62
10 63
10 64
10 65
10 67
10 68
10 69
10 70
10 73
10 74
10 76
10 77
10 78
10 80
10 83
10 84
10 85
10 86
10 88
10 89
10 93
10 94
10 95
10 96
10 97
10 98
10 99
10 103
10 105
10 106
10 107
10 109
10 111
10 112
10 113
10 114
10 115
10 116
10 117
10 118
10 120
10 121
10 122
10 124
10 128
10 129
10 130
10 131
10 133
10 134
10 135
10 136
10 137
10 138
10 139
10 146
10 147
10 148
10 149
10 153
10 155
10 158
10 160
10 161
10 163
10 165
10 166
10 167
10 169
10 170
10 171
10 172
10 174
10 175
10 176
10 177
10 179
10 181
10 183
10 185
10 186
10 188
10 189
10 195
10 196
10 197
10 199
11 12
11 13
11 14
11 15
11 16
11 17
11 20
11 21
11 23
11 25
11 28
11 31
11 33
11 34
11 36
11 37
11 38
11 40
11 42
11 44
11 46
11 48
11 50
11 51
11 52
11 54
11 55
11 56
11 57
11 58
11 60
11 62
11 63
11 64
11 65
11 67
11 68
11 69
11 70
11 71
11 72
11 73
11 75
11 76
11 78
11 79
11 81
11 84
11 85
11 86
11 88
11 90
11 92
11 93
11 97
11 100
11 101
11 103
11 107
11 108
11 111
11 112
11 113
11 114
11 115
11 118
11 121
11 122
11 131
11 132
11 134
11 136
11 137
11 139
11 140
11 141
11 145
11 146
11 147
11 148
11 149
11 150
11 151
11 153
11 154
11 155
11 156
11 157
11 158
11 161
11 165
11 166
11 168
11 169
11 170
11 171
11 172
11 173
11 174
11 175
11 176
11 178
11 180
11 182
11 183
11 184
11 186
11 192
11 195
11 196
11 197
11 198
12 13
12 14
12 15
12 17
12 18
12 19
12 20
12 21
12 23
12 24
12 26
12 27
12 28
12 29
12 30
12 32
12 33
12 34
12 37
12 38
12 41
12 43
12 45
12 46
12 47
12 48
12 49
12 50
12 51
12 52
12 54
12 55
12 58
12 59
12 60
12 62
12 63
12 64
12 65
12 66
12 67
12 68
12 69
12 70
12 71
12 74
12 76
12 77
12 78
12 79
12 80
12 82
12 83
12 84
12 87
12 88
12 89
12 90
12 93
12 94
12 95
12 96
12 97
12 99
12 100
12 101
12 103
12 105
12 106
12 107
12 109
12 110
12 111
12 113
12 114
12 115
12 117
12 118
12 120
12 121
12 122
12 123
12 124
12 126
12 127
12 128
12 131
12 132
12 135
12 136
12 137
12 138
12 140
12 141
12 142
12 144
12 145
12 146
12 147
12 149
12 150
12 151
12 153
12 154
12 156
12 160
12 163
12 164
12 166
12 168
12 169
12 170
12 172
12 173
12 175
12 176
12 177
12 180
12 186
12 188
12 193
12 194
12 198
13 15
13 16
13 18
13 19
13 20
13 21
13 23
13 24
13 25
13 26
13 27
13 28
13 29
13 31
13 32
13 33
13 35
13 36
13 38
13 40
13 41
13 42
13 43
13 47
13 50
13 51
13 52
13 53
13 54
13 55
13 56
13 60
13 61
13 62
13 63
13 64
13 65
13 66
13 67
13 68
13 69
13 70
13 71
13 73
13 74
13 76
13 79
13 83
13 86
13 87
13 89
13 90
13 91
13 92
13 93
13 95
13 96
13 98
13 100
13 102
13 105
13 107
13 108
13 109
13 110
13 111
13 112
13 114
13 116
13 121
13 122
13 123
13 125
13 126
13 129
13 134
13 136
13 137
13 141
13 142
13 143
13 144
13 147
13 148
13 149
13 150
13 151
13 154
13 155
13 156
13 159
13 161
13 162
13 164
13 165
13 166
13 167
13 169
13 170
13 173
13 174
13 175
13 179
13 183
13 185
13 186
13 187
13 188
13 189
13 191
13 194
13 197
13 198
13 199
14 15
14 16
14 18
14 22
14 23
14 24
14 25
14 26
14 27
14 28
14 29
14 32
14 34
14 35
14 36
14 37
14 39
14 40
14 41
14 45
14 46
14 47
14 48
14 49
14 50
14 51
14 54
14 55
14 56
14 57
14 60
14 62
14 63
14 64
14 65
14 69
14 71
14 72
14 73
14 75
14 76
14 78
14 79
14 80
14 82
14 83
14 89
14 91
14 93
14 96
14 97
14 98
14 100
14 102
14 106
14 107
14 108
14 109
14 110
14 114
14 115
14 116
14 117
14 118
14 119
14 120
14 125
14 126
14 127
14 130
14 131
14 132
14 133
14 134
14 135
14 136
14 137
14 138
14 139
14 140
14 141
14 144
14 145
14 150
14 152
14 156
14 157
14 158
14 159
14 161
14 162
14 163
14 164
14 166
14 169
14 170
14 173
14 174
14 176
14 177
14 182
14 183
14 185
14 186
14 189
14 190
14 192
14 194
14 195
14 196
14 197
14 198
14 199
15 20
15 21
15 22
15 23
15 24
15 26
15 28
15 29
15 31
15 32
15 33
15 35
15 36
15 37
15 38
15 41
15 42
15 44
15 45
15 46
15 48
15 49
15 50
15 51
15 52
15 53
15 55
15 56
15 57
15 58
15 59
15 62
15 63
15 65
15 66
15 67
15 68
15 69
15 71
15 72
15 73
15 76
15 77
15 79
15 80
15 84
15 85
15 86
15 87
15 89
15 90
15 91
15 92
15 93
15 94
15 95
15 96
15 97
15 101
15 102
15 103
15 105
15 108
15 109
15 111
15 112
15 113
15 114
15 116
15 117
15 119
15 120
15 121
15 122
15 123
15 125
15 126
15 128
15 130
15 131
15 132
15 133
15 137
15 138
15 139
15 140
15 141
15 142
15 144
15 147
15 149
15 150
15 151
15 152
15 153
15 154
15 156
15 158
15 159
15 160
15 165
15 167
15 168
15 170
15 171
15 172
15 173
15 176
15 178
15 179
15 180
15 181
15 182
15 184
15 185
15 188
15 189
15 193
15 195
15 197
15 198
16 17
16 19
16 21
16 25
16 26
16 29
16 30
16 32
16 33
16 34
16 35
16 37
16 38
16 41
16 42
16 44
16 46
16 48
16 49
16 50
16 52
16 53
16 54
16 55
16 56
16 57
16 60
16 61
16 62
16 63
16 65
16 66
16 67
16 68
16 73
16 74
16 78
16 80
16 81
16 82
16 83
16 84
16 86
16 87
16 89
16 90
16 93
16 94
16 95
16 97
16 98
16 99
16 100
16 102
16 103
16 106
16 108
16 109
16 110
16 113
16 118
16 119
16 124
16 125
16 126
16 127
16 128
16 129
16 130
16 131
16 133
16 134
16 140
16 142
16 145
16 146
16 147
16 148
16 150
16 151
16 153
16 154
16 155
16 158
16 160
16 162
16 163
16 166
16 167
16 169
16 170
16 172
16 174
16 176
16 177
16 178
16 179
16 180
16 181
16 183
16 184
16 190
16 193
16 196
16 198
17 18
17 20
17 26
17 27
17 29
17 30
17 32
17 33
17 34
17 36
17 37
17 39
17 44
17 45
17 46
17 47
17 49
17 52
17 54
17 55
17 56
17 57
17 58
17 60
17 63
17 64
17 66
17 67
17 69
17 70
17 71
17 72
17 76
17 77
17 78
17 80
17 82
17 83
17 84
17 85
17 86
17 89
17 91
17 92
17 94
17 95
17 96
17 98
17 102
17 104
17 105
17 106
17 107
17 108
17 112
17 115
17 116
17 119
17 120
17 121
17 122
17 125
17 126
17 127
17 128
17 136
17 138
17 139
17 142
17 144
17 145
17 147
17 148
17 152
17 153
17 155
17 156
17 158
17 159
17 160
17 162
17 163
17 164
17 165
17 167
17 168
17 169
17 171
17 173
17 174
17 176
17 178
17 179
17 184
17 186
17 188
17 189
17 193
17 194
17 195
17 196
17 197
17 199
18 19
18 20
18 21
18 26
18 27
18 30
18 31
18 33
18 34
18 36
18 37
18 38
18 39
18 40
18 41
18 43
18 45
18 48
18 49
18 50
18 51
18 53
18 55
18 56
18 57
18 58
18 61
18 62
18 63
18 65
18 69
18 70
18 72
18 73
18 75
18 76
18 78
18 79
18 81
18 82
18 84
18 85
18 88
18 89
18 90
18 91
18 93
18 94
18 95
18 96
18 98
18 102
18 103
18 104
18 105
18 106
18 107
18 108
18 110
18 111
18 112
18 113
18 114
18 116
18 119
18 120
18 121
18 123
18 127
18 128
18 129
18 133
18 134
18 135
18 136
18 137
18 138
18 139
18 141
18 142
18 143
18 144
18 145
18 147
18 149
18 150
18 153
18 155
18 156
18 158
18 161
18 163
18 166
18 170
18 172
18 174
18 176
18 177
18 179
18 180
18 181
18 182
18 184
18 185
18 186
18 189
18 190
18 191
18 192
18 193
18 195
18 198
18 199
19 20
19 21
19 23
19 24
19 26
19 27
19 29
19 30
19 32
19 33
19 34
19 35
19 36
19 38
19 39
19 40
19 42
19 43
19 44
19 46
19 47
19 48
19 50
19 54
19 55
19 56
19 57
19 59
19 60
19 61
19 62
19 63
19 64
19 65
19 68
19 69
19 70
19 72
19 75
19 79
19 80
19 81
19 85
19 88
19 89
19 90
19 91
19 93
19 95
19 97
19 98
19 100
19 102
19 110
19 111
19 112
19 113
19 114
19 116
19 120
19 121
19 124
19 128
19 129
19 132
19 134
19 135
19 136
19 139
19 140
19 141
19 143
19 145
19 148
19 150
19 152
19 153
19 155
19 156
19 157
19 158
19 159
19 160
19 161
19 162
19 163
19 164
19 165
19 167
19 168
19 169
19 170
19 171
19 174
19 175
19 176
19 177
19 179
19 182
19 183
19 184
19 186
19 187
19 188
19 189
19 193
19 194
19 195
20 21
20 22
20 23
20 24
20 25
20 27
20 28
20 29
20 31
20 33
20 34
20 36
20 37
20 38
20 41
20 42
20 43
20 44
20 45
20 47
20 49
20 50
20 52
20 53
20 55
20 56
20 59
20 62
20 65
20 66
20 70
20 71
20 73
20 74
20 75
20 76
20 77
20 79
20 80
20 81
20 82
20 84
20 86
20 88
20 91
20 95
20 98
20 99
20 100
20 101
20 103
20 104
20 105
20 108
20 109
20 112
20 118
20 120
20 121
20 123
20 128
20 129
20 130
20 131
20 134
20 135
20 136
20 138
20 140
20 141
20 142
20 144
20 145
20 146
20 147
20 148
20 149
20 151
20 153
20 155
20 156
20 157
20 158
20 159
20 160
20 161
20 162
20 164
20 167
20 171
20 172
20 173
20 175
20 178
20 179
20 180
20 181
20 183
20 185
20 186
20 187
20 188
20 192
20 194
20 195
20 198
21 22
21 24
21 25
21 26
21 28
21 29
21 31
21 32
21 34
21 35
21 37
21 38
21 39
21 40
21 43
21 44
21 46
21 47
21 49
21 50
21 52
21 53
21 54
21 55
21 56
21 57
21 58
21 60
21 61
21 62
21 63
21 64
21 66
21 67
21 68
21 71
21 72
21 73
21 74
21 79
21 80
21 81
21 83
21 89
21 90
21 91
21 92
21 96
21 97
21 98
21 99
21 103
21 106
21 107
21 108
21 110
21 111
21 113
21 114
21 116
21 117
21 120
21 121
21 123
21 125
21 127
21 132
21 134
21 136
21 138
21 139
21 140
21 141
21 142
21 146
21 147
21 148
21 150
21 151
21 153
21 155
21 156
21 157
21 159
21 160
21 161
21 163
21 164
21 167
21 168
21 169
21 170
21 171
21 173
21 174
21 175
21 177
21 178
21 179
21 181
21 184
21 185
21 187
21 188
21 191
21 194
21 195
21 199
22 23
22 24
22 25
22 27
22 31
22 35
22 37
22 38
22 39
22 41
22 43
22 44
22 45
22 47
22 48
22 51
22 53
22 54
22 57
22 59
22 60
22 61
22 62
22 63
22 64
22 67
22 69
22 71
22 72
22 73
22 75
22 76
22 77
22 78
22 79
22 82
22 85
22 87
22 88
22 89
22 90
22 91
22 95
22 97
22 98
22 99
22 101
22 102
22 106
22 108
22 109
22 113
22 115
22 117
22 118
22 119
22 120
22 125
22 126
22 128
22 130
22 131
22 132
22 133
22 134
22 135
22 137
22 138
22 139
22 140
22 142
22 145
22 147
22 148
22 149
22 151
22 152
22 157
22 158
22 159
22 160
22 161
22 162
22 164
22 166
22 167
22 168
22 169
22 170
22 172
22 173
22 174
22 176
22 177
22 178
22 179
22 180
22 181
22 182
22 184
22 185
22 187
22 188
22 189
22 191
22 192
22 193
22 196
22 197
22 199
23 26
23 27
23 29
23 30
23 32
23 33
23 36
23 38
23 39
23 40
23 41
23 42
23 44
23 45
23 47
23 48
23 50
23 54
23 55
23 56
23 57
23 59
23 61
23 63
23 64
23 66
23 67
23 69
23 74
23 75
23 76
23 77
23 78
23 79
23 81
23 82
23 84
23 86
23 87
23 88
23 90
23 91
23 93
23 94
23 95
23 96
23 98
23 99
23 101
23 102
23 103
23 104
23 106
23 113
23 114
23 116
23 117
23 118
23 119
23 120
23 122
23 125
23 126
23 127
23 129
23 131
23 132
23 134
23 135
23 136
23 139
23 143
23 149
23 153
23 154
23 155
23 157
23 160
23 161
23 163
23 164
23 165
23 167
23 168
23 169
23 170
23 171
23 172
23 173
23 174
23 176
23 179
23 182
23 185
23 187
23 189
23 190
23 192
23 193
23 194
23 195
23 198
23 199
24 25
24 27
24 30
24 33
24 34
24 36
24 37
24 38
24 39
24 40
24 41
24 43
24 44
24 45
24 47
24 48
24 49
24 51
24 54
24 55
24 56
24 58
24 60
24 61
24 63
24 68
24 70
24 75
24 76
24 77
24 79
24 82
24 83
24 90
24 93
24 94
24 95
24 96
24 99
24 100
24 101
24 103
24 105
24 108
24 109
24 110
24 112
24 113
24 114
24 115
24 116
24 117
24 118
24 119
24 121
24 122
24 123
24 125
24 129
24 131
24 132
24 133
24 135
24 137
24 139
24 140
24 141
24 142
24 144
24 145
24 146
24 148
24 149
24 150
24 151
24 152
24 153
24 154
24 156
24 157
24 158
24 162
24 163
24 167
24 171
24 173
24 174
24 177
24 178
24 179
24 180
24 181
24 184
24 185
24 186
24 187
24 188
24 189
24 190
24 191
24 192
24 193
24 194
24 195
24 196
24 197
24 198
24 199
25 28
25 29
25 34
25 35
25 38
25 39
25 40
25 41
25 42
25 44
25 46
25 48
25 50
25 52
25 53
25 54
25 55
25 58
25 61
25 62
25 63
25 64
25 65
25 67
25 69
25 70
25 72
25 73
25 74
25 76
25 78
25 79
25 80
25 81
25 82
25 83
25 85
25 86
25 87
25 88
25 90
25 91
25 92
25 93
25 95
25 97
25 99
25 103
25 104
25 105
25 108
25 109
25 110
25 114
25 115
25 119
25 121
25 122
25 126
25 127
25 129
25 130
25 133
25 134
25 136
25 137
25 138
25 139
25 140
25 141
25 144
25 147
25 148
25 149
25 151
25 153
25 154
25 156
25 159
25 160
25 162
25 166
25 168
25 169
25 170
25 171
25 172
25 174
25 175
25 177
25 178
25 180
25 184
25 185
25 187
25 188
25 190
25 191
25 192
25 194
25 195
25 198
26 29
26 30
26 31
26 33
26 34
26 35
26 36
26 37
26 42
26 45
26 46
26 47
26 50
26 51
26 52
26 53
26 55
26 56
26 60
26 61
26 63
26 64
26 65
26 66
26 67
26 69
26 71
26 73
26 74
26 75
26 76
26 77
26 79
26 81
26 82
26 83
26 84
26 86
26 87
26 89
26 90
26 92
26 93
26 94
26 96
26 98
26 99
26 102
26 104
26 105
26 106
26 108
26 109
26 110
26 113
26 118
26 119
26 121
26 122
26 125
26 127
26 128
26 130
26 131
26 136
26 139
26 141
26 142
26 143
26 144
26 145
26 147
26 148
26 150
26 151
26 152
26 154
26 155
26 157
26 159
26 160
26 161
26 163
26 165
26 166
26 167
26 169
26 171
26 172
26 173
26 174
26 175
26 177
26 178
26 179
26 180
26 181
26 183
26 184
26 186
26 187
26 191
26 195
26 196
27 28
27 29
27 33
27 35
27 36
27 40
27 45
27 46
27 49
27 50
27 52
27 53
27 54
27 55
27 57
27 59
27 60
27 61
27 63
27 64
27 65
27 66
27 70
27 72
27 73
27 74
27 75
27 76
27 77
27 78
27 79
27 80
27 82
27 83
27 84
27 86
27 88
27 89
27 90
27 92
27 93
27 96
27 99
27 100
27 101
27 102
27 108
27 111
27 113
27 114
27 115
27 116
27 118
27 119
27 120
27 121
27 122
27 124
27 131
27 132
27 136
27 137
27 138
27 139
27 141
27 142
27 143
27 144
27 145
27 146
27 147
27 150
27 151
27 152
27 153
27 155
27 157
27 160
27 162
27 164
27 166
27 167
27 168
27 170
27 172
27 174
27 175
27 176
27 181
27 183
27 184
27 185
27 188
27 190
27 193
27 194
27 195
27 196
27 197
27 198
28 32
28 34
28 35
28 37
28 38
28 39
28 40
28 41
28 42
28 45
28 48
28 50
28 51
28 53
28 54
28 55
28 56
28 58
28 59
28 61
28 62
28 63
28 64
28 65
28 66
28 67
28 69
28 71
28 72
28 74
28 76
28 78
28 80
28 85
28 86
28 87
28 88
28 89
28 91
28 94
28 97
28 98
28 99
28 101
28 102
28 108
28 109
28 111
28 112
28 113
28 114
28 115
28 117
28 119
28 120
28 121
28 123
28 125
28 126
28 127
28 128
28 133
28 134
28 135
28 138
28 140
28 141
28 142
28 143
28 144
28 146
28 147
28 148
28 149
28 150
28 153
28 154
28 155
28 157
28 163
28 164
28 166
28 167
28 169
28 170
28 171
28 174
28 175
28 177
28 178
28 179
28 183
28 184
28 186
28 187
28 188
28 189
28 191
28 193
28 195
28 196
28 199
29 31
29 32
29 33
29 34
29 39
29 40
29 41
29 42
29 43
29 44
29 46
29 47
29 49
29 51
29 52
29 53
29 54
29 55
29 59
29 61
29 62
29 63
29 64
29 67
29 68
29 69
29 71
29 74
29 76
29 77
29 78
29 81
29 82
29 83
29 84
29 85
29 87
29 88
29 89
29 90
29 91
29 95
29 96
29 97
29 99
29 101
29 103
29 104
29 105
29 106
29 111
29 116
29 120
29 121
29 125
29 127
29 128
29 129
29 131
29 132
29 133
29 136
29 138
29 139
29 141
29 147
29 149
29 151
29 153
29 154
29 156
29 157
29 159
29 160
29 161
29 162
29 163
29 166
29 167
29 168
29 171
29 173
29 174
29 178
29 179
29 181
29 184
29 185
29 186
29 189
29 190
29 192
29 194
29 195
29 198
29 199
30 31
30 32
30 34
30 37
30 39
30 40
30 41
30 44
30 45
30 47
30 49
30 50
30 51
30 52
30 54
30 59
30 60
30 63
30 64
30 66
30 67
30 69
30 71
30 72
30 75
30 76
30 77
30 78
30 79
30 80
30 81
30 83
30 84
30 86
30 87
30 88
30 91
30 93
30 94
30 96
30 100
30 101
30 102
30 103
30 104
30 107
30 108
30 110
30 111
30 112
30 115
30 116
30 119
30 123
30 125
30 126
30 127
30 130
30 131
30 132
30 133
30 134
30 137
30 139
30 140
30 142
30 143
30 145
30 146
30 148
30 150
30 151
30 152
30 154
30 155
30 157
30 158
30 160
30 161
30 163
30 166
30 169
30 171
30 172
30 178
30 180
30 183
30 185
30 186
30 187
30 188
30 189
30 190
30 192
30 195
30 196
30 197
30 198
30 199
31 32
31 34
31 35
31 36
31 38
31 39
31 40
31 43
31 44
31 45
31 46
31 48
31 51
31 52
31 55
31 59
31 60
31 61
31 64
31 65
31 67
31 68
31 69
31 70
31 71
31 72
31 74
31 75
31 76
31 82
31 84
31 85
31 86
31 88
31 89
31 92
31 93
31 95
31 96
31 97
31 98
31 100
31 101
31 103
31 104
31 105
31 106
31 107
31 109
31 110
31 111
31 112
31 116
31 117
31 118
31 119
31 120
31 121
31 122
31 123
31 124
31 125
31 126
31 127
31 131
31 132
31 134
31 135
31 136
31 137
31 138
31 140
31 142
31 144
31 145
31 147
31 149
31 152
31 153
31 155
31 156
31 157
31 158
31 159
31 167
31 168
31 169
31 170
31 177
31 178
31 180
31 181
31 182
31 183
31 184
31 185
31 186
31 187
31 188
31 189
31 190
31 192
31 194
31 196
31 199
32 33
32 34
32 35
32 39
32 41
32 42
32 43
32 44
32 49
32 51
32 54
32 56
32 57
32 58
32 61
32 65
32 66
32 67
32 68
32 69
32 72
32 74
32 75
32 78
32 80
32 81
32 85
32 86
32 87
32 93
32 95
32 97
32 99
32 100
32 104
32 105
32 106
32 108
32 110
32 111
32 114
32 116
32 117
32 119
32 121
32 122
32 125
32 126
32 127
32 128
32 130
32 131
32 132
32 133
32 134
32 135
32 136
32 138
32 139
32 140
32 142
32 143
32 145
32 147
32 148
32 150
32 151
32 153
32 154
32 156
32 157
32 158
32 159
32 162
32 164
32 165
32 166
32 167
32 169
32 170
32 173
32 174
32 175
32 176
32 177
32 178
32 180
32 181
32 183
32 184
32 186
32 187
32 189
32 190
32 191
32 193
32 198
33 34
33 35
33 36
33 37
33 38
33 39
33 42
33 44
33 45
33 46
33 47
33 49
33 50
33 51
33 53
33 54
33 55
33 56
33 57
33 60
33 61
33 65
33 66
33 67
33 70
33 71
33 72
33 73
33 76
33 77
33 78
33 79
33 81
33 82
33 84
33 85
33 87
33 88
33 89
33 90
33 92
33 93
33 95
33 96
33 97
33 98
33 99
33 100
33 103
33 106
33 109
33 110
33 112
33 114
33 115
33 117
33 120
33 124
33 125
33 127
33 128
33 129
33 131
33 132
33 133
33 135
33 136
33 138
33 139
33 140
33 141
33 144
33 145
33 146
33 147
33 150
33 151
33 152
33 154
33 155
33 156
33 158
33 160
33 162
33 164
33 165
33 167
33 170
33 171
33 172
33 174
33 175
33 177
33 179
33 182
33 183
33 184
33 187
33 189
33 191
33 192
33 193
33 195
33 196
33 197
34 37
34 40
34 41
34 45
34 49
34 51
34 52
34 53
34 54
34 55
34 56
34 57
34 58
34 59
34 60
34 62
34 63
34 64
34 66
34 67
34 68
34 69
34 71
34 73
34 74
34 77
34 79
34 81
34 83
34 84
34 86
34 87
34 89
34 90
34 91
34 92
34 95
34 96
34 97
34 98
34 99
34 103
34 104
34 106
34 107
34 109
34 110
34 111
34 112
34 113
34 114
34 119
34 121
34 122
34 123
34 124
34 128
34 130
34 134
34 136
34 137
34 138
34 139
34 140
34 143
34 144
34 150
34 151
34 152
34 154
34 155
34 156
34 158
34 159
34 160
34 161
34 163
34 164
34 165
34 166
34 167
34 171
34 172
34 174
34 176
34 177
34 178
34 179
34 181
34 183
34 184
34 189
34 190
34 191
34 193
34 194
34 195
35 38
35 40
35 41
35 42
35 43
35 44
35 46
35 48
35 51
35 54
35 55
35 56
35 60
35 63
35 64
35 65
35 67
35 68
35 69
35 70
35 71
35 72
35 75
35 76
35 80
35 81
35 82
35 83
35 84
35 85
35 89
35 90
35 92
35 93
35 94
35 95
35 98
35 99
35 102
35 103
35 104
35 105
35 107
35 110
35 111
35 114
35 116
35 117
35 122
35 125
35 126
35 127
35 129
35 132
35 133
35 137
35 138
35 140
35 141
35 143
35 144
35 148
35 149
35 151
35 152
35 153
35 155
35 156
35 157
35 159
35 160
35 161
35 162
35 163
35 165
35 166
35 170
35 171
35 173
35 174
35 175
35 176
35 177
35 178
35 180
35 181
35 182
35 183
35 188
35 189
35 192
35 193
35 197
35 198
35 199
36 37
36 39
36 43
36 45
36 46
36 47
36 50
36 52
36 54
36 55
36 56
36 57
36 59
36 61
36 62
36 65
36 67
36 70
36 71
36 74
36 77
36 78
36 79
36 81
36 82
36 85
36 86
36 88
36 89
36 91
36 92
36 93
36 94
36 96
36 97
36 99
36 100
36 101
36 103
36 104
36 105
36 108
36 109
36 110
36 112
36 113
36 114
36 115
36 116
36 117
36 118
36 120
36 123
36 125
36 127
36 128
36 129
36 132
36 133
36 134
36 136
36 137
36 138
36 139
36 140
36 141
36 146
36 148
36 149
36 150
36 151
36 152
36 154
36 156
36 157
36 159
36 161
36 162
36 166
36 167
36 168
36 170
36 172
36 175
36 177
36 179
36 181
36 182
36 183
36 184
36 185
36 187
36 188
36 189
36 193
36 195
36 196
36 197
37 39
37 41
37 43
37 44
37 45
37 48
37 50
37 51
37 56
37 58
37 59
37 60
37 61
37 62
37 64
37 67
37 68
37 72
37 74
37 75
37 78
37 79
37 80
37 81
37 85
37 90
37 91
37 92
37 93
37 94
37 96
37 97
37 98
37 100
37 101
37 103
37 105
37 106
37 110
37 111
37 114
37 115
37 118
37 121
37 122
37 123
37 125
37 126
37 129
37 130
37 131
37 132
37 135
37 136
37 137
37 138
37 140
37 142
37 143
37 144
37 145
37 146
37 148
37 155
37 159
37 160
37 161
37 165
37 169
37 170
37 172
37 173
37 174
37 181
37 182
37 184
37 185
37 186
37 189
37 191
37 193
37 194
37 195
37 197
37 198
38 39
38 40
38 43
38 44
38 45
38 46
38 47
38 49
38 50
38 54
38 56
38 57
38 61
38 62
38 64
38 67
38 68
38 70
38 73
38 74
38 76
38 77
38 79
38 80
38 81
38 82
38 83
38 84
38 85
38 86
38 87
38 89
38 90
38 91
38 92
38 95
38 96
38 99
38 100
38 101
38 103
38 105
38 107
38 109
38 110
38 112
38 115
38 117
38 118
38 121
38 126
38 131
38 137
38 138
38 140
38 141
38 143
38 144
38 146
38 148
38 149
38 150
38 151
38 152
38 153
38 155
38 156
38 157
38 158
38 159
38 162
38 163
38 164
38 168
38 169
38 170
38 175
38 176
38 177
38 178
38 182
38 187
38 188
38 189
38 191
38 192
38 194
38 195
38 196
38 198
38 199
39 40
39 42
39 43
39 44
39 45
39 51
39 52
39 53
39 54
39 55
39 56
39 57
39 58
39 59
39 60
39 64
39 65
39 68
39 70
39 71
39 72
39 75
39 76
39 79
39 83
39 84
39 85
39 86
39 88
39 90
39 91
39 92
39 94
39 96
39 97
39 99
39 103
39 104
39 106
39 107
39 108
39 109
39 113
39 115
39 116
39 123
39 124
39 126
39 127
39 128
39 130
39 131
39 132
39 133
39 135
39 137
39 138
39 141
39 142
39 144
39 145
39 146
39 147
39 148
39 150
39 151
39 156
39 159
39 160
39 162
39 163
39 164
39 166
39 167
39 171
39 172
39 175
39 176
39 179
39 180
39 181
39 182
39 183
39 184
39 186
39 187
39 188
39 190
39 191
39 192
39 196
39 197
39 198
39 199
40 42
40 47
40 48
40 49
40 50
40 51
40 58
40 59
40 60
40 61
40 64
40 65
40 67
40 68
40 69
40 70
40 71
40 73
40 74
40 76
40 77
40 78
40 82
40 83
40 84
40 87
40 90
40 92
40 94
40 95
40 99
40 100
40 102
40 103
40 104
40 105
40 106
40 107
40 108
40 111
40 112
40 114
40 116
40 117
40 121
40 122
40 124
40 127
40 128
40 129
40 131
40 133
40 135
40 137
40 138
40 139
40 141
40 143
40 144
40 145
40 146
40 148
40 150
40 151
40 152
40 153
40 154
40 155
40 157
40 158
40 159
40 160
40 161
40 162
40 163
40 167
40 169
40 171
40 174
40 175
40 177
40 178
40 179
40 181
40 183
40 184
40 186
40 187
40 190
40 191
40 194
40 195
40 197
40 199
41 44
41 45
41 48
41 49
41 50
41 51
41 52
41 54
41 55
41 56
41 58
41 60
41 61
41 62
41 64
41 66
41 68
41 69
41 71
41 72
41 73
41 76
41 77
41 78
41 80
41 81
41 82
41 83
41 88
41 89
41 90
41 92
41 93
41 94
41 97
41 98
41 99
41 101
41 102
41 103
41 104
41 105
41 106
41 107
41 108
41 109
41 111
41 112
41 113
41 114
41 116
41 117
41 118
41 119
41 120
41 122
41 123
41 124
41 125
41 127
41 128
41 129
41 131
41 133
41 134
41 135
41 137
41 139
41 142
41 143
41 145
41 148
41 149
41 152
41 154
41 156
41 157
41 158
41 159
41 162
41 163
41 164
41 165
41 167
41 168
41 169
41 172
41 173
41 175
41 177
41 178
41 179
41 180
41 181
41 183
41 185
41 186
41 187
41 188
41 189
41 191
41 192
41 193
41 195
41 196
41 197
42 43
42 44
42 46
42 48
42 50
42 51
42 53
42 54
42 56
42 58
42 61
42 63
42 68
42 69
42 71
42 73
42 75
42 76
42 78
42 80
42 81
42 82
42 83
42 89
42 91
42 92
42 93
42 94
42 95
42 96
42 97
42 100
42 103
42 104
42 105
42 106
42 107
42 108
42 109
42 110
42 115
42 116
42 119
42 120
42 122
42 123
42 127
42 129
42 130
42 131
42 132
42 139
42 141
42 142
42 143
42 144
42 145
42 148
42 149
42 150
42 152
42 153
42 154
42 158
42 159
42 162
42 163
42 164
42 166
42 167
42 170
42 172
42 173
42 174
42 176
42 177
42 178
42 181
42 183
42 186
42 188
42 189
42 191
42 192
42 193
42 194
42 195
42 197
42 198
42 199
43 44
43 45
43 46
43 47
43 48
43 50
43 54
43 55
43 56
43 58
43 59
43 60
43 63
43 64
43 65
43 67
43 70
43 71
43 72
43 73
43 74
43 75
43 77
43 79
43 80
43 81
43 82
43 83
43 85
43 87
43 88
43 90
43 92
43 94
43 95
43 96
43 98
43 99
43 100
43 101
43 107
43 108
43 111
43 113
43 115
43 116
43 117
43 118
43 120
43 122
43 124
43 125
43 126
43 127
43 131
43 132
43 138
43 140
43 141
43 142
43 143
43 144
43 146
43 147
43 148
43 149
43 150
43 152
43 154
43 155
43 156
43 158
43 159
43 161
43 162
43 164
43 165
43 169
43 170
43 173
43 174
43 175
43 177
43 178
43 179
43 181
43 183
43 184
43 186
43 187
43 188
43 189
43 190
43 191
43 192
43 193
43 194
43 195
44 48
44 49
44 51
44 54
44 55
44 56
44 57
44 58
44 59
44 60
44 63
44 64
44 66
44 68
44 69
44 71
44 74
44 75
44 76
44 79
44 82
44 84
44 86
44 88
44 89
44 92
44 93
44 96
44 97
44 98
44 100
44 101
44 103
44 105
44 107
44 109
44 110
44 112
44 114
44 115
44 116
44 118
44 120
44 121
44 123
44 127
44 128
44 129
44 130
44 131
44 132
44 135
44 136
44 137
44 138
44 139
44 141
44 142
44 144
44 145
44 146
44 147
44 148
44 149
44 150
44 152
44 154
44 155
44 159
44 160
44 161
44 162
44 164
44 165
44 166
44 167
44 168
44 169
44 170
44 172
44 173
44 174
44 175
44 176
44 177
44 180
44 182
44 183
44 184
44 187
44 188
44 189
44 190
44 191
44 192
44 194
44 195
44 196
44 197
44 199
45 47
45 48
45 51
45 52
45 56
45 57
45 58
45 59
45 60
45 61
45 63
45 65
45 66
45 67
45 69
45 70
45 71
45 73
45 74
45 75
45 77
45 78
45 79
45 80
45 81
45 83
45 84
45 86
45 87
45 88
45 89
45 91
45 94
45 96
45 97
45 98
45 101
45 102
45 103
45 105
45 106
45 107
45 108
45 109
45 111
45 112
45 115
45 116
45 117
45 118
45 119
45 120
45 121
45 122
45 125
45 127
45 128
45 129
45 131
45 132
45 134
45 135
45 136
45 139
45 140
45 142
45 143
45 144
45 145
45 147
45 148
45 149
45 150
45 151
45 154
45 157
45 159
45 160
45 161
45 164
45 165
45 166
45 167
45 168
45 169
45 171
45 175
45 177
45 178
45 179
45 180
45 181
45 183
45 184
45 185
45 187
45 189
45 190
45 191
45 193
45 194
45 195
45 197
46 48
46 50
46 51
46 53
46 55
46 57
46 58
46 60
46 61
46 63
46 64
46 65
46 66
46 67
46 70
46 71
46 72
46 75
46 76
46 78
46 81
46 82
46 84
46 86
46 88
46 89
46 90
46 91
46 92
46 95
46 97
46 99
46 101
46 102
46 105
46 107
46 108
46 109
46 112
46 113
46 114
46 115
46 116
46 117
46 120
46 123
46 125
46 126
46 127
46 128
46 129
46 130
46 131
46 132
46 133
46 134
46 135
46 139
46 140
46 141
46 143
46 147
46 148
46 149
46 150
46 152
46 154
46 156
46 157
46 159
46 160
46 161
46 164
46 168
46 169
46 173
46 174
46 175
46 176
46 178
46 179
46 181
46 182
46 183
46 185
46 186
46 188
46 189
46 192
46 195
46 196
46 197
46 198
47 48
47 49
47 54
47 55
47 56
47 58
47 59
47 60
47 62
47 63
47 64
47 65
47 66
47 67
47 69
47 71
47 72
47 73
47 76
47 79
47 80
47 82
47 83
47 84
47 85
47 86
47 89
47 90
47 91
47 93
47 94
47 98
47 100
47 107
47 108
47 109
47 110
47 111
47 112
47 113
47 114
47 115
47 116
47 119
47 120
47 121
47 122
47 123
47 125
47 126
47 127
47 128
47 129
47 130
47 132
47 133
47 139
47 140
47 143
47 144
47 145
47 152
47 153
47 154
47 155
47 157
47 161
47 162
47 163
47 164
47 166
47 167
47 169
47 172
47 174
47 175
47 176
47 177
47 179
47 181
47 182
47 187
47 188
47 189
47 192
47 193
47 195
47 197
48 51
48 52
48 53
48 54
48 56
48 57
48 58
48 59
48 61
48 62
48 63
48 64
48 66
48 67
48 70
48 71
48 72
48 74
48 75
48 76
48 77
48 78
48 79
48 80
48 81
48 83
48 84
48 86
48 87
48 88
48 89
48 90
48 91
48 92
48 93
48 95
48 96
48 98
48 99
48 101
48 102
48 103
48 104
48 105
48 106
48 107
48 111
48 115
48 116
48 117
48 121
48 124
48 127
48 129
48 130
48 135
48 136
48 137
48 139
48 140
48 141
48 142
48 143
48 144
48 146
48 150
48 152
48 153
48 157
48 158
48 160
48 162
48 163
48 166
48 167
48 169
48 170
48 172
48 173
48 177
48 178
48 181
48 182
48 183
48 184
48 187
48 190
48 192
48 194
48 195
48 197
48 199
49 51
49 53
49 56
49 57
49 58
49 59
49 60
49 61
49 62
49 64
49 65
49 66
49 67
49 68
49 70
49 72
49 75
49 78
49 80
49 81
49 82
49 84
49 85
49 88
49 89
49 92
49 94
49 95
49 96
49 98
49 99
49 101
49 102
49 103
49 104
49 106
49 108
49 109
49 110
49 111
49 112
49 113
49 119
49 121
49 123
49 124
49 125
49 126
49 128
49 129
49 130
49 131
49 132
49 133
49 134
49 136
49 137
49 139
49 140
49 141
49 148
49 149
49 150
49 152
49 154
49 155
49 156
49 161
49 163
49 164
49 166
49 171
49 173
49 174
49 175
49 178
49 179
49 181
49 182
49 185
49 186
49 187
49 190
49 191
49 193
49 195
49 197
50 51
50 53
50 54
50 55
50 57
50 58
50 61
50 62
50 63
50 65
50 67
50 68
50 69
50 71
50 72
50 74
50 75
50 76
50 80
50 81
50 83
50 84
50 85
50 86
50 87
50 89
50 90
50 91
50 93
50 94
50 97
50 98
50 99
50 100
50 101
50 102
50 103
50 106
50 107
50 108
50 110
50 114
50 115
50 116
50 117
50 118
50 119
50 120
50 121
50 122
50 123
50 124
50 125
50 126
50 127
50 128
50 129
50 133
50 134
50 135
50 137
50 138
50 140
50 141
50 143
50 144
50 145
50 146
50 147
50 148
50 149
50 150
50 152
50 153
50 157
50 158
50 159
50 160
50 163
50 164
50 165
50 166
50 167
50 168
50 169
50 171
50 172
50 173
50 175
50 177
50 179
50 181
50 185
50 186
50 187
50 188
50 190
50 191
50 192
50 193
50 194
50 195
50 196
50 197
50 198
50 199
51 54
51 55
51 58
51 61
51 62
51 63
51 64
51 65
51 67
51 68
51 69
51 70
51 71
51 72
51 74
51 75
51 76
51 77
51 78
51 79
51 80
51 81
51 82
51 83
51 84
51 85
51 86
51 87
51 89
51 91
51 93
51 95
51 96
51 98
51 99
51 101
51 102
51 103
51 104
51 106
51 110
51 111
51 112
51 113
51 114
51 115
51 116
51 119
51 121
51 124
51 126
51 128
51 129
51 130
51 131
51 132
51 133
51 134
51 135
51 136
51 138
51 139
51 142
51 144
51 145
51 147
51 148
51 149
51 150
51 151
51 152
51 154
51 155
51 159
51 160
51 164
51 166
51 167
51 168
51 171
51 172
51 173
51 174
51 177
51 178
51 180
51 181
51 185
51 186
51 190
51 192
51 193
51 194
51 196
51 197
52 56
52 57
52 58
52 60
52 61
52 62
52 63
52 64
52 65
52 66
52 67
52 68
52 70
52 72
52 75
52 78
52 79
52 80
52 84
52 87
52 88
52 90
52 92
52 94
52 95
52 96
52 98
52 99
52 103
52 104
52 106
52 108
52 109
52 110
52 112
52 113
52 114
52 116
52 117
52 119
52 120
52 123
52 124
52 125
52 126
52 127
52 128
52 132
52 135
52 136
52 137
52 141
52 143
52 144
52 145
52 147
52 149
52 150
52 152
52 155
52 156
52 157
52 158
52 161
52 162
52 164
52 166
52 168
52 171
52 173
52 174
52 175
52 179
52 180
52 184
52 187
52 190
52 192
52 193
52 194
52 198
52 199
53 54
53 55
53 56
53 57
53 58
53 59
53 62
53 63
53 64
53 67
53 70
53 71
53 72
53 74
53 75
53 76
53 78
53 79
53 80
53 83
53 84
53 90
53 91
53 93
53 95
53 96
53 97
53 100
53 102
53 105
53 109
53 110
53 111
53 114
53 115
53 116
53 118
53 119
53 120
53 121
53 122
53 123
53 124
53 125
53 126
53 130
53 134
53 137
53 138
53 144
53 146
53 147
53 148
53 149
53 150
53 152
53 153
53 159
53 163
53 170
53 171
53 172
53 176
53 177
53 178
53 179
53 181
53 183
53 184
53 185
53 186
53 188
53 191
53 195
53 196
53 197
53 198
53 199
54 56
54 57
54 58
54 59
54 60
54 61
54 62
54 63
54 64
54 65
54 66
54 67
54 69
54 70
54 71
54 72
54 75
54 76
54 77
54 78
54 79
54 82
54 83
54 85
54 87
54 88
54 89
54 91
54 92
54 95
54 96
54 97
54 98
54 99
54 102
54 103
54 104
54 106
54 107
54 110
54 111
54 113
54 114
54 115
54 116
54 117
54 119
54 120
54 122
54 123
54 125
54 126
54 128
54 129
54 130
54 131
54 132
54 135
54 137
54 138
54 140
54 141
54 144
54 148
54 149
54 155
54 156
54 157
54 158
54 160
54 161
54 162
54 163
54 164
54 166
54 170
54 171
54 172
54 173
54 174
54 175
54 177
54 178
54 179
54 184
54 186
54 188
54 189
54 190
54 191
54 193
54 195
54 196
54 198
55 57
55 58
55 61
55 63
55 68
55 69
55 70
55 72
55 74
55 75
55 76
55 77
55 78
55 80
55 83
55 84
55 88
55 89
55 90
55 91
55 92
55 95
55 96
55 98
55 99
55 100
55 101
55 102
55 108
55 109
55 113
55 114
55 117
55 120
55 122
55 124
55 126
55 128
55 130
55 131
55 132
55 133
55 135
55 137
55 138
55 142
55 146
55 148
55 149
55 150
55 151
55 152
55 153
55 155
55 156
55 159
55 160
55 161
55 162
55 165
55 166
55 167
55 168
55 170
55 171
55 172
55 173
55 174
55 176
55 177
55 180
55 183
55 185
55 187
55 188
55 190
55 191
55 192
55 195
55 196
55 197
55 199
56 57
56 58
56 60
56 61
56 63
56 64
56 65
56 66
56 69
56 70
56 71
56 73
56 74
56 75
56 80
56 82
56 84
56 85
56 86
56 87
56 88
56 89
56 90
56 91
56 92
56 94
56 95
56 98
56 99
56 101
56 102
56 103
56 104
56 105
56 106
56 107
56 108
56 110
56 111
56 112
56 113
56 114
56 115
56 116
56 117
56 118
56 119
56 120
56 121
56 122
56 126
56 129
56 130
56 131
56 133
56 135
56 144
56 145
56 151
56 152
56 153
56 154
56 157
56 158
56 160
56 162
56 164
56 165
56 167
56 168
56 169
56 170
56 171
56 175
56 176
56 177
56 179
56 181
56 186
56 187
56 188
56 189
56 190
56 191
56 192
56 193
56 194
56 195
56 196
56 197
57 58
57 59
57 60
57 61
57 62
57 63
57 66
57 67
57 68
57 69
57 74
57 77
57 78
57 80
57 81
57 82
57 83
57 84
57 86
57 87
57 88
57 92
57 93
57 95
57 96
57 100
57 101
57 103
57 104
57 107
57 108
57 109
57 111
57 112
57 113
57 115
57 116
57 117
57 119
57 122
57 123
57 124
57 126
57 129
57 131
57 132
57 133
57 135
57 138
57 139
57 141
57 143
57 145
57 146
57 147
57 150
57 152
57 155
57 156
57 157
57 162
57 164
57 166
57 167
57 168
57 172
57 173
57 174
57 175
57 176
57 177
57 178
57 179
57 180
57 181
57 184
57 186
57 187
57 188
57 189
57 190
57 191
57 192
57 193
57 194
57 197
58 60
58 61
58 62
58 63
58 64
58 65
58 66
58 67
58 68
58 70
58 72
58 73
58 77
58 79
58 81
58 82
58 83
58 84
58 85
58 87
58 88
58 89
58 91
58 92
58 93
58 95
58 96
58 97
58 99
58 101
58 102
58 105
58 110
58 112
58 113
58 115
58 117
58 119
58 122
58 123
58 124
58 127
58 128
58 129
58 130
58 133
58 135
58 137
58 138
58 141
58 142
58 144
58 146
58 147
58 150
58 151
58 152
58 153
58 155
58 156
58 157
58 158
58 159
58 160
58 161
58 162
58 165
58 166
58 167
58 168
58 170
58 171
58 172
58 173
58 176
58 178
58 180
58 181
58 183
58 184
58 185
58 188
58 189
58 191
58 193
58 195
58 196
59 61
59 62
59 63
59 67
59 68
59 69
59 70
59 71
59 72
59 75
59 79
59 80
59 82
59 84
59 85
59 87
59 89
59 91
59 92
59 93
59 96
59 98
59 99
59 100
59 103
59 104
59 105
59 106
59 108
59 109
59 110
59 111
59 113
59 115
59 117
59 120
59 124
59 125
59 128
59 129
59 130
59 131
59 133
59 135
59 136
59 138
59 139
59 142
59 143
59 144
59 146
59 147
59 150
59 153
59 155
59 157
59 158
59 159
59 161
59 162
59 163
59 164
59 165
59 166
59 167
59 168
59 169
59 171
59 172
59 176
59 177
59 178
59 179
59 181
59 182
59 183
59 187
59 188
59 189
59 190
59 191
59 193
59 196
59 198
60 63
60 64
60 65
60 66
60 67
60 70
60 71
60 72
60 73
60 74
60 75
60 77
60 78
60 79
60 80
60 81
60 82
60 84
60 85
60 86
60 88
60 89
60 90
60 91
60 93
60 96
60 99
60 100
60 103
60 105
60 107
60 110
60 111
60 115
60 116
60 117
60 124
60 126
60 128
60 130
60 132
60 135
60 136
60 140
60 141
60 142
60 146
60 147
60 148
60 150
60 151
60 154
60 155
60 157
60 160
60 162
60 163
60 164
60 165
60 166
60 169
60 172
60 174
60 176
60 178
60 181
60 182
60 185
60 186
60 187
60 188
60 189
60 190
60 192
60 193
60 194
60 195
60 197
61 62
61 64
61 65
61 66
61 67
61 68
61 69
61 70
61 75
61 76
61 77
61 78
61 79
61 81
61 82
61 83
61 85
61 87
61 90
61 91
61 93
61 95
61 97
61 98
61 99
61 100
61 101
61 102
61 103
61 104
61 105
61 107
61 108
61 111
61 112
61 114
61 118
61 119
61 120
61 122
61 123
61 124
61 125
61 126
61 127
61 128
61 129
61 130
61 134
61 135
61 137
61 138
61 139
61 140
61 142
61 143
61 145
61 147
61 148
61 150
61 152
61 153
61 155
61 156
61 157
61 160
61 161
61 162
61 163
61 164
61 165
61 166
61 168
61 169
61 170
61 171
61 173
61 174
61 175
61 177
61 178
61 180
61 183
61 184
61 185
61 188
61 189
61 192
61 193
61 195
61 196
61 198
61 199
62 64
62 65
62 66
62 67
62 68
62 69
62 73
62 74
62 78
62 79
62 81
62 83
62 84
62 87
62 88
62 89
62 90
62 92
62 97
62 98
62 102
62 104
62 105
62 106
62 107
62 108
62 110
62 111
62 115
62 116
62 118
62 119
62 120
62 122
62 126
62 128
62 129
62 130
62 133
62 134
62 135
62 139
62 140
62 141
62 142
62 143
62 145
62 146
62 147
62 151
62 152
62 153
62 154
62 155
62 156
62 157
62 160
62 161
62 164
62 165
62 166
62 167
62 168
62 169
62 170
62 171
62 175
62 176
62 177
62 178
62 180
62 181
62 182
62 183
62 184
62 185
62 186
62 187
62 189
62 190
62 191
62 192
62 193
62 194
62 197
63 65
63 66
63 67
63 71
63 72
63 73
63 74
63 78
63 79
63 81
63 82
63 83
63 86
63 87
63 90
63 92
63 93
63 94
63 96
63 97
63 98
63 99
63 100
63 102
63 104
63 105
63 107
63 108
63 109
63 110
63 114
63 115
63 116
63 117
63 118
63 119
63 121
63 122
63 124
63 125
63 126
63 127
63 130
63 132
63 139
63 141
63 142
63 143
63 144
63 145
63 146
63 148
63 151
63 153
63 155
63 156
63 159
63 162
63 163
63 165
63 166
63 167
63 169
63 174
63 175
63 176
63 177
63 179
63 181
63 183
63 186
63 187
63 188
63 189
63 190
63 191
63 192
63 194
63 195
63 196
64 65
64 66
64 68
64 69
64 70
64 71
64 72
64 73
64 76
64 77
64 78
64 83
64 84
64 88
64 90
64 91
64 92
64 93
64 94
64 95
64 97
64 102
64 103
64 104
64 106
64 107
64 109
64 113
64 114
64 115
64 116
64 117
64 118
64 120
64 122
64 123
64 124
64 125
64 128
64 129
64 131
64 133
64 135
64 136
64 139
64 140
64 141
64 142
64 144
64 149
64 151
64 152
64 153
64 155
64 156
64 160
64 162
64 163
64 164
64 165
64 167
64 168
64 169
64 170
64 175
64 176
64 180
64 181
64 182
64 183
64 184
64 185
64 186
64 187
64 189
64 190
64 192
64 193
64 194
64 195
64 196
65 70
65 72
65 75
65 78
65 79
65 80
65 81
65 82
65 83
65 85
65 86
65 88
65 92
65 93
65 97
65 100
65 101
65 102
65 103
65 104
65 105
65 107
65 108
65 110
65 111
65 112
65 116
65 117
65 118
65 120
65 121
65 122
65 124
65 125
65 126
65 130
65 131
65 132
65 133
65 134
65 135
65 136
65 139
65 142
65 144
65 145
65 146
65 150
65 151
65 152
65 153
65 158
65 159
65 162
65 168
65 170
65 172
65 173
65 174
65 175
65 177
65 178
65 179
65 180
65 181
65 182
65 183
65 184
65 186
65 193
65 194
65 196
65 198
65 199
66 67
66 68
66 70
66 71
66 73
66 74
66 76
66 78
66 80
66 82
66 83
66 85
66 86
66 87
66 88
66 93
66 94
66 95
66 96
66 98
66 99
66 102
66 103
66 105
66 108
66 112
66 113
66 115
66 116
66 117
66 118
66 119
66 120
66 123
66 125
66 126
66 128
66 130
66 131
66 133
66 134
66 137
66 138
66 139
66 141
66 142
66 143
66 145
66 146
66 147
66 150
66 151
66 152
66 153
66 154
66 156
66 157
66 159
66 163
66 165
66 167
66 169
66 170
66 171
66 173
66 175
66 177
66 178
66 179
66 181
66 182
66 183
66 184
66 185
66 187
66 188
66 190
66 191
66 192
66 196
66 197
66 198
66 199
67 68
67 69
67 71
67 73
67 74
67 75
67 76
67 77
67 78
67 79
67 80
67 81
67 84
67 85
67 87
67 90
67 92
67 93
67 95
67 96
67 99
67 100
67 102
67 104
67 105
67 107
67 108
67 109
67 110
67 111
67 113
67 115
67 116
67 118
67 119
67 121
67 124
67 126
67 127
67 129
67 130
67 131
67 132
67 133
67 134
67 136
67 137
67 138
67 139
67 141
67 142
67 143
67 144
67 145
67 148
67 150
67 151
67 154
67 155
67 157
67 162
67 163
67 164
67 165
67 167
67 168
67 170
67 171
67 174
67 175
67 176
67 177
67 178
67 179
67 181
67 182
67 184
67 186
67 187
67 189
67 190
67 193
67 194
67 197
67 199
68 70
68 71
68 72
68 73
68 75
68 76
68 79
68 80
68 81
68 82
68 83
68 85
68 86
68 87
68 88
68 90
68 91
68 93
68 95
68 96
68 97
68 100
68 101
68 102
68 103
68 104
68 109
68 110
68 111
68 113
68 115
68 116
68 117
68 119
68 120
68 121
68 123
68 126
68 127
68 131
68 132
68 136
68 137
68 138
68 139
68 140
68 141
68 142
68 143
68 144
68 146
68 147
68 148
68 151
68 152
68 155
68 156
68 158
68 159
68 160
68 162
68 165
68 166
68 168
68 169
68 170
68 171
68 173
68 174
68 175
68 177
68 178
68 179
68 181
68 182
68 183
68 185
68 188
68 189
68 192
68 194
68 195
68 196
68 197
68 198
68 199
69 70
69 71
69 72
69 74
69 75
69 76
69 78
69 79
69 80
69 81
69 83
69 84
69 85
69 86
69 89
69 90
69 91
69 92
69 95
69 96
69 97
69 99
69 102
69 103
69 106
69 107
69 108
69 109
69 113
69 114
69 118
69 121
69 122
69 125
69 126
69 127
69 128
69 129
69 130
69 131
69 132
69 133
69 134
69 135
69 136
69 140
69 141
69 142
69 143
69 144
69 145
69 146
69 147
69 148
69 150
69 151
69 153
69 155
69 157
69 158
69 159
69 162
69 164
69 166
69 167
69 168
69 170
69 171
69 173
69 175
69 177
69 180
69 184
69 185
69 186
69 187
69 189
69 192
69 194
69 195
69 197
70 71
70 72
70 73
70 74
70 75
70 76
70 77
70 78
70 79
70 80
70 81
70 82
70 83
70 85
70 88
70 90
70 91
70 92
70 94
70 98
70 99
70 100
70 101
70 103
70 105
70 108
70 110
70 111
70 112
70 113
70 115
70 116
70 119
70 120
70 121
70 122
70 123
70 124
70 127
70 128
70 130
70 133
70 138
70 142
70 143
70 144
70 149
70 151
70 154
70 158
70 159
70 162
70 163
70 165
70 166
70 167
70 169
70 170
70 171
70 173
70 174
70 175
70 176
70 177
70 178
70 179
70 180
70 181
70 182
70 183
70 188
70 189
70 191
70 193
70 194
70 195
70 196
70 197
70 198
71 73
71 74
71 75
71 77
71 79
71 82
71 83
71 85
71 87
71 89
71 91
71 94
71 95
71 96
71 97
71 99
71 101
71 103
71 104
71 105
71 106
71 107
71 109
71 111
71 112
71 115
71 116
71 117
71 120
71 121
71 122
71 124
71 125
71 128
71 129
71 134
71 135
71 140
71 141
71 142
71 143
71 144
71 145
71 146
71 147
71 148
71 149
71 150
71 151
71 152
71 153
71 154
71 155
71 156
71 158
71 160
71 163
71 164
71 165
71 166
71 167
71 168
71 170
71 171
71 173
71 174
71 175
71 176
71 177
71 180
71 184
71 185
71 187
71 188
71 190
71 191
71 192
71 193
71 194
71 196
72 73
72 74
72 75
72 77
72 78
72 79
72 80
72 81
72 83
72 85
72 87
72 88
72 89
72 90
72 91
72 93
72 95
72 98
72 100
72 103
72 104
72 105
72 108
72 109
72 110
72 113
72 114
72 115
72 116
72 117
72 119
72 121
72 123
72 124
72 125
72 126
72 127
72 129
72 131
72 132
72 133
72 135
72 137
72 138
72 139
72 141
72 142
72 143
72 145
72 148
72 150
72 151
72 152
72 153
72 156
72 157
72 159
72 160
72 161
72 164
72 165
72 166
72 168
72 169
72 170
72 171
72 172
72 173
72 174
72 175
72 176
72 177
72 179
72 181
72 183
72 184
72 185
72 186
72 187
72 189
72 190
72 191
72 193
72 194
72 195
72 196
72 197
72 198
73 74
73 75
73 79
73 80
73 82
73 85
73 86
73 87
73 89
73 90
73 91
73 92
73 93
73 96
73 97
73 100
73 101
73 102
73 104
73 108
73 110
73 111
73 112
73 113
73 119
73 120
73 121
73 123
73 124
73 125
73 127
73 128
73 129
73 132
73 133
73 134
73 135
73 136
73 138
73 139
73 142
73 144
73 145
73 146
73 148
73 150
73 151
73 152
73 153
73 155
73 157
73 160
73 162
73 164
73 165
73 167
73 168
73 169
73 170
73 171
73 172
73 174
73 175
73 177
73 180
73 181
73 183
73 184
73 185
73 186
73 187
73 189
73 190
73 193
73 195
73 198
73 199
74 75
74 76
74 77
74 80
74 81
74 82
74 84
74 85
74 89
74 91
74 92
74 93
74 94
74 96
74 101
74 102
74 104
74 112
74 114
74 116
74 117
74 119
74 124
74 125
74 126
74 127
74 129
74 130
74 133
74 135
74 136
74 139
74 140
74 141
74 144
74 145
74 147
74 148
74 149
74 150
74 152
74 153
74 154
74 155
74 157
74 159
74 161
74 164
74 165
74 167
74 168
74 169
74 170
74 173
74 174
74 176
74 178
74 179
74 180
74 181
74 182
74 184
74 187
74 188
74 190
74 191
74 196
74 197
75 80
75 81
75 82
75 84
75 85
75 86
75 87
75 88
75 90
75 92
75 98
75 99
75 100
75 101
75 102
75 103
75 105
75 106
75 108
75 109
75 110
75 111
75 112
75 113
75 114
75 115
75 117
75 120
75 121
75 122
75 123
75 124
75 129
75 130
75 134
75 136
75 142
75 144
75 146
75 147
75 149
75 153
75 154
75 156
75 157
75 158
75 159
75 163
75 167
75 169
75 171
75 172
75 173
75 174
75 176
75 177
75 179
75 180
75 183
75 184
75 185
75 191
75 193
75 194
75 196
75 197
75 199
76 77
76 79
76 82
76 83
76 86
76 88
76 89
76 91
76 92
76 93
76 97
76 101
76 102
76 103
76 105
76 106
76 107
76 109
76 111
76 112
76 116
76 118
76 119
76 120
76 121
76 122
76 124
76 125
76 126
76 127
76 128
76 136
76 137
76 140
76 143
76 144
76 145
76 146
76 147
76 151
76 154
76 155
76 157
76 159
76 161
76 162
76 163
76 166
76 167
76 169
76 170
76 171
76 172
76 173
76 174
76 175
76 176
76 177
76 178
76 179
76 181
76 182
76 183
76 184
76 193
76 194
76 196
76 198
76 199
77 78
77 79
77 80
77 81
77 83
77 84
77 85
77 86
77 89
77 90
77 92
77 93
77 94
77 95
77 96
77 98
77 99
77 102
77 103
77 107
77 110
77 111
77 116
77 117
77 118
77 119
77 121
77 124
77 127
77 128
77 129
77 132
77 133
77 134
77 136
77 137
77 140
77 141
77 143
77 145
77 146
77 150
77 151
77 153
77 155
77 156
77 157
77 159
77 160
77 161
77 162
77 163
77 166
77 167
77 168
77 170
77 173
77 175
77 176
77 178
77 179
77 180
77 181
77 182
77 184
77 185
77 186
77 187
77 188
77 189
77 191
77 192
77 194
77 196
77 197
78 79
78 82
78 84
78 85
78 86
78 87
78 89
78 90
78 92
78 93
78 94
78 95
78 97
78 99
78 100
78 102
78 106
78 107
78 108
78 109
78 110
78 111
78 112
78 113
78 114
78 116
78 117
78 118
78 120
78 123
78 124
78 126
78 130
78 131
78 132
78 133
78 134
78 135
78 136
78 138
78 139
78 140
78 141
78 142
78 144
78 145
78 146
78 147
78 148
78 150
78 151
78 152
78 153
78 155
78 156
78 157
78 159
78 160
78 161
78 162
78 163
78 164
78 167
78 168
78 170
78 171
78 172
78 173
78 174
78 176
78 177
78 178
78 179
78 180
78 181
78 182
78 183
78 184
78 185
78 186
78 187
78 190
78 192
78 194
78 198
79 82
79 88
79 89
79 90
79 91
79 93
79 94
79 96
79 97
79 99
79 100
79 101
79 102
79 103
79 106
79 109
79 111
79 113
79 114
79 116
79 117
79 118
79 119
79 121
79 123
79 124
79 125
79 126
79 127
79 129
79 130
79 132
79 133
79 135
79 136
79 137
79 138
79 139
79 143
79 144
79 146
79 147
79 150
79 151
79 152
79 154
79 155
79 156
79 157
79 161
79 162
79 163
79 164
79 165
79 167
79 170
79 171
79 175
79 177
79 181
79 182
79 183
79 184
79 187
79 189
79 190
79 191
79 193
79 194
79 195
79 196
79 197
80 82
80 84
80 87
80 88
80 90
80 92
80 96
80 97
80 99
80 100
80 101
80 102
80 104
80 106
80 107
80 108
80 109
80 110
80 111
80 112
80 113
80 115
80 121
80 123
80 124
80 127
80 128
80 130
80 131
80 132
80 134
80 135
80 136
80 138
80 139
80 142
80 145
80 146
80 149
80 150
80 151
80 155
80 158
80 163
80 165
80 166
80 167
80 172
80 173
80 174
80 175
80 176
80 178
80 179
80 180
80 182
80 184
80 185
80 186
80 188
80 190
80 193
80 195
80 198
80 199
81 83
81 84
81 85
81 86
81 89
81 90
81 91
81 92
81 95
81 97
81 100
81 101
81 102
81 104
81 105
81 106
81 107
81 108
81 109
81 110
81 113
81 115
81 117
81 118
81 122
81 123
81 124
81 126
81 127
81 130
81 134
81 137
81 139
81 140
81 141
81 142
81 143
81 146
81 149
81 150
81 154
81 156
81 157
81 158
81 160
81 161
81 163
81 165
81 166
81 169
81 170
81 171
81 175
81 176
81 178
81 182
81 184
81 185
81 186
81 188
81 189
81 190
81 191
81 192
81 193
81 195
81 197
81 198
82 83
82 84
82 86
82 87
82 89
82 90
82 92
82 94
82 96
82 97
82 101
82 102
82 103
82 104
82 108
82 110
82 113
82 115
82 118
82 119
82 120
82 121
82 123
82 125
82 126
82 127
82 130
82 132
82 133
82 134
82 135
82 136
82 137
82 140
82 144
82 145
82 147
82 148
82 149
82 150
82 151
82 152
82 154
82 155
82 158
82 162
82 167
82 169
82 172
82 173
82 174
82 175
82 176
82 177
82 179
82 183
82 185
82 186
82 187
82 191
82 192
82 193
82 194
82 196
82 199
83 84
83 85
83 89
83 94
83 95
83 97
83 98
83 101
83 104
83 105
83 107
83 108
83 109
83 111
83 113
83 115
83 118
83 121
83 122
83 123
83 124
83 128
83 130
83 131
83 136
83 137
83 138
83 140
83 141
83 143
83 144
83 146
83 147
83 149
83 150
83 151
83 152
83 157
83 159
83 161
83 163
83 164
83 165
83 166
83 167
83 168
83 170
83 173
83 174
83 175
83 177
83 178
83 181
83 182
83 183
83 185
83 186
83 187
83 188
83 189
83 191
83 192
83 194
83 198
83 199
84 86
84 87
84 88
84 89
84 91
84 92
84 93
84 94
84 95
84 96
84 97
84 103
84 104
84 106
84 107
84 108
84 109
84 113
84 115
84 117
84 121
84 123
84 125
84 126
84 127
84 128
84 129
84 130
84 131
84 133
84 134
84 135
84 138
84 139
84 140
84 141
84 143
84 145
84 146
84 147
84 149
84 150
84 151
84 152
84 153
84 154
84 155
84 156
84 157
84 158
84 159
84 163
84 166
84 167
84 171
84 172
84 176
84 177
84 179
84 180
84 181
84 186
84 187
84 193
84 194
84 195
84 197
84 198
84 199
85 88
85 91
85 92
85 93
85 94
85 95
85 96
85 97
85 99
85 101
85 102
85 103
85 105
85 106
85 107
85 109
85 110
85 111
85 114
85 115
85 116
85 117
85 118
85 119
85 120
85 121
85 122
85 123
85 124
85 125
85 126
85 127
85 128
85 129
85 130
85 132
85 133
85 134
85 136
85 137
85 141
85 142
85 143
85 145
85 146
85 148
85 150
85 152
85 153
85 156
85 157
85 159
85 160
85 162
85 163
85 164
85 165
85 167
85 170
85 171
85 173
85 174
85 177
85 179
85 180
85 184
85 185
85 189
85 191
85 193
85 194
85 196
85 198
86 87
86 88
86 90
86 91
86 92
86 93
86 96
86 97
86 98
86 99
86 102
86 106
86 108
86 109
86 111
86 112
86 115
86 117
86 118
86 119
86 120
86 121
86 122
86 127
86 128
86 129
86 133
86 135
86 136
86 138
86 139
86 140
86 141
86 142
86 143
86 147
86 149
86 150
86 151
86 152
86 154
86 157
86 159
86 163
86 164
86 166
86 171
86 172
86 175
86 177
86 180
86 181
86 182
86 183
86 184
86 186
86 190
86 192
86 197
86 198
86 199
87 89
87 90
87 91
87 92
87 93
87 94
87 97
87 101
87 102
87 103
87 104
87 105
87 106
87 110
87 111
87 112
87 116
87 117
87 120
87 123
87 124
87 125
87 126
87 127
87 128
87 130
87 131
87 132
87 136
87 138
87 142
87 143
87 144
87 150
87 151
87 152
87 153
87 154
87 155
87 156
87 160
87 161
87 162
87 163
87 164
87 165
87 166
87 168
87 173
87 174
87 175
87 176
87 177
87 178
87 181
87 182
87 183
87 184
87 185
87 186
87 187
87 189
87 191
87 192
87 193
87 194
87 195
87 196
87 197
88 89
88 90
88 91
88 93
88 95
88 96
88 99
88 100
88 101
88 104
88 105
88 107
88 108
88 109
88 110
88 111
88 117
88 118
88 119
88 120
88 121
88 122
88 124
88 125
88 127
88 129
88 130
88 131
88 134
88 135
88 136
88 142
88 145
88 146
88 149
88 150
88 152
88 154
88 155
88 158
88 160
88 163
88 166
88 167
88 171
88 172
88 173
88 174
88 176
88 179
88 180
88 181
88 185
88 186
88 187
88 188
88 190
88 191
88 196
88 197
88 199
89 90
89 92
89 93
89 95
89 96
89 98
89 99
89 102
89 103
89 105
89 107
89 108
89 110
89 111
89 113
89 115
89 116
89 118
89 121
89 123
89 125
89 127
89 132
89 133
89 135
89 137
89 140
89 142
89 144
89 147
89 148
89 149
89 150
89 151
89 154
89 155
89 156
89 158
89 159
89 160
89 161
89 164
89 165
89 166
89 167
89 170
89 172
89 173
89 174
89 177
89 178
89 179
89 180
89 181
89 182
89 183
89 184
89 185
89 186
89 187
89 188
89 189
89 190
89 191
89 195
89 197
89 198
90 91
90 92
90 95
90 96
90 98
90 99
90 100
90 101
90 102
90 103
90 104
90 105
90 113
90 114
90 115
90 121
90 122
90 126
90 128
90 129
90 130
90 131
90 133
90 134
90 135
90 136
90 137
90 138
90 139
90 140
90 141
90 142
90 143
90 144
90 146
90 147
90 148
90 150
90 151
90 153
90 154
90 155
90 156
90 157
90 158
90 159
90 160
90 165
90 166
90 167
90 170
90 171
90 173
90 174
90 177
90 178
90 179
90 181
90 183
90 186
90 187
90 188
90 189
90 190
90 192
90 195
90 198
90 199
91 95
91 96
91 101
91 102
91 103
91 108
91 109
91 110
91 111
91 112
91 113
91 114
91 115
91 116
91 117
91 118
91 119
91 120
91 121
91 123
91 124
91 125
91 126
91 127
91 128
91 129
91 130
91 131
91 134
91 135
91 136
91 137
91 138
91 139
91 140
91 141
91 142
91 143
91 144
91 146
91 148
91 151
91 152
91 153
91 154
91 156
91 157
91 158
91 161
91 162
91 163
91 164
91 165
91 166
91 167
91 168
91 171
91 173
91 174
91 175
91 177
91 181
91 183
91 184
91 187
91 193
91 194
91 195
91 199
92 93
92 94
92 95
92 96
92 98
92 99
92 101
92 103
92 104
92 107
92 108
92 110
92 111
92 112
92 113
92 114
92 115
92 116
92 117
92 118
92 119
92 120
92 121
92 123
92 124
92 126
92 127
92 128
92 129
92 130
92 133
92 134
92 135
92 136
92 137
92 139
92 140
92 142
92 143
92 144
92 145
92 146
92 150
92 151
92 153
92 154
92 155
92 157
92 159
92 161
92 164
92 166
92 168
92 170
92 171
92 172
92 174
92 175
92 176
92 177
92 178
92 180
92 181
92 183
92 185
92 186
92 187
92 189
92 190
92 193
92 194
92 195
92 196
92 197
92 198
93 95
93 96
93 97
93 99
93 101
93 105
93 106
93 107
93 108
93 110
93 111
93 112
93 113
93 115
93 116
93 117
93 118
93 119
93 121
93 122
93 124
93 125
93 126
93 127
93 128
93 134
93 138
93 139
93 144
93 146
93 149
93 150
93 151
93 153
93 154
93 155
93 157
93 158
93 161
93 162
93 165
93 167
93 168
93 169
93 171
93 174
93 175
93 176
93 177
93 179
93 180
93 181
93 182
93 183
93 184
93 185
93 186
93 189
93 190
93 191
93 193
93 196
93 197
93 198
94 95
94 98
94 100
94 101
94 102
94 104
94 105
94 106
94 111
94 112
94 113
94 114
94 115
94 117
94 118
94 120
94 121
94 122
94 125
94 127
94 128
94 131
94 134
94 136
94 138
94 139
94 141
94 142
94 143
94 144
94 145
94 146
94 148
94 149
94 152
94 153
94 158
94 160
94 161
94 162
94 163
94 166
94 168
94 170
94 171
94 173
94 176
94 177
94 178
94 179
94 182
94 183
94 188
94 189
94 190
94 193
94 195
94 196
94 197
94 198
95 98
95 99
95 100
95 101
95 102
95 105
95 106
95 107
95 108
95 109
95 110
95 111
95 113
95 115
95 116
95 120
95 121
95 122
95 123
95 124
95 125
95 126
95 127
95 128
95 130
95 131
95 133
95 134
95 138
95 139
95 141
95 142
95 143
95 147
95 150
95 151
95 152
95 153
95 154
95 155
95 156
95 158
95 159
95 162
95 163
95 164
95 167
95 170
95 171
95 172
95 173
95 177
95 178
95 179
95 180
95 182
95 183
95 184
95 185
95 186
95 187
95 188
95 189
95 193
95 196
95 197
96 98
96 101
96 102
96 107
96 110
96 112
96 114
96 115
96 117
96 118
96 119
96 122
96 124
96 125
96 127
96 131
96 132
96 135
96 136
96 139
96 140
96 142
96 143
96 144
96 146
96 148
96 149
96 151
96 153
96 154
96 155
96 156
96 157
96 161
96 162
96 165
96 166
96 167
96 169
96 170
96 171
96 173
96 174
96 177
96 181
96 182
96 183
96 189
96 194
96 197
96 198
96 199
97 98
97 99
97 100
97 101
97 105
97 106
97 107
97 110
97 111
97 112
97 113
97 115
97 116
97 117
97 119
97 122
97 124
97 127
97 128
97 132
97 133
97 136
97 137
97 138
97 139
97 140
97 141
97 142
97 143
97 144
97 148
97 149
97 150
97 152
97 154
97 156
97 158
97 159
97 162
97 164
97 165
97 167
97 168
97 169
97 170
97 171
97 172
97 173
97 174
97 175
97 176
97 177
97 179
97 183
97 184
97 185
97 186
97 188
97 189
97 190
97 192
97 195
97 196
97 199
98 100
98 101
98 103
98 104
98 105
98 107
98 108
98 109
98 111
98 112
98 113
98 115
98 116
98 119
98 120
98 121
98 122
98 123
98 124
98 125
98 127
98 130
98 132
98 133
98 135
98 136
98 137
98 138
98 139
98 140
98 141
98 142
98 144
98 145
98 147
98 150
98 152
98 154
98 157
98 158
98 161
98 162
98 164
98 165
98 166
98 167
98 172
98 173
98 174
98 175
98 176
98 177
98 180
98 182
98 183
98 184
98 185
98 194
98 196
98 198
99 100
99 103
99 104
99 105
99 106
99 108
99 110
99 113
99 114
99 115
99 116
99 117
99 118
99 120
99 121
99 122
99 123
99 124
99 125
99 126
99 127
99 128
99 130
99 131
99 132
99 134
99 135
99 136
99 138
99 139
99 140
99 141
99 142
99 145
99 146
99 147
99 148
99 149
99 150
99 151
99 152
99 154
99 155
99 157
99 158
99 159
99 160
99 161
99 162
99 163
99 164
99 165
99 166
99 168
99 169
99 171
99 172
99 173
99 174
99 176
99 179
99 181
99 182
99 184
99 185
99 186
99 187
99 190
99 191
99 193
99 194
99 195
99 198
100 101
100 102
100 103
100 104
100 106
100 109
100 110
100 111
100 114
100 117
100 118
100 119
100 121
100 122
100 123
100 125
100 127
100 128
100 129
100 130
100 131
100 132
100 135
100 136
100 139
100 142
100 144
100 145
100 146
100 150
100 151
100 152
100 154
100 156
100 157
100 161
100 162
100 163
100 166
100 167
100 170
100 171
100 172
100 173
100 175
100 177
100 178
100 179
100 180
100 181
100 182
100 184
100 185
100 186
100 187
100 188
100 189
100 192
100 194
100 196
100 198
100 199
101 102
101 104
101 105
101 107
101 108
101 109
101 111
101 113
101 117
101 120
101 121
101 122
101 125
101 126
101 127
101 129
101 132
101 133
101 134
101 135
101 137
101 139
101 140
101 143
101 144
101 145
101 146
101 148
101 149
101 152
101 153
101 156
101 158
101 159
101 161
101 162
101 164
101 166
101 167
101 168
101 170
101 172
101 174
101 175
101 181
101 182
101 183
101 184
101 188
101 190
101 193
101 194
101 195
101 199
102 103
102 105
102 106
102 107
102 108
102 109
102 110
102 113
102 114
102 115
102 116
102 117
102 118
102 119
102 121
102 122
102 123
102 124
102 126
102 128
102 132
102 133
102 136
102 138
102 140
102 142
102 143
102 144
102 145
102 146
102 148
102 149
102 152
102 153
102 154
102 156
102 158
102 160
102 163
102 164
102 169
102 170
102 172
102 173
102 174
102 175
102 177
102 179
102 180
102 182
102 183
102 185
102 186
102 187
102 188
102 189
102 190
102 191
102 194
102 195
102 196
102 197
102 198
102 199
103 104
103 105
103 107
103 109
103 110
103 111
103 112
103 113
103 115
103 116
103 117
103 118
103 119
103 120
103 122
103 125
103 126
103 129
103 130
103 131
103 133
103 136
103 137
103 138
103 140
103 141
103 143
103 144
103 145
103 146
103 147
103 148
103 153
103 155
103 156
103 158
103 159
103 160
103 161
103 164
103 166
103 169
103 172
103 175
103 177
103 181
103 182
103 185
103 187
103 189
103 190
103 193
103 194
103 195
104 106
104 108
104 110
104 111
104 113
104 114
104 116
104 117
104 118
104 120
104 121
104 122
104 123
104 124
104 125
104 126
104 127
104 133
104 135
104 140
104 141
104 142
104 146
104 149
104 151
104 156
104 157
104 158
104 160
104 161
104 162
104 163
104 165
104 166
104 168
104 169
104 170
104 171
104 174
104 175
104 178
104 179
104 181
104 184
104 185
104 188
104 190
104 191
104 192
104 193
104 194
104 198
104 199
105 107
105 108
105 111
105 112
105 113
105 114
105 115
105 119
105 123
105 125
105 126
105 127
105 128
105 132
105 134
105 135
105 136
105 137
105 139
105 141
105 143
105 144
105 146
105 147
105 148
105 149
105 150
105 151
105 152
105 153
105 154
105 156
105 157
105 158
105 159
105 162
105 163
105 164
105 168
105 170
105 173
105 175
105 178
105 179
105 180
105 181
105 184
105 186
105 187
105 188
105 191
105 196
105 198
105 199
106 108
106 109
106 110
106 111
106 112
106 113
106 115
106 117
106 118
106 120
106 121
106 122
106 123
106 124
106 126
106 127
106 128
106 129
106 132
106 135
106 137
106 138
106 139
106 140
106 141
106 144
106 145
106 146
106 152
106 153
106 154
106 159
106 161
106 163
106 165
106 166
106 167
106 170
106 173
106 174
106 178
106 179
106 180
106 182
106 183
106 186
106 188
106 190
106 191
106 192
106 193
106 196
106 198
106 199
107 108
107 109
107 110
107 111
107 112
107 113
107 114
107 115
107 118
107 121
107 122
107 125
107 126
107 127
107 128
107 129
107 135
107 136
107 138
107 140
107 141
107 142
107 143
107 144
107 145
107 147
107 148
107 150
107 151
107 153
107 156
107 157
107 158
107 159
107 162
107 163
107 164
107 166
107 168
107 169
107 170
107 172
107 175
107 177
107 178
107 179
107 180
107 181
107 183
107 184
107 185
107 186
107 187
107 188
107 191
107 197
108 109
108 110
108 111
108 112
108 114
108 116
108 117
108 120
108 121
108 122
108 123
108 126
108 127
108 133
108 134
108 138
108 140
108 145
108 147
108 148
108 150
108 152
108 153
108 154
108 155
108 157
108 158
108 159
108 160
108 161
108 162
108 163
108 167
108 168
108 171
108 172
108 173
108 178
108 179
108 180
108 182
108 183
108 185
108 186
108 187
108 188
108 190
108 191
108 192
108 193
108 197
108 199
109 114
109 118
109 120
109 121
109 122
109 123
109 124
109 125
109 128
109 129
109 135
109 137
109 138
109 139
109 141
109 143
109 144
109 145
109 147
109 148
109 149
109 150
109 151
109 153
109 155
109 156
109 157
109 160
109 161
109 162
109 164
109 166
109 167
109 168
109 169
109 170
109 171
109 172
109 173
109 174
109 178
109 180
109 182
109 183
109 186
109 189
109 190
109 193
109 194
109 197
109 198
110 111
110 112
110 116
110 119
110 120
110 123
110 124
110 126
110 128
110 129
110 130
110 131
110 132
110 134
110 136
110 137
110 138
110 139
110 142
110 143
110 145
110 146
110 148
110 149
110 150
110 157
110 158
110 159
110 161
110 162
110 164
110 165
110 166
110 168
110 170
110 173
110 174
110 175
110 178
110 182
110 183
110 184
110 185
110 186
110 188
110 190
110 191
110 194
110 197
111 118
111 119
111 120
111 121
111 122
111 124
111 127
111 132
111 134
111 135
111 137
111 139
111 141
111 142
111 144
111 145
111 146
111 152
111 154
111 157
111 158
111 159
111 160
111 161
111 163
111 164
111 166
111 167
111 168
111 169
111 172
111 173
111 174
111 175
111 176
111 179
111 180
111 184
111 185
111 186
111 188
111 192
111 193
111 194
111 195
111 196
111 198
112 115
112 116
112 117
112 118
112 119
112 120
112 122
112 123
112 124
112 125
112 127
112 128
112 129
112 130
112 131
112 132
112 134
112 136
112 138
112 139
112 140
112 142
112 143
112 144
112 147
112 148
112 149
112 150
112 151
112 153
112 154
112 155
112 157
112 162
112 163
112 166
112 168
112 169
112 170
112 173
112 174
112 175
112 176
112 177
112 178
112 182
112 183
112 184
112 185
112 186
112 187
112 188
112 189
112 191
112 192
112 195
112 196
112 197
112 198
112 199
113 115
113 118
113 121
113 122
113 123
113 124
113 125
113 126
113 127
113 128
113 131
113 132
113 133
113 135
113 137
113 138
113 141
113 145
113 146
113 147
113 149
113 152
113 153
113 154
113 156
113 157
113 158
113 159
113 160
113 162
113 163
113 164
113 165
113 171
113 172
113 174
113 176
113 177
113 180
113 181
113 183
113 184
113 185
113 186
113 187
113 188
113 190
113 191
113 193
113 196
113 197
113 199
114 116
114 118
114 120
114 121
114 122
114 124
114 127
114 128
114 129
114 130
114 131
114 134
114 135
114 136
114 137
114 138
114 139
114 141
114 143
114 144
114 145
114 146
114 147
114 148
114 149
114 150
114 151
114 152
114 155
114 156
114 157
114 161
114 162
114 163
114 167
114 168
114 170
114 171
114 173
114 174
114 175
114 176
114 178
114 179
114 180
114 181
114 183
114 184
114 185
114 187
114 189
114 190
114 191
114 192
114 193
114 195
114 196
114 197
114 198
115 118
115 119
115 120
115 123
115 124
115 125
115 126
115 127
115 128
115 129
115 130
115 131
115 132
115 133
115 135
115 137
115 140
115 141
115 146
115 147
115 149
115 152
115 153
115 157
115 159
115 160
115 161
115 162
115 163
115 167
115 168
115 170
115 171
115 172
115 173
115 174
115 175
115 176
115 177
115 178
115 179
115 182
115 185
115 190
115 192
115 196
115 198
115 199
116 118
116 119
116 120
116 121
116 123
116 125
116 126
116 128
116 130
116 131
116 133
116 135
116 136
116 137
116 138
116 140
116 144
116 145
116 146
116 147
116 149
116 150
116 152
116 153
116 155
116 156
116 158
116 162
116 163
116 165
116 166
116 167
116 168
116 169
116 170
116 171
116 172
116 173
116 176
116 179
116 180
116 181
116 183
116 186
116 188
116 189
116 190
