9950
0 1
0 4
0 13
0 16
0 17
0 21
0 22
0 25
0 33
0 35
0 36
0 39
0 44
0 46
0 52
0 58
0 59
0 63
0 64
0 66
0 68
0 71
0 72
0 75
0 76
0 77
0 86
0 87
0 89
0 90
0 91
0 92
0 93
0 94
0 95
0 96
0 98
0 101
0 112
0 114
0 115
0 116
0 117
0 119
0 122
0 127
0 130
0 131
0 132
0 136
0 140
0 141
0 142
0 146
0 147
0 150
0 152
0 154
0 156
0 157
0 160
0 161
0 170
0 171
0 175
0 176
0 177
0 181
0 184
0 185
0 188
0 192
0 193
0 5
0 8
0 9
0 10
0 20
0 24
0 26
0 27
0 32
0 34
0 40
0 55
0 60
0 61
0 67
0 69
0 73
0 74
0 79
0 80
0 82
0 83
0 99
0 102
0 103
0 106
0 108
0 110
0 111
0 113
0 128
0 135
0 139
0 144
0 148
0 149
0 151
0 159
0 165
0 167
0 169
0 173
0 174
0 179
0 180
0 191
0 199
1 2
1 3
1 4
1 7
1 21
1 23
1 24
1 25
1 36
1 41
1 42
1 55
1 57
1 60
1 61
1 63
1 64
1 65
1 67
1 71
1 73
1 74
1 76
1 77
1 78
1 82
1 84
1 85
1 86
1 88
1 90
1 92
1 93
1 94
1 98
1 99
1 105
1 106
1 108
1 117
1 119
1 125
1 126
1 127
1 135
1 136
1 151
1 156
1 157
1 163
1 165
1 166
1 171
1 173
1 175
1 178
1 180
1 182
1 183
1 184
1 189
1 194
1 196
1 13
1 15
1 17
1 18
1 22
1 30
1 35
1 39
1 44
1 46
1 49
1 50
1 51
1 53
1 54
1 62
1 68
1 72
1 75
1 80
1 95
1 97
1 104
1 109
1 112
1 114
1 118
1 121
1 123
1 133
1 140
1 143
1 146
1 148
1 150
1 154
1 158
1 159
1 161
1 164
1 168
1 169
1 174
1 177
1 185
1 195
1 198
1 199
2 4
2 8
2 13
2 15
2 16
2 22
2 29
2 40
2 43
2 51
2 56
2 58
2 60
2 61
2 68
2 72
2 82
2 83
2 87
2 89
2 92
2 96
2 97
2 101
2 102
2 104
2 107
2 109
2 110
2 120
2 121
2 123
2 127
2 129
2 131
2 135
2 138
2 140
2 141
2 142
2 154
2 156
2 157
2 158
2 160
2 173
2 174
2 175
2 181
2 189
2 190
2 193
2 194
2 199
2 3
2 7
2 19
2 23
2 24
2 25
2 34
2 41
2 44
2 45
2 52
2 53
2 66
2 69
2 71
2 75
2 76
2 77
2 79
2 84
2 100
2 103
2 111
2 112
2 114
2 119
2 122
2 124
2 151
2 152
2 153
2 165
2 168
2 172
2 177
2 182
2 184
2 186
2 187
2 188
2 191
2 195
3 8
3 10
3 17
3 20
3 21
3 23
3 25
3 26
3 28
3 33
3 38
3 39
3 41
3 44
3 48
3 49
3 51
3 55
3 57
3 58
3 59
3 60
3 62
3 63
3 64
3 73
3 74
3 76
3 79
3 83
3 88
3 90
3 92
3 93
3 96
3 102
3 104
3 106
3 119
3 120
3 122
3 124
3 127
3 128
3 131
3 135
3 141
3 148
3 150
3 159
3 160
3 163
3 168
3 169
3 170
3 172
3 176
3 177
3 178
3 182
3 189
3 193
3 198
3 6
3 7
3 12
3 16
3 24
3 27
3 43
3 56
3 61
3 69
3 70
3 85
3 86
3 95
3 105
3 111
3 112
3 113
3 114
3 116
3 117
3 133
3 138
3 152
3 156
3 158
3 164
3 167
3 171
3 173
3 175
3 187
3 188
3 191
3 196
3 199
4 5
4 7
4 8
4 9
4 10
4 13
4 15
4 17
4 23
4 24
4 27
4 30
4 31
4 35
4 39
4 42
4 44
4 57
4 63
4 66
4 69
4 72
4 73
4 76
4 78
4 85
4 86
4 87
4 89
4 91
4 93
4 94
4 101
4 102
4 104
4 105
4 106
4 108
4 110
4 114
4 117
4 119
4 124
4 132
4 145
4 150
4 151
4 153
4 157
4 158
4 163
4 164
4 166
4 168
4 169
4 170
4 173
4 174
4 183
4 185
4 193
4 11
4 12
4 16
4 19
4 26
4 32
4 33
4 38
4 43
4 48
4 53
4 55
4 56
4 58
4 59
4 62
4 71
4 74
4 75
4 77
4 80
4 82
4 83
4 88
4 95
4 100
4 107
4 112
4 127
4 134
4 136
4 138
4 146
4 152
4 154
4 155
4 159
4 172
4 177
4 182
4 186
4 188
4 195
4 196
4 197
4 199
5 13
5 17
5 18
5 19
5 21
5 23
5 24
5 28
5 31
5 33
5 37
5 41
5 44
5 45
5 48
5 49
5 51
5 56
5 57
5 58
5 59
5 62
5 64
5 75
5 80
5 82
5 85
5 87
5 96
5 99
5 102
5 103
5 104
5 106
5 108
5 114
5 116
5 117
5 118
5 122
5 124
5 125
5 128
5 132
5 135
5 136
5 137
5 140
5 141
5 142
5 148
5 149
5 150
5 155
5 162
5 163
5 164
5 172
5 178
5 180
5 181
5 184
5 188
5 189
5 195
5 196
5 198
5 199
5 7
5 10
5 11
5 14
5 20
5 36
5 39
5 52
5 60
5 65
5 74
5 76
5 77
5 84
5 86
5 90
5 97
5 98
5 107
5 115
5 119
5 126
5 127
5 144
5 145
5 156
5 168
5 169
5 174
5 175
5 179
5 182
5 183
5 187
5 192
5 194
6 7
6 8
6 9
6 12
6 20
6 21
6 22
6 24
6 27
6 31
6 36
6 37
6 40
6 42
6 43
6 45
6 50
6 54
6 57
6 59
6 62
6 65
6 69
6 71
6 75
6 79
6 80
6 82
6 83
6 86
6 87
6 89
6 96
6 97
6 101
6 106
6 107
6 108
6 111
6 119
6 124
6 131
6 132
6 134
6 136
6 137
6 139
6 140
6 141
6 147
6 149
6 150
6 154
6 155
6 163
6 164
6 167
6 168
6 174
6 178
6 180
6 183
6 186
6 189
6 196
6 198
6 15
6 18
6 19
6 29
6 41
6 47
6 48
6 49
6 52
6 53
6 55
6 58
6 64
6 68
6 78
6 88
6 91
6 93
6 105
6 109
6 112
6 113
6 120
6 121
6 144
6 148
6 153
6 158
6 160
6 161
6 173
6 176
6 181
6 185
6 187
6 191
7 8
7 13
7 14
7 18
7 21
7 23
7 24
7 27
7 30
7 32
7 36
7 37
7 40
7 41
7 55
7 57
7 64
7 65
7 77
7 78
7 86
7 88
7 94
7 95
7 104
7 111
7 113
7 117
7 121
7 125
7 126
7 134
7 137
7 142
7 143
7 146
7 147
7 150
7 151
7 155
7 158
7 160
7 164
7 165
7 167
7 169
7 170
7 172
7 174
7 176
7 178
7 181
7 183
7 187
7 188
7 196
7 12
7 15
7 19
7 33
7 34
7 38
7 44
7 48
7 50
7 54
7 58
7 59
7 62
7 66
7 71
7 74
7 82
7 84
7 87
7 90
7 93
7 98
7 100
7 101
7 108
7 109
7 132
7 136
7 152
7 153
7 156
7 159
7 166
7 168
7 180
7 182
7 191
7 198
8 10
8 13
8 15
8 28
8 29
8 38
8 39
8 45
8 49
8 54
8 61
8 68
8 70
8 72
8 73
8 74
8 75
8 76
8 78
8 79
8 88
8 89
8 95
8 97
8 103
8 104
8 108
8 110
8 113
8 114
8 117
8 119
8 125
8 127
8 132
8 136
8 137
8 139
8 141
8 142
8 148
8 150
8 151
8 156
8 157
8 159
8 162
8 165
8 167
8 168
8 176
8 179
8 180
8 181
8 182
8 186
8 188
8 193
8 196
8 199
8 19
8 20
8 21
8 24
8 33
8 35
8 46
8 48
8 53
8 55
8 59
8 60
8 66
8 81
8 83
8 84
8 98
8 106
8 109
8 115
8 120
8 121
8 146
8 147
8 158
8 161
8 163
8 166
8 170
8 174
8 178
8 183
8 187
8 189
8 190
8 191
9 10
9 11
9 12
9 14
9 16
9 17
9 21
9 23
9 27
9 28
9 29
9 31
9 32
9 33
9 34
9 37
9 43
9 44
9 46
9 47
9 50
9 54
9 55
9 57
9 79
9 81
9 84
9 87
9 96
9 98
9 101
9 104
9 106
9 121
9 128
9 129
9 131
9 132
9 133
9 136
9 138
9 139
9 144
9 147
9 148
9 153
9 154
9 157
9 158
9 164
9 165
9 177
9 181
9 182
9 183
9 187
9 188
9 189
9 192
9 199
9 13
9 18
9 20
9 22
9 36
9 39
9 56
9 60
9 62
9 63
9 67
9 69
9 70
9 76
9 80
9 82
9 91
9 92
9 93
9 100
9 103
9 105
9 107
9 112
9 115
9 117
9 119
9 135
9 152
9 162
9 166
9 173
9 178
9 185
9 186
9 191
9 195
9 198
10 14
10 16
10 17
10 22
10 24
10 31
10 33
10 34
10 37
10 40
10 42
10 45
10 46
10 47
10 54
10 59
10 62
10 64
10 70
10 71
10 73
10 75
10 80
10 81
10 82
10 83
10 87
10 88
10 90
10 92
10 93
10 94
10 95
10 102
10 106
10 111
10 113
10 114
10 116
10 123
10 129
10 137
10 138
10 139
10 140
10 142
10 151
10 155
10 157
10 158
10 160
10 167
10 168
10 170
10 171
10 175
10 179
10 181
10 183
10 197
10 198
10 13
10 15
10 21
10 26
10 29
10 30
10 32
10 36
10 38
10 39
10 41
10 48
10 49
10 52
10 53
10 58
10 60
10 63
10 67
10 68
10 69
10 74
10 79
10 84
10 85
10 98
10 101
10 104
10 105
10 108
10 112
10 124
10 126
10 135
10 136
10 143
10 154
10 173
10 174
10 184
10 185
10 187
10 188
10 189
10 193
10 194
10 196
11 12
11 16
11 19
11 22
11 28
11 30
11 40
11 41
11 45
11 47
11 48
11 50
11 52
11 55
11 58
11 61
11 69
11 74
11 76
11 77
11 78
11 87
11 88
11 89
11 90
11 92
11 94
11 97
11 98
11 100
11 101
11 105
11 106
11 112
11 113
11 114
11 120
11 121
11 126
11 133
11 135
11 136
11 137
11 139
11 143
11 152
11 156
11 159
11 161
11 167
11 168
11 172
11 179
11 186
11 188
11 196
11 17
11 18
11 21
11 23
11 25
11 27
11 29
11 43
11 44
11 46
11 56
11 62
11 63
11 65
11 73
11 79
11 91
11 107
11 109
11 117
11 122
11 127
11 128
11 130
11 144
11 145
11 147
11 153
11 162
11 163
11 164
11 166
11 173
11 178
11 181
11 191
12 16
12 17
12 20
12 23
12 25
12 30
12 34
12 35
12 39
12 43
12 45
12 47
12 49
12 53
12 55
12 57
12 58
12 63
12 68
12 69
12 72
12 77
12 88
12 90
12 91
12 95
12 96
12 98
12 101
12 104
12 107
12 108
12 113
12 114
12 116
12 118
12 121
12 122
12 123
12 132
12 136
12 137
12 142
12 146
12 149
12 154
12 156
12 157
12 162
12 163
12 170
12 174
12 177
12 180
12 182
12 183
12 185
12 186
12 188
12 190
12 192
12 15
12 21
12 26
12 28
12 37
12 38
12 42
12 59
12 61
12 67
12 70
12 73
12 74
12 81
12 84
12 93
12 99
12 100
12 103
12 110
12 112
12 120
12 124
12 129
12 130
12 131
12 133
12 135
12 140
12 141
12 143
12 147
12 158
12 166
12 172
12 176
12 181
12 184
12 189
12 191
12 193
12 194
12 198
13 15
13 19
13 22
13 25
13 26
13 29
13 32
13 33
13 34
13 35
13 50
13 55
13 62
13 70
13 73
13 75
13 77
13 79
13 81
13 89
13 91
13 95
13 96
13 102
13 106
13 108
13 109
13 113
13 120
13 122
13 125
13 131
13 133
13 141
13 142
13 147
13 148
13 151
13 152
13 157
13 158
13 162
13 164
13 172
13 175
13 176
13 181
13 187
13 191
13 14
13 17
13 38
13 41
13 44
13 56
13 63
13 67
13 68
13 69
13 71
13 72
13 74
13 84
13 90
13 92
13 93
13 98
13 112
13 115
13 117
13 124
13 128
13 129
13 132
13 134
13 135
13 136
13 137
13 138
13 143
13 145
13 146
13 161
13 163
13 165
13 167
13 170
13 178
13 180
13 188
13 192
13 194
13 195
13 196
14 15
14 27
14 29
14 35
14 39
14 42
14 44
14 46
14 48
14 50
14 53
14 54
14 55
14 58
14 62
14 64
14 66
14 72
14 79
14 80
14 82
14 90
14 91
14 95
14 99
14 101
14 104
14 107
14 111
14 112
14 116
14 118
14 119
14 120
14 121
14 124
14 130
14 131
14 132
14 136
14 138
14 143
14 152
14 153
14 156
14 165
14 167
14 175
14 177
14 178
14 185
14 186
14 190
14 198
14 199
14 16
14 20
14 23
14 32
14 41
14 52
14 56
14 63
14 65
14 70
14 83
14 86
14 88
14 93
14 96
14 102
14 106
14 109
14 110
14 115
14 127
14 140
14 144
14 147
14 148
14 154
14 155
14 159
14 161
14 162
14 168
14 170
14 172
14 173
14 180
14 182
14 183
14 187
14 188
14 191
14 193
14 195
15 20
15 22
15 26
15 27
15 36
15 37
15 41
15 44
15 46
15 48
15 51
15 53
15 54
15 55
15 64
15 65
15 74
15 85
15 87
15 88
15 89
15 90
15 93
15 96
15 99
15 103
15 106
15 110
15 120
15 122
15 124
15 127
15 128
15 134
15 138
15 140
15 141
15 148
15 155
15 161
15 167
15 170
15 171
15 174
15 176
15 179
15 191
15 193
15 196
15 17
15 19
15 21
15 24
15 25
15 28
15 29
15 31
15 32
15 43
15 56
15 58
15 61
15 66
15 67
15 70
15 77
15 82
15 84
15 94
15 95
15 97
15 105
15 108
15 109
15 111
15 113
15 115
15 116
15 123
15 129
15 130
15 132
15 136
15 137
15 139
15 142
15 144
15 150
15 156
15 157
15 162
15 163
15 172
15 173
15 183
15 185
15 189
15 194
15 195
15 199
16 17
16 24
16 26
16 30
16 35
16 38
16 39
16 41
16 42
16 47
16 52
16 55
16 61
16 64
16 66
16 69
16 70
16 71
16 72
16 73
16 74
16 75
16 76
16 81
16 82
16 83
16 86
16 96
16 97
16 98
16 101
16 105
16 106
16 107
16 108
16 109
16 110
16 113
16 121
16 123
16 125
16 126
16 129
16 131
16 132
16 135
16 143
16 144
16 153
16 154
16 155
16 157
16 162
16 165
16 166
16 167
16 168
16 174
16 176
16 180
16 181
16 185
16 197
16 198
16 19
16 23
16 28
16 32
16 40
16 43
16 48
16 51
16 56
16 58
16 62
16 68
16 93
16 99
16 100
16 102
16 104
16 112
16 114
16 117
16 120
16 133
16 137
16 139
16 150
16 151
16 152
16 158
16 163
16 164
16 173
16 175
16 177
16 179
17 19
17 20
17 25
17 28
17 32
17 33
17 51
17 53
17 61
17 62
17 66
17 67
17 75
17 85
17 88
17 89
17 90
17 101
17 108
17 109
17 110
17 114
17 118
17 123
17 129
17 130
17 131
17 138
17 139
17 140
17 141
17 144
17 150
17 154
17 158
17 160
17 164
17 168
17 170
17 171
17 172
17 179
17 180
17 182
17 190
17 192
17 21
17 22
17 23
17 30
17 31
17 35
17 38
17 45
17 52
17 56
17 59
17 60
17 68
17 70
17 83
17 91
17 107
17 113
17 116
17 119
17 122
17 126
17 133
17 147
17 151
17 161
17 163
17 165
17 167
17 175
17 181
17 183
17 184
17 187
17 188
17 193
17 197
18 24
18 26
18 27
18 28
18 29
18 32
18 38
18 41
18 47
18 51
18 57
18 67
18 68
18 72
18 81
18 91
18 102
18 103
18 105
18 108
18 118
18 122
18 124
18 125
18 128
18 130
18 132
18 133
18 134
18 136
18 139
18 140
18 144
18 146
18 147
18 155
18 167
18 168
18 174
18 177
18 179
18 181
18 182
18 183
18 185
18 186
18 191
18 193
18 194
18 195
18 198
18 199
18 20
18 21
18 30
18 34
18 39
18 46
18 56
18 58
18 62
18 63
18 65
18 77
18 78
18 84
18 88
18 89
18 90
18 97
18 100
18 104
18 110
18 116
18 120
18 126
18 127
18 137
18 138
18 142
18 145
18 149
18 152
18 160
18 163
18 172
18 180
18 188
18 197
19 20
19 21
19 22
19 34
19 35
19 37
19 41
19 46
19 48
19 49
19 55
19 56
19 57
19 59
19 65
19 66
19 75
19 83
19 84
19 90
19 92
19 95
19 96
19 97
19 104
19 105
19 110
19 119
19 125
19 132
19 135
19 139
19 141
19 143
19 158
19 160
19 167
19 170
19 172
19 192
19 195
19 198
19 26
19 27
19 30
19 31
19 32
19 36
19 40
19 44
19 47
19 50
19 52
19 54
19 58
19 63
19 64
19 69
19 78
19 79
19 80
19 86
19 99
19 100
19 107
19 111
19 112
19 126
19 128
19 130
19 131
19 134
19 144
19 145
19 146
19 152
19 153
19 156
19 157
19 163
19 166
19 171
19 177
19 178
19 179
19 180
19 182
19 184
19 190
19 193
20 41
20 47
20 50
20 51
20 58
20 61
20 68
20 70
20 73
20 79
20 81
20 85
20 86
20 88
20 91
20 92
20 96
20 97
20 99
20 102
20 109
20 113
20 116
20 119
20 128
20 130
20 131
20 132
20 133
20 135
20 140
20 145
20 151
20 155
20 156
20 159
20 160
20 163
20 166
20 167
20 169
20 171
20 178
20 179
20 182
20 186
20 191
20 192
20 21
20 22
20 26
20 28
20 30
20 32
20 35
20 39
20 43
20 46
20 62
20 63
20 67
20 72
20 74
20 80
20 82
20 87
20 89
20 94
20 95
20 98
20 100
20 106
20 107
20 110
20 111
20 114
20 117
20 121
20 138
20 147
20 149
20 152
20 153
20 154
20 162
20 168
20 170
20 180
20 183
20 187
20 188
20 189
20 195
20 199
21 29
21 30
21 31
21 36
21 42
21 45
21 47
21 48
21 50
21 53
21 57
21 58
21 59
21 64
21 65
21 68
21 69
21 71
21 74
21 79
21 85
21 86
21 88
21 89
21 90
21 98
21 100
21 102
21 108
21 109
21 115
21 116
21 118
21 122
21 129
21 132
21 136
21 138
21 152
21 161
21 166
21 170
21 176
21 177
21 180
21 182
21 183
21 185
21 186
21 190
21 191
21 26
21 33
21 34
21 35
21 39
21 40
21 41
21 44
21 73
21 77
21 78
21 80
21 84
21 91
21 95
21 107
21 110
21 112
21 119
21 120
21 127
21 130
21 135
21 137
21 139
21 140
21 141
21 144
21 150
21 151
21 156
21 162
21 165
21 169
21 178
21 187
21 188
21 189
21 192
21 193
21 195
21 198
22 26
22 28
22 29
22 33
22 39
22 41
22 50
22 51
22 54
22 55
22 57
22 58
22 60
22 63
22 68
22 69
22 73
22 74
22 80
22 81
22 87
22 88
22 92
22 94
22 96
22 101
22 113
22 115
22 122
22 124
22 125
22 127
22 130
22 134
22 135
22 136
22 137
22 139
22 143
22 145
22 146
22 148
22 151
22 152
22 154
22 155
22 156
22 162
22 166
22 168
22 170
22 172
22 177
22 178
22 179
22 182
22 183
22 184
22 185
22 186
22 188
22 194
22 195
22 196
22 24
22 25
22 30
22 44
22 48
22 49
22 53
22 56
22 64
22 70
22 75
22 76
22 77
22 85
22 95
22 105
22 106
22 108
22 109
22 110
22 116
22 119
22 141
22 149
22 153
22 160
22 167
22 189
22 190
23 24
23 27
23 28
23 30
23 32
23 38
23 41
23 42
23 48
23 50
23 51
23 53
23 57
23 58
23 60
23 65
23 67
23 75
23 77
23 79
23 93
23 108
23 113
23 114
23 115
23 118
23 121
23 126
23 127
23 130
23 131
23 136
23 137
23 139
23 142
23 145
23 146
23 152
23 154
23 157
23 158
23 159
23 163
23 164
23 165
23 171
23 174
23 175
23 177
23 178
23 180
23 182
23 183
23 184
23 185
23 186
23 188
23 195
23 196
23 197
23 198
23 199
23 31
23 40
23 43
23 46
23 47
23 56
23 59
23 62
23 63
23 66
23 68
23 70
23 72
23 73
23 81
23 87
23 88
23 89
23 95
23 103
23 107
23 117
23 120
23 124
23 128
23 132
23 135
23 138
23 143
23 147
23 148
23 155
23 166
23 167
23 169
23 172
23 179
23 181
23 192
23 193
23 194
24 25
24 29
24 35
24 36
24 39
24 40
24 51
24 55
24 63
24 65
24 68
24 70
24 72
24 74
24 75
24 80
24 91
24 96
24 99
24 100
24 102
24 103
24 105
24 106
24 112
24 116
24 117
24 118
24 120
24 137
24 138
24 149
24 153
24 156
24 157
24 162
24 165
24 169
24 175
24 180
24 194
24 198
24 199
24 28
24 30
24 31
24 38
24 48
24 49
24 57
24 59
24 60
24 71
24 77
24 82
24 83
24 84
24 87
24 90
24 94
24 110
24 113
24 115
24 119
24 123
24 124
24 127
24 129
24 136
24 143
24 155
24 160
24 164
24 168
24 170
24 171
24 172
24 173
24 174
24 178
24 179
24 182
24 184
24 196
24 197
25 34
25 35
25 36
25 37
25 42
25 47
25 48
25 51
25 52
25 53
25 55
25 73
25 75
25 82
25 83
25 84
25 90
25 91
25 94
25 95
25 96
25 99
25 105
25 114
25 116
25 120
25 121
25 129
25 131
25 137
25 145
25 154
25 157
25 161
25 162
25 168
25 170
25 173
25 181
25 182
25 184
25 191
25 193
25 194
25 198
25 199
25 28
25 29
25 31
25 33
25 38
25 39
25 41
25 44
25 46
25 50
25 59
25 62
25 64
25 65
25 68
25 72
25 74
25 76
25 78
25 79
25 80
25 81
25 88
25 97
25 104
25 106
25 107
25 108
25 110
25 112
25 115
25 118
25 122
25 125
25 126
25 133
25 136
25 138
25 139
25 142
25 143
25 149
25 150
25 151
25 152
25 153
25 155
25 156
25 163
25 171
25 175
25 176
25 178
25 179
25 183
25 185
25 187
25 190
25 195
25 196
26 28
26 32
26 46
26 51
26 52
26 56
26 58
26 60
26 64
26 66
26 69
26 73
26 76
26 78
26 81
26 85
26 88
26 94
26 97
26 100
26 102
26 107
26 108
26 111
26 113
26 114
26 128
26 130
26 134
26 138
26 141
26 143
26 147
26 151
26 160
26 161
26 165
26 168
26 169
26 180
26 186
26 187
26 192
26 193
26 197
26 27
26 34
26 35
26 37
26 42
26 47
26 48
26 50
26 55
26 61
26 65
26 67
26 70
26 74
26 79
26 80
26 82
26 84
26 89
26 90
26 93
26 96
26 101
26 105
26 112
26 115
26 117
26 129
26 132
26 133
26 135
26 136
26 139
26 148
26 152
26 153
26 156
26 157
26 163
26 166
26 172
26 176
26 194
26 195
27 37
27 38
27 39
27 40
27 42
27 51
27 54
27 56
27 61
27 62
27 63
27 69
27 79
27 82
27 87
27 91
27 94
27 96
27 99
27 102
27 104
27 110
27 114
27 115
27 117
27 119
27 126
27 130
27 131
27 132
27 135
27 136
27 138
27 148
27 151
27 154
27 165
27 166
27 170
27 175
27 178
27 180
27 184
27 186
27 188
27 190
27 191
27 195
27 197
27 199
27 34
27 35
27 45
27 48
27 50
27 53
27 55
27 58
27 59
27 65
27 70
27 71
27 75
27 81
27 83
27 84
27 85
27 88
27 89
27 93
27 97
27 98
27 100
27 108
27 109
27 111
27 120
27 121
27 127
27 128
27 140
27 142
27 144
27 145
27 146
27 147
27 161
27 162
27 164
27 173
27 176
27 182
28 32
28 36
28 41
28 42
28 46
28 47
28 49
28 50
28 52
28 55
28 59
28 60
28 61
28 64
28 67
28 72
28 73
28 74
28 75
28 76
28 79
28 80
28 88
28 89
28 91
28 92
28 93
28 96
28 104
28 106
28 107
28 109
28 110
28 111
28 114
28 117
28 126
28 130
28 132
28 140
28 142
28 143
28 148
28 151
28 156
28 160
28 161
28 166
28 168
28 170
28 172
28 176
28 177
28 184
28 190
28 194
28 196
28 197
28 39
28 43
28 45
28 53
28 71
28 77
28 78
28 86
28 87
28 98
28 99
28 101
28 108
28 118
28 119
28 120
28 134
28 141
28 146
28 149
28 157
28 158
28 167
28 171
28 174
28 178
28 179
28 180
28 189
28 195
28 199
29 31
29 33
29 34
29 35
29 36
29 40
29 42
29 43
29 44
29 51
29 54
29 59
29 64
29 67
29 68
29 72
29 73
29 76
29 84
29 87
29 96
29 108
29 111
29 114
29 115
29 117
29 121
29 122
29 133
29 134
29 135
29 138
29 142
29 144
29 145
29 147
29 149
29 150
29 153
29 157
29 158
29 166
29 167
29 171
29 174
29 177
29 178
29 179
29 181
29 182
29 188
29 190
29 193
29 39
29 45
29 47
29 62
29 63
29 71
29 74
29 77
29 78
29 81
29 83
29 85
29 86
29 95
29 97
29 99
29 105
29 107
29 109
29 112
29 113
29 119
29 123
29 136
29 143
29 146
29 148
29 155
29 159
29 162
29 164
29 173
29 183
29 189
29 194
29 198
30 33
30 34
30 37
30 45
30 46
30 53
30 66
30 70
30 72
30 76
30 77
30 81
30 88
30 91
30 93
30 96
30 100
30 105
30 106
30 115
30 121
30 124
30 125
30 130
30 134
30 136
30 137
30 140
30 142
30 151
30 154
30 155
30 159
30 172
30 175
30 176
30 178
30 182
30 184
30 186
30 187
30 189
30 190
30 192
30 194
30 197
30 31
30 32
30 40
30 43
30 47
30 50
30 51
30 54
30 55
30 56
30 59
30 61
30 62
30 68
30 71
30 74
30 85
30 86
30 87
30 90
30 95
30 98
30 99
30 102
30 112
30 116
30 117
30 126
30 135
30 145
30 147
30 148
30 149
30 153
30 158
30 163
30 171
30 173
30 177
30 179
30 188
30 199
31 32
31 41
31 44
31 45
31 48
31 50
31 55
31 56
31 61
31 64
31 66
31 67
31 68
31 70
31 75
31 77
31 84
31 85
31 89
31 91
31 94
31 98
31 102
31 106
31 114
31 119
31 122
31 125
31 126
31 133
31 135
31 137
31 138
31 140
31 144
31 153
31 155
31 156
31 162
31 164
31 170
31 172
31 178
31 181
31 182
31 185
31 190
31 191
31 194
31 199
31 36
31 37
31 40
31 49
31 52
31 53
31 54
31 63
31 65
31 69
31 73
31 78
31 83
31 87
31 92
31 95
31 96
31 97
31 100
31 105
31 110
31 113
31 132
31 136
31 150
31 152
31 169
31 173
31 174
31 179
31 187
31 192
31 193
31 197
32 42
32 49
32 51
32 53
32 54
32 58
32 63
32 67
32 69
32 71
32 73
32 75
32 78
32 86
32 89
32 90
32 95
32 96
32 97
32 99
32 100
32 101
32 102
32 103
32 104
32 108
32 109
32 110
32 111
32 115
32 117
32 120
32 129
32 132
32 140
32 142
32 143
32 145
32 146
32 152
32 153
32 154
32 156
32 157
32 158
32 166
32 170
32 173
32 179
32 182
32 184
32 189
32 33
32 40
32 46
32 47
32 55
32 57
32 59
32 66
32 72
32 74
32 85
32 119
32 130
32 133
32 138
32 149
32 150
32 155
32 162
32 164
32 167
32 169
32 171
32 172
32 175
32 180
32 181
32 186
32 188
32 191
32 193
32 195
32 198
32 199
33 36
33 41
33 43
33 44
33 46
33 47
33 49
33 50
33 51
33 63
33 65
33 66
33 68
33 70
33 78
33 81
33 82
33 88
33 91
33 101
33 102
33 104
33 105
33 110
33 111
33 113
33 118
33 128
33 132
33 135
33 136
33 137
33 146
33 148
33 151
33 153
33 159
33 163
33 164
33 170
33 174
33 175
33 178
33 185
33 186
33 190
33 192
33 199
33 38
33 39
33 42
33 53
33 57
33 64
33 74
33 77
33 79
33 83
33 84
33 85
33 97
33 98
33 100
33 103
33 107
33 114
33 116
33 119
33 121
33 122
33 127
33 131
33 140
33 144
33 154
33 160
33 161
33 171
33 182
33 195
33 197
33 198
34 43
34 46
34 49
34 52
34 56
34 61
34 66
34 67
34 70
34 72
34 74
34 76
34 78
34 88
34 91
34 92
34 98
34 101
34 105
34 107
34 114
34 117
34 118
34 122
34 124
34 125
34 130
34 132
34 135
34 137
34 146
34 151
34 152
34 155
34 156
34 159
34 163
34 166
34 167
34 170
34 171
34 172
34 174
34 177
34 183
34 185
34 187
34 192
34 38
34 41
34 42
34 44
34 57
34 59
34 64
34 68
34 79
34 82
34 83
34 86
34 93
34 96
34 99
34 102
34 106
34 109
34 110
34 113
34 126
34 140
34 141
34 143
34 144
34 153
34 154
34 158
34 165
34 169
34 178
34 186
34 189
34 196
35 39
35 41
35 42
35 43
35 45
35 46
35 51
35 52
35 61
35 67
35 69
35 77
35 80
35 86
35 87
35 90
35 91
35 92
35 93
35 95
35 97
35 98
35 102
35 105
35 115
35 120
35 121
35 126
35 128
35 133
35 136
35 137
35 138
35 139
35 141
35 142
35 153
35 154
35 156
35 160
35 169
35 171
35 174
35 175
35 178
35 191
35 194
35 195
35 197
35 40
35 44
35 49
35 53
35 57
35 58
35 62
35 64
35 65
35 66
35 68
35 79
35 83
35 85
35 99
35 103
35 108
35 113
35 135
35 149
35 150
35 152
35 155
35 164
35 170
35 176
35 184
35 193
35 196
36 37
36 41
36 42
36 46
36 47
36 53
36 54
36 55
36 56
36 58
36 63
36 67
36 71
36 77
36 78
36 84
36 85
36 88
36 89
36 91
36 92
36 97
36 100
36 102
36 105
36 106
36 108
36 109
36 118
36 119
36 121
36 122
36 123
36 124
36 128
36 138
36 145
36 146
36 147
36 153
36 154
36 159
36 164
36 165
36 169
36 170
36 175
36 180
36 185
36 186
36 187
36 191
36 44
36 45
36 60
36 61
36 62
36 64
36 76
36 86
36 96
36 99
36 103
36 110
36 127
36 131
36 133
36 137
36 142
36 143
36 152
36 156
36 161
36 166
36 171
36 172
36 174
36 176
36 184
36 188
36 190
36 192
36 193
36 195
36 196
36 198
37 38
37 41
37 48
37 54
37 57
37 59
37 63
37 66
37 67
37 68
37 70
37 71
37 73
37 84
37 92
37 94
37 100
37 109
37 110
37 113
37 117
37 121
37 127
37 130
37 133
37 134
37 135
37 137
37 140
37 142
37 146
37 148
37 149
37 152
37 154
37 159
37 161
37 166
37 170
37 173
37 177
37 185
37 189
37 193
37 195
37 39
37 43
37 47
37 50
37 56
37 60
37 80
37 90
37 91
37 93
37 102
37 103
37 105
37 107
37 108
37 119
37 123
37 129
37 141
37 153
37 176
37 180
37 186
37 187
37 198
38 39
38 41
38 44
38 46
38 48
38 49
38 50
38 57
38 61
38 68
38 71
38 73
38 75
38 79
38 82
38 83
38 95
38 98
38 102
38 106
38 111
38 112
38 117
38 118
38 120
38 123
38 130
38 132
38 133
38 135
38 138
38 141
38 143
38 146
38 149
38 151
38 152
38 155
38 157
38 161
38 164
38 166
38 167
38 184
38 185
38 187
38 188
38 191
38 192
38 194
38 195
38 196
38 197
38 198
38 199
38 42
38 43
38 47
38 51
38 53
38 55
38 56
38 59
38 67
38 69
38 70
38 72
38 76
38 80
38 81
38 86
38 88
38 91
38 99
38 109
38 110
38 114
38 119
38 148
38 159
38 160
38 162
38 163
38 171
38 174
38 175
38 178
38 186
38 189
38 193
39 40
39 41
39 42
39 45
39 47
39 50
39 51
39 61
39 63
39 64
39 72
39 78
39 80
39 81
39 86
39 87
39 89
39 102
39 103
39 104
39 108
39 113
39 116
39 117
39 118
39 119
39 123
39 124
39 126
39 129
39 130
39 134
39 135
39 136
39 146
39 147
39 151
39 155
39 158
39 159
39 164
39 165
39 168
39 170
39 176
39 177
39 181
39 185
39 188
39 190
39 192
39 195
39 199
39 43
39 68
39 71
39 74
39 84
39 93
39 95
39 97
39 98
39 101
39 105
39 107
39 109
39 114
39 120
39 122
39 132
39 137
39 138
39 148
39 153
39 154
39 157
39 167
39 179
39 180
39 189
39 193
39 198
40 41
40 42
40 49
40 51
40 54
40 55
40 57
40 61
40 62
40 63
40 64
40 72
40 75
40 76
40 80
40 83
40 86
40 89
40 93
40 97
40 103
40 105
40 108
40 110
40 111
40 116
40 118
40 120
40 121
40 124
40 126
40 130
40 131
40 132
40 136
40 138
40 141
40 144
40 146
40 148
40 163
40 172
40 175
40 176
40 177
40 181
40 182
40 190
40 192
40 196
40 199
40 47
40 53
40 69
40 71
40 73
40 79
40 87
40 88
40 92
40 96
40 100
40 101
40 114
40 122
40 127
40 135
40 137
40 139
40 149
40 157
40 158
40 161
40 167
40 169
40 171
40 178
40 185
40 186
40 188
40 197
41 42
41 43
41 45
41 48
41 51
41 53
41 54
41 57
41 62
41 64
41 66
41 67
41 68
41 73
41 77
41 83
41 84
41 86
41 89
41 90
41 92
41 93
41 94
41 97
41 99
41 101
41 103
41 106
41 107
41 117
41 118
41 131
41 136
41 137
41 143
41 147
41 149
41 151
41 156
41 160
41 164
41 167
41 169
41 171
41 173
41 180
41 182
41 184
41 185
41 189
41 190
41 191
41 192
41 196
41 47
41 49
41 52
41 58
41 60
41 76
41 79
41 80
41 85
41 95
41 105
41 109
41 115
41 122
41 124
41 127
41 132
41 152
41 159
41 163
41 165
41 170
41 178
41 179
41 181
41 188
41 198
41 199
42 45
42 48
42 49
42 50
42 51
42 62
42 63
42 64
42 69
42 70
42 71
42 73
42 78
42 80
42 82
42 86
42 87
42 99
42 100
42 102
42 104
42 109
42 110
42 111
42 113
42 120
42 122
42 123
42 124
42 128
42 130
42 134
42 137
42 140
42 157
42 161
42 162
42 165
42 166
42 170
42 173
42 174
42 179
42 186
42 196
42 197
42 52
42 55
42 60
42 66
42 67
42 77
42 81
42 84
42 88
42 89
42 94
42 101
42 103
42 114
42 116
42 118
42 125
42 136
42 141
42 142
42 145
42 148
42 150
42 152
42 159
42 169
42 171
42 172
42 175
42 178
42 182
42 183
42 189
42 190
42 195
43 52
43 55
43 57
43 58
43 66
43 67
43 71
43 73
43 75
43 76
43 79
43 80
43 89
43 90
43 95
43 97
43 98
43 100
43 105
43 106
43 110
43 112
43 114
43 117
43 124
43 125
43 139
43 142
43 143
43 147
43 151
43 156
43 162
43 164
43 177
43 178
43 183
43 186
43 187
43 191
43 192
43 44
43 49
43 60
43 64
43 65
43 78
43 83
43 84
43 103
43 107
43 108
43 111
43 115
43 121
43 129
43 133
43 134
43 135
43 141
43 159
43 161
43 169
43 170
43 171
43 173
43 174
43 180
43 181
43 182
43 185
43 189
43 196
44 45
44 54
44 56
44 57
44 61
44 67
44 70
44 72
44 75
44 77
44 81
44 87
44 91
44 92
44 96
44 97
44 106
44 115
44 118
44 122
44 123
44 128
44 130
44 132
44 133
44 134
44 137
44 140
44 143
44 145
44 149
44 150
44 151
44 154
44 156
44 158
44 160
44 163
44 167
44 184
44 189
44 192
44 195
44 197
44 198
44 60
44 68
44 71
44 73
44 76
44 85
44 88
44 94
44 98
44 109
44 120
44 135
44 141
44 142
44 148
44 159
44 161
44 162
44 165
44 169
44 171
44 178
44 179
44 180
44 194
45 50
45 56
45 68
45 82
45 84
45 85
45 89
45 91
45 92
45 96
45 100
45 101
45 102
45 104
45 106
45 108
45 111
45 114
45 115
45 117
45 118
45 120
45 133
45 134
45 135
45 136
45 138
45 145
45 148
45 152
45 153
45 156
45 157
45 158
45 160
45 164
45 167
45 170
45 178
45 190
45 193
45 194
45 198
45 47
45 48
45 54
45 55
45 57
45 58
45 64
45 65
45 69
45 73
45 75
45 81
45 83
45 87
45 90
45 107
45 110
45 122
45 124
45 125
45 128
45 130
45 131
45 151
45 161
45 162
45 163
45 165
45 172
45 173
45 176
45 185
45 191
45 196
46 47
46 50
46 52
46 54
46 64
46 65
46 66
46 69
46 70
46 72
46 77
46 83
46 90
46 92
46 94
46 98
46 103
46 106
46 107
46 115
46 117
46 118
46 120
46 123
46 131
46 133
46 135
46 144
46 152
46 153
46 156
46 159
46 160
46 161
46 163
46 164
46 165
46 166
46 167
46 182
46 183
46 188
46 189
46 191
46 192
46 198
46 199
46 48
46 49
46 53
46 55
46 58
46 59
46 73
46 76
46 95
46 96
46 97
46 102
46 108
46 109
46 110
46 132
46 138
46 139
46 146
46 147
46 154
46 168
46 173
46 174
46 177
46 179
46 180
46 185
46 186
46 193
47 50
47 54
47 56
47 57
47 59
47 61
47 64
47 66
47 73
47 75
47 76
47 78
47 80
47 84
47 87
47 90
47 92
47 93
47 94
47 97
47 100
47 106
47 112
47 114
47 117
47 120
47 125
47 126
47 130
47 134
47 135
47 136
47 139
47 142
47 144
47 145
47 146
47 149
47 151
47 153
47 157
47 158
47 159
47 162
47 165
47 166
47 167
47 168
47 170
47 171
47 178
47 183
47 186
47 191
47 192
47 193
47 194
47 195
47 196
47 48
47 52
47 53
47 63
47 67
47 72
47 74
47 89
47 96
47 103
47 104
47 107
47 109
47 115
47 121
47 122
47 131
47 140
47 141
47 147
47 150
47 152
47 160
47 163
47 172
47 174
47 177
47 181
47 184
47 189
47 197
48 49
48 50
48 52
48 53
48 71
48 74
48 75
48 76
48 77
48 80
48 87
48 88
48 93
48 94
48 100
48 104
48 107
48 112
48 113
48 115
48 123
48 129
48 130
48 131
48 132
48 133
48 135
48 138
48 139
48 140
48 146
48 147
48 149
48 150
48 155
48 159
48 160
48 162
48 163
48 164
48 165
48 171
48 172
48 174
48 178
48 179
48 183
48 186
48 187
48 190
48 199
48 51
48 54
48 64
48 69
48 84
48 89
48 90
48 96
48 98
48 105
48 111
48 117
48 120
48 127
48 137
48 145
48 151
48 156
48 166
48 170
48 182
48 184
48 192
48 193
48 194
48 196
48 198
49 51
49 52
49 56
49 58
49 62
49 64
49 67
49 69
49 71
49 72
49 73
49 79
49 82
49 83
49 85
49 87
49 89
49 91
49 92
49 95
49 96
49 100
49 105
49 112
49 113
49 118
49 119
49 123
49 124
49 134
49 140
49 141
49 142
49 155
49 156
49 157
49 158
49 160
49 163
49 164
49 167
49 168
49 170
49 174
49 175
49 178
49 180
49 187
49 195
49 197
49 198
49 53
49 55
49 63
49 75
49 78
49 84
49 88
49 99
49 103
49 108
49 109
49 115
49 116
49 127
49 129
49 131
49 135
49 137
49 138
49 139
49 146
49 148
49 153
49 154
49 162
49 166
49 179
49 183
49 188
49 189
49 190
50 51
50 60
50 68
50 76
50 77
50 80
50 86
50 88
50 91
50 95
50 98
50 99
50 103
50 106
50 109
50 110
50 112
50 113
50 116
50 120
50 121
50 123
50 126
50 129
50 131
50 136
50 140
50 144
50 147
50 153
50 154
50 156
50 158
50 159
50 160
50 164
50 165
50 168
50 172
50 175
50 176
50 180
50 185
50 189
50 193
50 196
50 198
50 54
50 55
50 57
50 66
50 67
50 71
50 72
50 73
50 78
50 79
50 87
50 92
50 97
50 108
50 111
50 117
50 119
50 125
50 127
50 134
50 137
50 138
50 141
50 143
50 151
50 152
50 161
50 169
50 170
50 173
50 174
50 177
50 179
50 183
50 194
50 195
50 197
51 54
51 58
51 60
51 65
51 70
51 72
51 87
51 92
51 93
51 94
51 100
51 101
51 111
51 113
51 114
51 124
51 125
51 128
51 130
51 132
51 135
51 138
51 145
51 146
51 147
51 148
51 149
51 150
51 151
51 154
51 156
51 157
51 160
51 161
51 163
51 173
51 174
51 177
51 181
51 184
51 188
51 195
51 196
51 52
51 61
51 75
51 79
51 84
51 85
51 88
51 90
51 95
51 96
51 97
51 98
51 106
51 112
51 117
51 121
51 123
51 126
51 127
51 133
51 139
51 140
51 141
51 142
51 155
51 162
51 165
51 166
51 172
51 175
51 180
51 189
52 54
52 55
52 57
52 62
52 63
52 65
52 69
52 71
52 72
52 74
52 81
52 83
52 84
52 85
52 86
52 90
52 103
52 104
52 105
52 106
52 107
52 112
52 113
52 114
52 115
52 118
52 120
52 121
52 123
52 126
52 127
52 129
52 134
52 135
52 136
52 138
52 141
52 144
52 150
52 151
52 155
52 156
52 157
52 163
52 164
52 166
52 167
52 169
52 171
52 172
52 174
52 176
52 180
52 183
52 186
52 196
52 197
52 58
52 59
52 60
52 64
52 75
52 80
52 88
52 91
52 92
52 95
52 99
52 100
52 102
52 111
52 124
52 128
52 130
52 139
52 146
52 147
52 152
52 153
52 158
52 159
52 161
52 178
52 179
52 191
52 199
53 65
53 66
53 70
53 74
53 78
53 79
53 91
53 93
53 94
53 96
53 98
53 100
53 104
53 105
53 106
53 109
53 110
53 111
53 113
53 117
53 118
53 119
53 123
53 129
53 130
53 136
53 139
53 140
53 141
53 143
53 146
53 147
53 148
53 150
53 156
53 171
53 172
53 177
53 184
53 186
53 189
53 191
53 56
53 57
53 59
53 64
53 67
53 68
53 71
53 72
53 76
53 80
53 81
53 82
53 83
53 86
53 90
53 95
53 97
53 102
53 122
53 125
53 128
53 144
53 149
53 157
53 158
53 161
53 162
53 169
53 170
53 175
53 180
53 193
53 194
53 195
53 199
54 55
54 61
54 66
54 69
54 71
54 74
54 83
54 89
54 90
54 93
54 97
54 102
54 104
54 106
54 108
54 110
54 114
54 117
54 118
54 124
54 126
54 132
54 133
54 135
54 139
54 143
54 144
54 145
54 149
54 150
54 151
54 160
54 164
54 165
54 166
54 169
54 173
54 174
54 176
54 178
54 179
54 182
54 188
54 190
54 191
54 192
54 193
54 195
54 57
54 63
54 64
54 79
54 81
54 82
54 85
54 86
54 100
54 101
54 113
54 115
54 119
54 121
54 123
54 127
54 128
54 140
54 147
54 153
54 154
54 156
54 171
54 177
54 180
54 183
54 184
54 186
54 194
54 197
55 56
55 58
55 59
55 61
55 65
55 69
55 74
55 75
55 80
55 85
55 87
55 89
55 90
55 91
55 93
55 95
55 97
55 100
55 111
55 112
55 113
55 120
55 132
55 133
55 135
55 138
55 143
55 144
55 147
55 152
55 154
55 156
55 174
55 176
55 179
55 192
55 193
55 196
55 60
55 67
55 70
55 71
55 78
55 82
55 86
55 107
55 110
55 116
55 119
55 122
55 123
55 124
55 125
55 129
55 130
55 131
55 137
55 139
55 145
55 146
55 162
55 164
55 173
55 177
55 178
55 181
55 191
55 194
55 195
55 198
56 62
56 63
56 67
56 68
56 69
56 70
56 75
56 77
56 79
56 81
56 83
56 90
56 91
56 97
56 99
56 101
56 120
56 126
56 130
56 131
56 138
56 141
56 146
56 147
56 149
56 150
56 154
56 158
56 160
56 162
56 169
56 174
56 179
56 180
56 181
56 184
56 185
56 186
56 187
56 188
56 191
56 192
56 193
56 196
56 61
56 66
56 74
56 76
56 78
56 88
56 93
56 102
56 103
56 105
56 109
56 112
56 114
56 118
56 119
56 127
56 134
56 145
56 153
56 156
56 165
56 166
56 170
56 173
56 178
56 183
56 195
57 59
57 62
57 65
57 69
57 72
57 75
57 76
57 79
57 82
57 83
57 85
57 86
57 98
57 104
57 105
57 107
57 111
57 112
57 113
57 114
57 116
57 117
57 118
57 120
57 124
57 127
57 129
57 131
57 137
57 140
57 146
57 152
57 163
57 168
57 173
57 177
57 178
57 181
57 182
57 183
57 187
57 188
57 194
57 71
57 90
57 91
57 97
57 99
57 101
57 108
57 132
57 135
57 136
57 139
57 141
57 148
57 156
57 158
57 161
57 166
57 167
57 169
57 170
57 171
57 175
57 176
57 179
57 192
57 199
58 67
58 68
58 71
58 74
58 75
58 76
58 77
58 78
58 80
58 81
58 88
58 93
58 94
58 102
58 104
58 111
58 112
58 113
58 119
58 120
58 123
58 124
58 127
58 131
58 134
58 137
58 145
58 154
58 155
58 157
58 158
58 168
58 177
58 181
58 186
58 191
58 192
58 197
58 60
58 63
58 70
58 83
58 89
58 90
58 98
58 106
58 114
58 121
58 122
58 129
58 133
58 136
58 142
58 144
58 151
58 160
58 161
58 163
58 166
58 176
58 180
58 183
58 188
58 194
58 196
58 199
59 61
59 71
59 72
59 73
59 78
59 79
59 83
59 87
59 88
59 93
59 94
59 99
59 103
59 108
59 109
59 113
59 116
59 122
59 125
59 127
59 135
59 136
59 138
59 140
59 143
59 144
59 150
59 154
59 155
59 156
59 158
59 161
59 163
59 164
59 172
59 175
59 178
59 179
59 180
59 185
59 188
59 193
59 198
59 65
59 74
59 76
59 80
59 92
59 98
59 111
59 119
59 120
59 123
59 132
59 133
59 134
59 137
59 141
59 145
59 147
59 160
59 168
59 174
59 176
59 177
59 181
59 186
59 187
59 190
60 65
60 68
60 70
60 72
60 76
60 80
60 85
60 90
60 97
60 98
60 99
60 100
60 104
60 110
60 111
60 112
60 114
60 116
60 121
60 122
60 125
60 126
60 128
60 129
60 135
60 138
60 145
60 154
60 155
60 166
60 168
60 169
60 170
60 173
60 174
60 176
60 177
60 182
60 183
60 186
60 189
60 193
60 195
60 196
60 198
60 62
60 71
60 74
60 77
60 79
60 84
60 86
60 87
60 94
60 96
60 102
60 109
60 119
60 131
60 139
60 142
60 143
60 144
60 148
60 149
60 158
60 160
60 161
60 162
60 165
60 172
60 178
60 184
60 185
60 191
61 64
61 65
61 67
61 68
61 74
61 80
61 87
61 88
61 89
61 96
61 98
61 99
61 100
61 105
61 110
61 111
61 115
61 116
61 126
61 127
61 131
61 133
61 136
61 140
61 146
61 147
61 150
61 152
61 153
61 159
61 164
61 169
61 174
61 181
61 183
61 185
61 186
61 195
61 199
61 63
61 70
61 72
61 73
61 76
61 79
61 90
61 93
61 94
61 104
61 118
61 123
61 125
61 128
61 137
61 139
61 144
61 145
61 149
61 165
61 170
61 172
61 177
61 178
61 179
61 193
61 197
62 68
62 69
62 72
62 73
62 75
62 79
62 80
62 82
62 88
62 91
62 92
62 94
62 99
62 102
62 103
62 105
62 113
62 118
62 120
62 125
62 129
62 130
62 131
62 149
62 150
62 152
62 159
62 166
62 172
62 176
62 177
62 190
62 191
62 198
62 199
62 74
62 78
62 83
62 85
62 86
62 90
62 93
62 98
62 111
62 114
62 117
62 123
62 127
62 133
62 141
62 143
62 148
62 161
62 165
62 168
62 174
62 175
62 179
62 187
62 189
62 194
62 196
62 197
63 64
63 67
63 69
63 70
63 72
63 76
63 77
63 81
63 84
63 89
63 93
63 98
63 100
63 101
63 109
63 110
63 114
63 115
63 116
63 119
63 120
63 121
63 122
63 126
63 133
63 136
63 140
63 141
63 142
63 144
63 151
63 154
63 168
63 169
63 171
63 173
63 178
63 182
63 183
63 184
63 185
63 188
63 190
63 192
63 193
63 195
63 197
63 65
63 66
63 68
63 71
63 75
63 79
63 83
63 94
63 95
63 97
63 99
63 102
63 107
63 117
63 128
63 131
63 134
63 135
63 139
63 155
63 156
63 160
63 163
63 172
63 174
63 181
63 199
64 66
64 67
64 74
64 76
64 80
64 81
64 82
64 83
64 90
64 92
64 97
64 103
64 104
64 105
64 109
64 110
64 116
64 118
64 121
64 122
64 125
64 127
64 128
64 130
64 132
64 133
64 144
64 147
64 148
64 154
64 160
64 161
64 162
64 165
64 174
64 176
64 182
64 189
64 191
64 198
64 199
64 65
64 73
64 78
64 85
64 89
64 91
64 93
64 100
64 102
64 115
64 117
64 123
64 129
64 141
64 145
64 146
64 168
64 172
64 177
64 183
64 190
65 70
65 73
65 76
65 82
65 83
65 85
65 86
65 89
65 92
65 93
65 94
65 96
65 97
65 102
65 105
65 107
65 108
65 109
65 112
65 116
65 117
65 118
65 120
65 121
65 123
65 127
65 130
65 131
65 133
65 135
65 136
65 137
65 138
65 140
65 144
65 145
65 146
65 150
65 154
65 156
65 161
65 167
65 168
65 169
65 171
65 173
65 177
65 178
65 179
65 181
65 182
65 186
65 189
65 191
65 192
65 72
65 81
65 95
65 98
65 101
65 104
65 106
65 110
65 111
65 113
65 124
65 139
65 141
65 149
65 152
65 164
65 165
65 174
65 175
65 176
65 180
65 183
65 196
65 198
66 67
66 68
66 75
66 76
66 77
66 80
66 81
66 85
66 86
66 89
66 90
66 93
66 94
66 98
66 99
66 100
66 101
66 106
66 110
66 113
66 115
66 116
66 128
66 130
66 134
66 135
66 144
66 145
66 148
66 155
66 157
66 159
66 161
66 164
66 165
66 167
66 168
66 169
66 175
66 178
66 188
66 190
66 195
66 198
66 70
66 104
66 111
66 112
66 114
66 121
66 122
66 123
66 127
66 131
66 132
66 133
66 142
66 146
66 147
66 163
66 166
66 171
66 173
66 174
66 177
66 183
66 192
66 196
67 68
67 75
67 80
67 81
67 89
67 92
67 93
67 98
67 102
67 106
67 114
67 115
67 118
67 121
67 123
67 131
67 132
67 135
67 138
67 141
67 142
67 145
67 153
67 159
67 163
67 170
67 174
67 184
67 190
67 191
67 194
67 198
67 70
67 71
67 77
67 79
67 86
67 88
67 91
67 94
67 95
67 97
67 107
67 124
67 126
67 129
67 134
67 137
67 139
67 147
67 148
67 149
67 150
67 155
67 161
67 162
67 183
67 188
67 197
67 199
68 73
68 75
68 77
68 78
68 79
68 83
68 84
68 88
68 90
68 92
68 96
68 102
68 103
68 104
68 112
68 115
68 120
68 122
68 123
68 124
68 126
68 133
68 137
68 138
68 139
68 140
68 143
68 158
68 159
68 162
68 165
68 166
68 167
68 172
68 173
68 177
68 180
68 181
68 189
68 194
68 70
68 72
68 76
68 85
68 91
68 113
68 129
68 132
68 141
68 148
68 151
68 152
68 156
68 157
68 163
68 169
68 170
68 183
68 185
68 190
68 196
68 198
68 199
69 71
69 72
69 83
69 84
69 90
69 93
69 97
69 101
69 106
69 107
69 111
69 115
69 116
69 117
69 120
69 121
69 125
69 129
69 143
69 144
69 146
69 151
69 153
69 160
69 162
69 163
69 164
69 165
69 167
69 169
69 171
69 175
69 176
69 181
69 189
69 190
69 193
69 194
69 195
69 197
69 75
69 80
69 87
69 91
69 92
69 94
69 100
69 103
69 105
69 112
69 114
69 122
69 123
69 124
69 130
69 139
69 148
69 149
69 152
69 154
69 155
69 156
69 179
69 186
69 192
70 72
70 78
70 79
70 81
70 85
70 88
70 91
70 93
70 95
70 99
70 100
70 102
70 104
70 115
70 116
70 117
70 119
70 123
70 128
70 130
70 132
70 134
70 137
70 138
70 139
70 143
70 144
70 145
70 151
70 153
70 157
70 161
70 164
70 166
70 173
70 184
70 191
70 193
70 197
70 75
70 84
70 86
70 89
70 90
70 96
70 103
70 112
70 125
70 126
70 133
70 141
70 147
70 152
70 155
70 163
70 167
70 172
70 178
70 179
70 181
70 183
70 186
70 187
70 189
70 192
70 199
71 75
71 78
71 82
71 87
71 90
71 98
71 105
71 113
71 114
71 116
71 119
71 124
71 125
71 128
71 137
71 147
71 150
71 157
71 161
71 162
71 164
71 165
71 167
71 169
71 171
71 172
71 174
71 187
71 192
71 193
71 198
71 199
71 72
71 76
71 84
71 91
71 96
71 99
71 106
71 108
71 117
71 122
71 129
71 132
71 135
71 138
71 143
71 148
71 152
71 153
71 155
71 158
71 160
71 163
71 177
71 181
71 182
71 186
71 191
71 195
71 197
72 76
72 77
72 81
72 86
72 87
72 88
72 99
72 103
72 111
72 114
72 120
72 122
72 125
72 132
72 136
72 137
72 138
72 139
72 140
72 141
72 142
72 144
72 145
72 152
72 159
72 161
72 163
72 165
72 166
72 170
72 178
72 179
72 180
72 187
72 195
72 196
72 198
72 74
72 89
72 92
72 93
72 94
72 102
72 104
72 107
72 109
72 113
72 127
72 130
72 131
72 133
72 148
72 149
72 150
72 158
72 160
72 162
72 175
72 176
72 193
72 194
73 76
73 77
73 86
73 88
73 90
73 92
73 98
73 101
73 104
73 107
73 108
73 110
73 114
73 118
73 123
73 125
73 130
73 131
73 132
73 133
73 134
73 139
73 142
73 145
73 150
73 151
73 152
73 163
73 166
73 167
73 170
73 171
73 172
73 174
73 177
73 179
73 180
73 184
73 189
73 191
73 194
73 74
73 82
73 91
73 95
73 97
73 102
73 109
73 112
73 113
73 116
73 119
73 120
73 122
73 126
73 128
73 129
73 135
73 140
73 143
73 144
73 146
73 156
73 160
73 162
73 164
73 168
73 175
73 176
73 181
73 192
73 193
73 198
73 199
74 75
74 79
74 82
74 85
74 87
74 90
74 91
74 93
74 95
74 98
74 99
74 100
74 109
74 110
74 111
74 116
74 118
74 119
74 121
74 122
74 126
74 128
74 132
74 139
74 140
74 143
74 145
74 148
74 153
74 156
74 163
74 167
74 168
74 173
74 183
74 191
74 193
74 194
74 197
74 81
74 84
74 86
74 92
74 97
74 102
74 104
74 106
74 112
74 113
74 138
74 144
74 150
74 151
74 152
74 155
74 169
74 178
74 182
74 185
74 189
75 86
75 91
75 96
75 97
75 100
75 101
75 102
75 109
75 110
75 111
75 112
75 114
75 116
75 122
75 124
75 126
75 127
75 132
75 139
75 141
75 146
75 147
75 149
75 153
75 156
75 158
75 160
75 161
75 163
75 164
75 168
75 169
75 173
75 175
75 182
75 184
75 186
75 188
75 195
75 80
75 81
75 85
75 87
75 90
75 93
75 99
75 103
75 104
75 117
75 119
75 120
75 121
75 123
75 128
75 129
75 140
75 143
75 145
75 150
75 151
75 167
75 172
75 174
75 176
75 177
75 179
75 180
75 187
75 193
75 194
75 199
76 77
76 87
76 88
76 93
76 94
76 95
76 105
76 106
76 107
76 117
76 121
76 123
76 129
76 141
76 142
76 143
76 147
76 148
76 149
76 150
76 151
76 153
76 154
76 155
76 157
76 160
76 161
76 162
76 163
76 164
76 166
76 169
76 173
76 176
76 178
76 180
76 183
76 186
76 187
76 188
76 189
76 195
76 197
76 81
76 90
76 91
76 102
76 108
76 111
76 114
76 120
76 127
76 130
76 131
76 139
76 144
76 145
76 146
76 159
76 168
76 170
76 171
76 174
76 181
76 184
76 190
76 191
76 193
76 194
76 198
77 78
77 80
77 81
77 84
77 85
77 86
77 87
77 89
77 92
77 101
77 102
77 103
77 105
77 106
77 109
77 114
77 118
77 122
77 123
77 133
77 140
77 141
77 143
77 144
77 155
77 156
77 157
77 158
77 160
77 161
77 164
77 166
77 167
77 169
77 178
77 181
77 187
77 189
77 190
77 191
77 193
77 194
77 195
77 196
77 197
77 198
77 199
77 88
77 90
77 93
77 96
77 98
77 99
77 100
77 104
77 110
77 112
77 113
77 119
77 126
77 130
77 136
77 139
77 147
77 149
77 159
77 163
77 168
77 170
77 171
77 179
77 186
77 192
78 82
78 83
78 86
78 91
78 92
78 94
78 96
78 100
78 102
78 104
78 105
78 108
78 110
78 117
78 124
78 125
78 127
78 129
78 133
78 136
78 138
78 140
78 141
78 147
78 149
78 151
78 157
78 165
78 175
78 177
78 178
78 179
78 181
78 182
78 184
78 185
78 186
78 196
78 197
78 198
78 79
78 80
78 85
78 95
78 97
78 98
78 101
78 109
78 113
78 119
78 122
78 130
78 131
78 132
78 135
78 143
78 150
78 153
78 154
78 164
78 167
78 168
78 174
78 194
79 82
79 83
79 84
79 85
79 89
79 92
79 97
79 103
79 108
79 109
79 110
79 112
79 113
79 117
79 118
79 122
79 123
79 124
79 125
79 126
79 128
79 130
79 132
79 134
79 138
79 141
79 147
79 148
79 155
79 156
79 158
79 161
79 165
79 166
79 167
79 172
79 173
79 175
79 177
79 178
79 187
79 191
79 194
79 198
79 86
79 87
79 88
79 101
79 104
79 116
79 119
79 120
79 121
79 127
79 129
79 131
79 135
79 149
79 153
79 157
79 159
79 168
79 171
79 182
79 183
79 195
79 196
80 85
80 88
80 90
80 91
80 93
80 96
80 98
80 99
80 102
80 103
80 110
80 111
80 113
80 119
80 121
80 126
80 130
80 136
80 137
80 142
80 143
80 144
80 145
80 148
80 150
80 151
80 161
80 163
80 166
80 182
80 187
80 188
80 189
80 191
80 192
80 193
80 194
80 195
80 196
80 82
80 89
80 100
80 105
80 106
80 109
80 112
80 120
80 128
80 131
80 134
80 139
80 140
80 146
80 147
80 160
80 164
80 167
80 172
80 174
80 177
80 180
80 181
80 185
80 198
81 82
81 84
81 89
81 92
81 95
81 101
81 104
81 106
81 107
81 108
81 109
81 110
81 112
81 117
81 124
81 125
81 127
81 128
81 130
81 137
81 140
81 147
81 151
81 154
81 157
81 159
81 166
81 170
81 172
81 185
81 187
81 188
81 192
81 195
81 86
81 96
81 97
81 100
81 105
81 113
81 122
81 133
81 138
81 141
81 143
81 149
81 150
81 152
81 153
81 155
81 156
81 160
81 162
81 176
81 180
81 181
81 183
81 186
81 189
81 194
82 88
82 90
82 91
82 92
82 93
82 99
82 101
82 102
82 104
82 107
82 117
82 119
82 122
82 126
82 129
82 131
82 132
82 136
82 142
82 145
82 147
82 157
82 160
82 161
82 162
82 163
82 166
82 167
82 169
82 171
82 176
82 177
82 184
82 187
82 191
82 192
82 193
82 194
82 198
82 199
82 84
82 89
82 97
82 105
82 106
82 114
82 115
82 138
82 144
82 149
82 154
82 173
82 182
82 188
82 190
82 195
82 197
83 84
83 86
83 88
83 90
83 91
83 93
83 97
83 98
83 100
83 107
83 108
83 109
83 111
83 115
83 118
83 122
83 124
83 129
83 133
83 138
83 140
83 142
83 154
83 157
83 158
83 160
83 170
83 171
83 172
83 177
83 180
83 181
83 182
83 183
83 184
83 186
83 187
83 194
83 89
83 104
83 112
83 113
83 116
83 130
83 134
83 135
83 137
83 139
83 144
83 145
83 146
83 150
83 155
83 161
83 166
83 176
83 179
83 185
83 190
83 191
83 192
83 195
83 199
84 87
84 89
84 92
84 96
84 103
84 106
84 108
84 112
84 116
84 118
84 119
84 124
84 129
84 134
84 136
84 141
84 146
84 150
84 151
84 152
84 154
84 155
84 158
84 163
84 165
84 167
84 170
84 171
84 172
84 177
84 178
84 183
84 187
84 193
84 197
84 198
84 199
84 85
84 95
84 98
84 99
84 101
84 104
84 107
84 109
84 110
84 111
84 117
84 120
84 122
84 123
84 127
84 128
84 130
84 137
84 139
84 140
84 147
84 149
84 157
84 160
84 164
84 166
84 174
84 180
84 185
85 86
85 88
85 93
85 94
85 95
85 109
85 111
85 114
85 115
85 116
85 117
85 121
85 124
85 126
85 128
85 130
85 142
85 144
85 148
85 150
85 152
85 156
85 160
85 162
85 163
85 169
85 172
85 174
85 176
85 177
85 180
85 188
85 192
85 194
85 198
85 90
85 97
85 98
85 100
85 101
85 105
85 107
85 110
85 113
85 123
85 132
85 138
85 139
85 140
85 141
85 147
85 154
85 157
85 159
85 164
85 166
85 170
85 173
85 175
85 184
85 191
85 197
86 93
86 94
86 95
86 96
86 98
86 103
86 105
86 108
86 112
86 113
86 114
86 116
86 123
86 125
86 131
86 133
86 137
86 143
86 146
86 160
86 161
86 162
86 164
86 169
86 170
86 171
86 174
86 178
86 180
86 182
86 183
86 197
86 90
86 91
86 97
86 100
86 101
86 104
86 117
86 118
86 122
86 124
86 126
86 129
86 136
86 144
86 145
86 149
86 153
86 154
86 157
86 167
86 168
86 175
86 181
86 185
86 187
86 191
86 193
86 194
86 195
87 92
87 96
87 97
87 108
87 112
87 118
87 121
87 122
87 127
87 133
87 134
87 142
87 147
87 153
87 156
87 158
87 161
87 163
87 171
87 174
87 180
87 184
87 188
87 190
87 194
87 197
87 199
87 93
87 95
87 98
87 99
87 100
87 102
87 107
87 109
87 110
87 124
87 125
87 131
87 145
87 148
87 149
87 152
87 154
87 166
87 167
87 168
87 176
87 177
87 178
87 179
87 182
87 183
87 185
87 186
87 193
88 89
88 91
88 94
88 97
88 100
88 101
88 102
88 105
88 111
88 116
88 117
88 119
88 120
88 122
88 124
88 128
88 130
88 134
88 139
88 142
88 143
88 144
88 147
88 156
88 158
88 159
88 171
88 187
88 190
88 194
88 199
88 92
88 95
88 103
88 108
88 109
88 110
88 114
88 115
88 121
88 125
88 127
88 129
88 136
88 148
88 149
88 150
88 151
88 152
88 157
88 162
88 165
88 170
88 174
88 178
88 182
88 183
88 185
88 192
88 195
89 91
89 92
89 96
89 97
89 100
89 101
89 106
89 107
89 119
89 122
89 124
89 127
89 128
89 131
89 132
89 135
89 139
89 141
89 145
89 151
89 156
89 167
89 171
89 172
89 174
89 178
89 186
89 188
89 192
89 194
89 199
89 99
89 111
89 113
89 114
89 115
89 121
89 125
89 126
89 130
89 136
89 137
89 143
89 144
89 146
89 157
89 159
89 169
89 180
89 183
89 184
89 185
89 189
90 92
90 96
90 97
90 100
90 108
90 124
90 128
90 130
90 136
90 137
90 139
90 142
90 144
90 149
90 151
90 158
90 159
90 169
90 170
90 179
90 184
90 193
90 195
90 196
90 198
90 107
90 111
90 114
90 115
90 116
90 120
90 122
90 123
90 126
90 129
90 131
90 133
90 138
90 140
90 148
90 150
90 152
90 153
90 155
90 156
90 157
90 160
90 173
90 176
90 181
90 186
90 194
90 197
91 93
91 97
91 98
91 103
91 108
91 109
91 114
91 116
91 117
91 119
91 121
91 123
91 124
91 131
91 138
91 154
91 156
91 157
91 163
91 167
91 170
91 172
91 173
91 176
91 179
91 181
91 186
91 196
91 92
91 94
91 96
91 99
91 105
91 111
91 112
91 115
91 120
91 125
91 129
91 132
91 133
91 145
91 146
91 155
91 160
91 161
91 162
91 182
91 184
91 185
91 187
91 190
91 191
91 192
91 197
91 198
92 94
92 97
92 100
92 101
92 102
92 105
92 106
92 109
92 114
92 116
92 117
92 123
92 125
92 128
92 129
92 135
92 137
92 138
92 139
92 141
92 142
92 143
92 144
92 145
92 149
92 152
92 154
92 156
92 158
92 162
92 167
92 168
92 178
92 179
92 180
92 196
92 107
92 112
92 113
92 120
92 124
92 126
92 130
92 132
92 134
92 136
92 146
92 157
92 164
92 165
92 176
92 181
92 183
92 185
92 189
92 190
92 192
92 193
93 94
93 95
93 109
93 110
93 111
93 112
93 123
93 129
93 131
93 133
93 136
93 138
93 140
93 142
93 149
93 150
93 151
93 154
93 161
93 168
93 170
93 175
93 179
93 180
93 182
93 183
93 188
93 192
93 194
93 195
93 196
93 197
93 198
93 199
93 102
93 105
93 108
93 116
93 118
93 120
93 122
93 125
93 127
93 132
93 139
93 143
93 144
93 148
93 157
93 167
93 171
93 177
93 184
93 189
93 190
93 193
94 98
94 102
94 107
94 111
94 116
94 119
94 120
94 121
94 125
94 127
94 129
94 134
94 137
94 138
94 139
94 140
94 144
94 147
94 149
94 150
94 154
94 160
94 162
94 164
94 167
94 168
94 176
94 177
94 182
94 184
94 189
94 190
94 191
94 195
94 199
94 96
94 101
94 104
94 105
94 109
94 117
94 128
94 145
94 155
94 157
94 158
94 165
94 166
94 170
94 171
94 172
94 181
94 183
94 185
94 196
95 99
95 108
95 110
95 112
95 115
95 118
95 121
95 122
95 123
95 126
95 128
95 145
95 152
95 154
95 161
95 164
95 167
95 168
95 169
95 177
95 178
95 180
95 186
95 190
95 198
95 96
95 97
95 100
95 105
95 106
95 107
95 116
95 124
95 141
95 147
95 150
95 159
95 160
95 173
95 175
95 176
95 182
95 184
95 185
95 188
95 189
95 193
95 199
96 100
96 104
96 106
96 107
96 109
96 110
96 112
96 114
96 116
96 129
96 130
96 140
96 142
96 145
96 146
96 149
96 155
96 159
96 160
96 163
96 164
96 165
96 172
96 174
96 181
96 182
96 184
96 185
96 187
96 192
96 197
96 97
96 103
96 111
96 119
96 127
96 134
96 144
96 147
96 152
96 157
96 158
96 161
96 162
96 168
96 169
96 173
96 176
96 178
96 183
96 190
96 191
96 194
96 195
97 98
97 102
97 104
97 106
97 109
97 110
97 111
97 112
97 116
97 117
97 118
97 127
97 130
97 131
97 138
97 142
97 146
97 148
97 149
97 152
97 153
97 154
97 157
97 160
97 167
97 169
97 170
97 172
97 174
97 176
97 179
97 182
97 188
97 189
97 192
97 193
97 195
97 196
97 99
97 100
97 101
97 115
97 120
97 122
97 124
97 132
97 156
97 168
97 177
97 197
97 198
97 199
98 100
98 103
98 107
98 116
98 117
98 119
98 120
98 121
98 125
98 131
98 134
98 138
98 139
98 147
98 148
98 151
98 153
98 156
98 162
98 167
98 168
98 169
98 173
98 174
98 177
98 182
98 183
98 185
98 188
98 190
98 191
98 195
98 198
98 101
98 104
98 109
98 111
98 112
98 114
98 118
98 122
98 127
98 130
98 132
98 140
98 143
98 159
98 161
98 163
98 171
98 180
98 184
98 187
98 189
98 194
98 196
99 100
99 105
99 106
99 109
99 111
99 115
99 123
99 130
99 131
99 132
99 135
99 137
99 144
99 151
99 157
99 158
99 162
99 168
99 173
99 176
99 179
99 180
99 181
99 182
99 185
99 186
99 188
99 197
99 198
99 199
99 104
99 108
99 116
99 120
99 122
99 128
99 136
99 141
99 146
99 147
99 148
99 149
99 156
99 161
99 165
99 171
99 172
99 174
99 175
99 187
99 195
100 108
100 117
100 120
100 127
100 129
100 132
100 133
100 135
100 146
100 148
100 151
100 152
100 156
100 159
100 163
100 165
100 169
100 172
100 177
100 186
100 196
100 197
100 198
100 199
100 105
100 110
100 112
100 113
100 116
100 121
100 125
100 136
100 139
100 141
100 144
100 147
100 150
100 154
100 160
100 162
100 164
100 171
100 173
100 182
100 187
100 188
100 189
100 190
100 192
100 194
101 104
101 106
101 107
101 113
101 116
101 119
101 124
101 127
101 131
101 132
101 137
101 138
101 140
101 141
101 143
101 150
101 152
101 153
101 156
101 157
101 161
101 163
101 170
101 171
101 172
101 173
101 174
101 175
101 183
101 186
101 188
101 193
101 195
101 197
101 117
101 120
101 121
101 126
101 133
101 135
101 136
101 139
101 145
101 146
101 147
101 155
101 160
101 167
101 169
101 177
101 178
101 180
101 182
101 184
101 189
101 191
101 198
102 105
102 106
102 108
102 110
102 111
102 117
102 119
102 125
102 127
102 130
102 131
102 132
102 136
102 137
102 138
102 139
102 143
102 144
102 146
102 147
102 156
102 158
102 163
102 166
102 168
102 171
102 173
102 179
102 181
102 185
102 194
102 196
102 199
102 103
102 109
102 112
102 113
102 114
102 115
102 116
102 121
102 123
102 149
102 152
102 153
102 155
102 160
102 165
102 167
102 169
102 175
102 178
102 180
102 184
102 188
102 191
102 192
103 106
103 109
103 112
103 115
103 119
103 122
103 126
103 127
103 128
103 133
103 136
103 141
103 151
103 152
103 156
103 159
103 165
103 169
103 175
103 186
103 189
103 190
103 191
103 104
103 105
103 107
103 113
103 116
103 117
103 118
103 130
103 138
103 143
103 145
103 147
103 157
103 161
103 168
103 185
103 193
103 194
103 196
103 197
104 105
104 109
104 114
104 115
104 116
104 120
104 125
104 126
104 129
104 134
104 135
104 137
104 139
104 141
104 143
104 144
104 145
104 149
104 150
104 152
104 155
104 158
104 160
104 162
104 165
104 166
104 167
104 178
104 180
104 186
104 188
104 189
104 190
104 191
104 195
104 197
104 107
104 108
104 112
104 113
104 118
104 122
104 124
104 131
104 132
104 136
104 142
104 151
104 161
104 163
104 169
104 179
104 182
104 184
104 185
104 192
104 194
105 106
105 111
105 115
105 125
105 126
105 129
105 131
105 136
105 139
105 141
105 142
105 143
105 144
105 151
105 152
105 156
105 160
105 161
105 164
105 165
105 167
105 168
105 172
105 175
105 178
105 180
105 182
105 186
105 191
105 193
105 195
105 196
105 108
105 109
105 112
105 127
105 135
105 137
105 138
105 145
105 146
105 150
105 153
105 155
105 159
105 169
105 173
105 176
105 179
105 181
105 185
105 194
106 108
106 112
106 113
106 119
106 124
106 128
106 131
106 132
106 134
106 135
106 139
106 141
106 142
106 145
106 149
106 150
106 155
106 159
106 160
106 165
106 167
106 170
106 177
106 180
106 186
106 190
106 194
106 197
106 109
106 118
106 137
106 151
106 153
106 156
106 158
106 164
106 168
106 171
106 176
106 179
106 184
106 193
106 198
107 114
107 118
107 119
107 122
107 127
107 132
107 133
107 136
107 137
107 147
107 148
107 151
107 153
107 154
107 155
107 162
107 168
107 169
107 171
107 174
107 175
107 176
107 177
107 179
107 180
107 182
107 183
107 187
107 188
107 197
107 199
107 109
107 110
107 111
107 112
107 113
107 123
107 126
107 135
107 139
107 140
107 144
107 145
107 146
107 149
107 152
107 166
107 167
107 178
107 186
107 194
107 196
107 198
108 110
108 111
108 114
108 118
108 119
108 123
108 124
108 125
108 126
108 140
108 156
108 158
108 160
108 162
108 163
108 182
108 187
108 190
108 193
108 197
108 128
108 129
108 131
108 149
108 150
108 153
108 157
108 173
108 174
108 175
108 176
108 178
108 185
108 186
109 121
109 137
109 138
109 144
109 154
109 155
109 161
109 165
109 177
109 178
109 182
109 186
109 187
109 188
109 192
109 193
109 197
109 198
109 199
109 111
109 112
109 114
109 115
109 117
109 120
109 122
109 123
109 127
109 130
109 131
109 136
109 141
109 142
109 146
109 150
109 151
109 157
109 159
109 168
109 173
109 175
109 179
109 183
109 184
109 189
109 190
110 113
110 115
110 117
110 127
110 133
110 134
110 135
110 136
110 137
110 140
110 144
110 146
110 150
110 154
110 155
110 156
110 159
110 160
110 162
110 174
110 179
110 188
110 193
110 195
110 196
110 124
110 131
110 139
110 142
110 145
110 151
110 153
110 164
110 172
110 178
110 180
110 186
110 191
111 115
111 116
111 117
111 120
111 122
111 129
111 130
111 136
111 140
111 142
111 154
111 155
111 162
111 181
111 182
111 186
111 187
111 188
111 194
111 199
111 121
111 124
111 126
111 128
111 132
111 133
111 134
111 137
111 144
111 145
111 150
111 151
111 163
111 167
111 174
111 175
111 177
111 178
111 180
111 192
111 193
111 196
112 115
112 123
112 124
112 125
112 126
112 127
112 128
112 131
112 136
112 140
112 153
112 155
112 156
112 158
112 159
112 168
112 171
112 174
112 175
112 181
112 182
112 187
112 190
112 191
112 198
112 199
112 116
112 117
112 119
112 121
112 134
112 135
112 142
112 145
112 147
112 149
112 150
112 169
112 177
112 178
112 180
112 186
112 196
113 116
113 123
113 125
113 126
113 128
113 131
113 133
113 141
113 142
113 144
113 155
113 156
113 160
113 165
113 172
113 174
113 178
113 180
113 192
113 194
113 117
113 135
113 136
113 146
113 157
113 164
113 167
113 168
113 171
113 175
113 181
113 182
113 190
113 198
114 119
114 120
114 121
114 122
114 123
114 125
114 128
114 136
114 138
114 156
114 158
114 160
114 161
114 167
114 169
114 174
114 177
114 182
114 186
114 194
114 196
114 199
114 116
114 124
114 129
114 133
114 134
114 140
114 144
114 149
114 150
114 159
114 164
114 175
114 178
114 188
114 192
114 198
115 116
115 117
115 123
115 125
115 127
115 129
115 131
115 134
115 136
115 138
115 139
115 145
115 146
115 150
115 153
115 154
115 155
115 158
115 165
115 167
115 174
115 175
115 177
115 179
115 180
115 183
115 185
115 195
115 118
115 121
115 135
115 137
115 148
115 160
115 166
115 169
115 181
115 184
115 186
115 189
115 196
116 120
116 121
116 124
116 126
116 131
116 133
116 136
116 141
116 142
116 143
116 145
116 153
116 156
116 165
116 170
116 172
116 175
116 182
116 185
116 186
116 188
116 190
116 191
116 196
116 197
116 123
116 125
116 129
116 135
116 139
116 144
116 146
116 151
116 152
116 157
116 158
116 160
116 166
116 173
116 174
116 176
116 183
116 184
116 192
116 194
117 121
117 122
117 125
117 128
117 138
117 153
117 155
117 158
117 160
117 165
117 167
117 169
117 171
117 176
117 191
117 195
117 199
117 118
117 126
117 129
117 130
117 132
117 133
117 134
117 135
117 136
117 143
117 148
117 150
117 152
117 157
117 159
117 162
117 163
117 164
117 180
117 184
117 186
117 189
117 190
117 194
117 198
118 121
118 122
118 124
118 129
118 134
118 138
118 143
118 150
118 151
118 155
118 157
118 158
118 161
118 164
118 167
118 168
118 170
118 171
118 177
118 180
118 181
118 183
118 185
118 190
118 192
118 193
118 194
118 195
118 119
118 132
118 136
118 140
118 141
118 147
118 149
118 152
118 153
118 154
118 162
118 165
118 173
118 174
118 182
118 188
118 198
119 122
119 129
119 131
119 132
119 133
119 138
119 140
119 141
119 142
119 143
119 145
119 149
119 156
119 158
119 164
119 170
119 171
119 183
119 187
119 123
119 124
119 134
119 135
119 146
119 148
119 157
119 162
119 163
119 166
119 174
119 181
119 186
119 190
119 192
119 193
119 194
119 196
119 197
120 122
120 125
120 126
120 128
120 136
120 138
120 147
120 150
120 151
120 155
120 157
120 162
120 164
120 165
120 167
120 171
120 172
120 176
120 177
120 183
120 184
120 188
120 190
120 191
120 199
120 129
120 130
120 135
120 146
120 148
120 149
120 153
120 156
120 168
120 175
120 178
120 182
120 186
120 194
120 198
121 126
121 127
121 130
121 138
121 143
121 147
121 152
121 159
121 162
121 165
121 170
121 174
121 175
121 176
121 184
121 190
121 193
121 194
121 196
121 133
121 135
121 139
121 150
121 153
121 155
121 157
121 163
121 168
121 171
121 183
121 189
121 191
121 192
121 195
122 128
122 134
122 146
122 149
122 152
122 160
122 165
122 167
122 168
122 169
122 172
122 175
122 182
122 188
122 189
122 191
122 196
122 197
122 199
122 127
122 131
122 132
122 135
122 137
122 147
122 153
122 154
122 158
122 173
122 176
122 178
122 179
122 183
122 184
122 192
122 193
122 198
123 124
123 126
123 127
123 129
123 131
123 133
123 134
123 135
123 145
123 149
123 150
123 155
123 156
123 157
123 162
123 164
123 165
123 166
123 172
123 174
123 177
123 178
123 180
123 186
123 187
123 188
123 198
123 199
123 128
123 136
123 138
123 140
123 141
123 144
123 146
123 154
123 159
123 161
123 163
123 167
123 168
123 170
123 171
123 192
124 127
124 129
124 131
124 132
124 133
124 134
124 135
124 136
124 137
124 141
124 142
124 149
124 150
124 159
124 160
124 164
124 168
124 171
124 172
124 178
124 187
124 188
124 189
124 190
124 191
124 194
124 140
124 144
124 148
124 152
124 155
124 156
124 162
124 163
124 181
124 182
124 183
124 198
124 199
125 127
125 128
125 133
125 135
125 141
125 143
125 147
125 149
125 151
125 152
125 155
125 160
125 161
125 164
125 165
125 166
125 168
125 172
125 173
125 176
125 179
125 182
125 194
125 195
125 196
125 197
125 198
125 199
125 126
125 132
125 134
125 145
125 148
125 167
125 169
125 171
125 174
125 175
125 177
125 180
125 183
125 185
125 188
125 190
125 192
126 127
126 128
126 131
126 133
126 134
126 135
126 136
126 138
126 140
126 142
126 144
126 148
126 152
126 156
126 161
126 162
126 164
126 168
126 169
126 170
126 176
126 178
126 181
126 184
126 186
126 188
126 192
126 196
126 198
126 132
126 141
126 146
126 154
126 155
126 160
126 165
126 166
126 174
126 177
126 180
126 199
127 128
127 131
127 137
127 138
127 139
127 141
127 142
127 146
127 154
127 158
127 160
127 162
127 163
127 166
127 168
127 171
127 175
127 178
127 190
127 195
127 197
127 198
127 130
127 140
127 153
127 157
127 161
127 170
127 186
127 187
127 192
127 193
127 196
128 131
128 132
128 134
128 149
128 150
128 153
128 154
128 157
128 163
128 166
128 168
128 174
128 176
128 178
128 179
128 180
128 190
128 192
128 195
128 196
128 199
128 129
128 138
128 140
128 147
128 151
128 165
128 171
128 181
128 182
128 189
128 193
129 133
129 137
129 138
129 149
129 152
129 154
129 160
129 161
129 162
129 163
129 164
129 172
129 174
129 175
129 179
129 182
129 183
129 186
129 191
129 194
129 195
129 197
129 132
129 136
129 139
129 143
129 146
129 150
129 153
129 156
129 158
129 159
129 166
129 167
129 169
129 176
129 177
129 181
129 187
129 188
129 196
129 199
130 135
130 137
130 139
130 145
130 146
130 147
130 163
130 168
130 169
130 172
130 177
130 186
130 187
130 189
130 196
130 131
130 133
130 140
130 150
130 153
130 155
130 157
130 167
130 170
130 173
130 176
130 178
130 183
130 188
130 191
130 192
130 195
131 135
131 137
131 140
131 143
131 150
131 154
131 157
131 166
131 167
131 169
131 170
131 174
131 178
131 184
131 190
131 191
131 193
131 141
131 142
131 146
131 147
131 149
131 152
131 160
131 161
131 163
131 187
131 194
131 196
132 133
132 134
132 135
132 137
132 139
132 145
132 146
132 147
132 154
132 157
132 159
132 162
132 163
132 165
132 170
132 176
132 178
132 180
132 183
132 188
132 189
132 195
132 197
132 199
132 141
132 142
132 150
132 161
132 164
132 166
132 167
132 173
132 174
132 181
132 185
132 187
132 192
132 196
133 135
133 138
133 141
133 143
133 145
133 146
133 150
133 153
133 159
133 160
133 169
133 170
133 174
133 178
133 179
133 183
133 185
133 190
133 197
133 140
133 142
133 148
133 155
133 156
133 158
133 163
133 168
133 182
133 188
133 198
133 199
134 135
134 143
134 148
134 151
134 152
134 153
134 154
134 156
134 159
134 161
134 171
134 174
134 176
134 180
134 183
134 190
134 193
134 137
134 146
134 164
134 167
134 175
134 177
134 179
134 199
135 137
135 139
135 140
135 141
135 146
135 152
135 157
135 158
135 160
135 162
135 165
135 170
135 181
135 185
135 187
135 188
135 190
135 195
135 196
135 197
135 198
135 199
135 142
135 143
135 144
135 149
135 150
135 151
135 161
135 164
135 168
135 169
135 172
135 174
135 175
135 182
135 183
135 191
136 137
136 138
136 139
136 140
136 141
136 142
136 145
136 147
136 150
136 152
136 154
136 155
136 158
136 161
136 162
136 166
136 167
136 171
136 172
136 179
136 182
136 186
136 188
136 189
136 195
136 196
136 198
136 199
136 144
136 148
136 153
136 157
136 159
136 160
136 163
136 168
136 175
136 191
136 192
136 193
136 197
137 142
137 145
137 146
137 150
137 154
137 171
137 173
137 175
137 184
137 186
137 187
137 188
137 192
137 194
137 199
137 139
137 157
137 162
137 165
137 166
137 167
137 168
137 172
137 174
137 179
137 181
137 182
137 183
137 195
137 197
138 139
138 143
138 146
138 147
138 150
138 158
138 159
138 163
138 166
138 172
138 173
138 176
138 180
138 183
138 184
138 194
138 196
138 142
138 144
138 149
138 152
138 153
138 154
138 157
138 164
138 171
138 190
138 191
138 192
138 193
138 199
139 146
139 147
139 148
139 149
139 150
139 154
139 156
139 163
139 166
139 168
139 173
139 175
139 177
139 181
139 186
139 188
139 191
139 192
139 194
139 195
139 197
139 141
139 142
139 152
139 153
139 157
139 158
139 162
139 164
139 179
139 180
139 184
139 189
139 193
140 142
140 143
140 146
140 147
140 150
140 159
140 163
140 166
140 170
140 172
140 173
140 175
140 176
140 177
140 180
140 183
140 188
140 192
140 194
140 196
140 145
140 153
140 154
140 156
140 157
140 158
140 168
140 169
140 178
140 179
140 186
140 190
140 191
140 193
140 195
140 197
141 142
141 147
141 150
141 153
141 155
141 156
141 161
141 165
141 170
141 172
141 173
141 180
141 181
141 183
141 187
141 191
141 192
141 193
141 194
142 145
142 148
142 150
142 152
142 153
142 166
142 179
142 182
142 184
142 185
142 186
142 191
142 196
142 199
143 146
143 148
143 149
143 151
143 154
143 155
143 157
143 158
143 163
143 173
143 175
143 177
143 178
143 180
143 182
143 186
143 189
143 190
143 191
143 192
143 196
144 145
144 153
144 155
144 169
144 171
144 172
144 176
144 181
144 185
144 189
144 190
144 192
144 193
144 195
144 197
145 148
145 150
145 153
145 161
145 164
145 168
145 169
145 171
145 172
145 174
145 178
145 180
145 181
145 182
145 189
145 192
145 193
145 195
145 198
145 199
146 155
146 158
146 159
146 162
146 167
146 168
146 169
146 170
146 171
146 175
146 176
146 185
146 187
146 192
146 193
146 195
146 199
147 148
147 154
147 155
147 156
147 162
147 165
147 167
147 170
147 172
147 173
147 182
147 183
147 186
147 187
147 188
147 190
147 191
147 196
147 198
148 149
148 156
148 158
148 160
148 162
148 166
148 169
148 172
148 174
148 178
148 184
148 195
148 197
149 152
149 154
149 155
149 156
149 158
149 159
149 162
149 164
149 166
149 167
149 169
149 172
149 177
149 180
149 184
149 188
149 194
149 196
150 151
150 154
150 155
150 158
150 160
150 164
150 170
150 171
150 173
150 176
150 182
150 190
150 192
150 193
150 196
151 154
151 157
151 158
151 162
151 164
151 165
151 169
151 173
151 174
151 176
151 182
151 183
151 195
151 196
151 198
152 155
152 160
152 166
152 169
152 172
152 177
152 178
152 179
152 184
152 193
153 159
153 161
153 162
153 169
153 170
153 171
153 174
153 175
153 177
153 179
153 184
153 185
153 187
153 196
153 197
153 199
154 161
154 163
154 164
154 167
154 168
154 170
154 175
154 176
154 180
154 181
154 183
154 191
154 192
154 197
154 199
155 159
155 161
155 167
155 169
155 176
155 187
155 190
155 191
156 158
156 161
156 162
156 163
156 168
156 172
156 174
156 176
156 177
156 178
156 179
156 181
156 182
156 183
156 184
156 185
156 186
156 189
156 192
156 194
156 196
156 197
157 164
157 165
157 170
157 171
157 172
157 173
157 178
157 179
157 185
157 186
157 188
157 190
157 197
157 198
157 199
158 161
158 165
158 166
158 167
158 168
158 173
158 179
158 189
159 160
159 165
159 168
159 169
159 173
159 175
159 179
159 181
159 183
159 186
159 188
159 190
159 191
159 193
159 199
160 161
160 162
160 164
160 165
160 174
160 177
160 179
160 183
160 190
160 192
160 193
160 196
160 197
160 199
161 162
161 163
161 164
161 169
161 172
161 174
161 178
161 183
161 188
161 198
162 164
162 168
162 172
162 183
162 184
162 185
162 186
162 195
162 196
162 198
163 164
163 166
163 167
163 168
163 170
163 184
163 188
163 195
163 197
164 171
164 176
164 178
164 180
164 181
164 189
164 193
164 194
164 199
165 169
165 170
165 181
165 182
165 185
165 189
165 194
165 198
165 199
166 167
166 168
166 169
166 171
166 172
166 174
166 175
166 178
166 182
166 187
166 188
166 189
166 191
166 196
166 198
167 171
167 173
167 174
167 175
167 176
167 179
167 180
167 181
167 184
167 185
167 191
167 192
167 193
167 198
168 172
168 173
168 174
168 176
168 178
168 181
168 187
168 188
168 192
168 193
168 196
168 198
169 186
169 188
169 194
169 197
169 199
170 171
170 177
170 179
170 181
170 182
170 185
170 189
170 197
171 173
171 175
171 183
171 184
171 185
171 188
171 189
171 190
171 193
171 197
171 198
172 176
172 177
172 179
172 183
172 184
172 185
173 179
173 181
173 182
173 184
173 190
173 192
173 196
173 198
174 175
174 176
174 180
174 186
174 189
174 192
174 193
174 195
174 197
175 177
175 185
175 186
175 191
175 192
175 193
175 196
176 178
176 183
176 185
176 191
176 196
176 198
177 185
177 193
177 195
178 180
178 183
178 186
178 188
178 196
178 199
179 184
179 189
179 190
179 192
179 193
179 197
179 198
180 185
180 186
180 196
180 197
180 198
181 182
181 188
181 190
181 194
181 199
182 186
182 187
182 188
182 192
182 195
183 187
183 189
183 190
183 196
183 197
183 199
184 188
184 190
184 192
184 194
184 195
185 186
185 187
185 188
185 189
185 190
185 193
185 197
186 187
186 190
186 191
186 197
186 198
187 188
187 189
187 191
187 199
188 192
188 193
188 194
188 195
189 192
189 196
189 197
189 199
190 191
191 196
191 197
191 198
191 199
192 196
192 197
193 194
193 198
194 195
194 198
195 196
195 198
197 198
198 199
