13930
0 3
0 5
0 9
0 13
0 15
0 21
0 24
0 25
0 30
0 36
0 41
0 46
0 49
0 50
0 61
0 65
0 67
0 70
0 72
0 73
0 76
0 77
0 81
0 85
0 98
0 102
0 109
0 114
0 119
0 121
0 124
0 126
0 127
0 130
0 132
0 133
0 135
0 136
0 137
0 140
0 146
0 149
0 152
0 155
0 164
0 165
0 169
0 176
0 187
0 191
0 192
0 193
0 1
0 6
0 8
0 10
0 14
0 16
0 17
0 34
0 47
0 52
0 58
0 62
0 80
0 83
0 84
0 88
0 96
0 107
0 108
0 111
0 115
0 131
0 138
0 141
0 144
0 145
0 147
0 148
0 150
0 156
0 157
0 159
0 162
0 166
0 167
0 168
0 171
0 175
0 185
0 186
0 196
0 198
0 199
0 7
0 18
0 20
0 29
0 35
0 38
0 39
0 42
0 51
0 74
0 75
0 86
0 91
0 93
0 97
0 104
0 105
0 125
0 134
0 143
0 153
0 160
0 161
0 163
0 173
0 177
0 179
0 184
0 195
0 197
0 4
0 23
0 26
0 27
0 44
0 56
0 57
0 59
0 66
0 68
0 69
0 79
0 82
0 89
0 99
0 100
0 112
0 116
0 117
0 122
0 128
0 154
0 158
0 170
0 180
0 182
0 189
1 2
1 5
1 12
1 21
1 24
1 25
1 27
1 28
1 34
1 35
1 37
1 45
1 46
1 47
1 52
1 55
1 56
1 58
1 59
1 62
1 63
1 68
1 79
1 84
1 86
1 87
1 88
1 90
1 95
1 96
1 97
1 98
1 99
1 101
1 102
1 104
1 118
1 120
1 125
1 129
1 130
1 138
1 139
1 140
1 142
1 143
1 146
1 153
1 160
1 165
1 167
1 168
1 169
1 170
1 172
1 173
1 175
1 178
1 179
1 180
1 186
1 188
1 199
1 4
1 6
1 10
1 13
1 16
1 17
1 19
1 29
1 33
1 38
1 41
1 43
1 49
1 51
1 60
1 65
1 66
1 69
1 70
1 74
1 75
1 80
1 83
1 89
1 105
1 107
1 111
1 112
1 113
1 124
1 127
1 132
1 135
1 144
1 151
1 154
1 155
1 156
1 161
1 162
1 174
1 184
1 189
1 197
1 198
1 9
1 11
1 20
1 23
1 26
1 30
1 32
1 48
1 54
1 72
1 76
1 91
1 94
1 100
1 110
1 114
1 131
1 133
1 137
1 152
1 157
1 158
1 171
1 176
1 181
1 185
1 194
1 3
1 7
1 8
1 31
1 36
1 40
1 44
1 53
1 61
1 64
1 78
1 81
1 103
1 109
1 116
1 117
1 121
1 122
1 128
1 145
1 148
1 150
1 177
1 182
1 190
1 192
1 195
2 3
2 4
2 8
2 9
2 11
2 16
2 18
2 19
2 26
2 29
2 30
2 35
2 39
2 41
2 45
2 49
2 56
2 58
2 66
2 67
2 70
2 71
2 79
2 82
2 83
2 91
2 92
2 100
2 102
2 107
2 112
2 114
2 115
2 119
2 120
2 122
2 123
2 124
2 125
2 128
2 130
2 134
2 135
2 137
2 146
2 148
2 152
2 160
2 161
2 163
2 166
2 171
2 175
2 177
2 178
2 185
2 189
2 192
2 197
2 198
2 5
2 6
2 12
2 13
2 14
2 20
2 22
2 24
2 25
2 27
2 31
2 36
2 42
2 54
2 60
2 61
2 62
2 68
2 74
2 76
2 85
2 89
2 94
2 97
2 103
2 104
2 105
2 106
2 109
2 126
2 127
2 129
2 132
2 136
2 138
2 139
2 142
2 143
2 145
2 153
2 164
2 165
2 168
2 169
2 170
2 181
2 182
2 187
2 15
2 17
2 21
2 32
2 34
2 38
2 46
2 47
2 53
2 64
2 65
2 72
2 75
2 81
2 90
2 95
2 99
2 113
2 117
2 147
2 151
2 155
2 157
2 167
2 174
2 176
2 186
2 191
2 7
2 23
2 37
2 43
2 52
2 55
2 73
2 77
2 80
2 87
2 96
2 101
2 108
2 111
2 116
2 140
2 144
2 158
2 196
2 199
3 4
3 5
3 11
3 17
3 18
3 23
3 24
3 25
3 31
3 34
3 40
3 45
3 46
3 47
3 51
3 53
3 60
3 64
3 66
3 69
3 76
3 77
3 80
3 81
3 85
3 86
3 88
3 92
3 94
3 95
3 96
3 100
3 102
3 103
3 104
3 108
3 109
3 111
3 119
3 123
3 124
3 126
3 127
3 129
3 131
3 132
3 134
3 146
3 149
3 156
3 157
3 160
3 162
3 164
3 172
3 174
3 177
3 179
3 180
3 184
3 190
3 191
3 193
3 199
3 8
3 10
3 12
3 13
3 16
3 22
3 26
3 28
3 35
3 39
3 42
3 43
3 50
3 55
3 59
3 62
3 65
3 68
3 70
3 74
3 75
3 87
3 99
3 101
3 106
3 107
3 112
3 114
3 115
3 121
3 125
3 130
3 135
3 141
3 150
3 158
3 159
3 161
3 165
3 166
3 168
3 169
3 170
3 176
3 188
3 192
3 7
3 9
3 30
3 32
3 41
3 54
3 56
3 61
3 71
3 72
3 78
3 79
3 89
3 90
3 113
3 118
3 128
3 136
3 147
3 152
3 163
3 167
3 171
3 178
3 181
3 194
3 195
3 15
3 19
3 27
3 49
3 57
3 84
3 105
3 122
3 140
3 143
3 148
3 153
3 154
3 155
3 183
3 185
3 186
3 196
4 5
4 6
4 7
4 11
4 15
4 17
4 21
4 22
4 26
4 31
4 32
4 33
4 37
4 39
4 41
4 43
4 44
4 47
4 48
4 50
4 53
4 58
4 63
4 70
4 73
4 77
4 80
4 81
4 82
4 84
4 85
4 86
4 87
4 92
4 94
4 97
4 107
4 111
4 114
4 124
4 125
4 126
4 129
4 131
4 134
4 141
4 142
4 152
4 168
4 173
4 174
4 179
4 186
4 188
4 189
4 192
4 194
4 195
4 197
4 198
4 9
4 10
4 18
4 20
4 35
4 36
4 38
4 51
4 54
4 59
4 66
4 68
4 71
4 89
4 90
4 91
4 93
4 100
4 105
4 110
4 113
4 123
4 132
4 133
4 135
4 146
4 153
4 155
4 156
4 165
4 167
4 169
4 178
4 183
4 185
4 191
4 196
4 8
4 12
4 19
4 23
4 24
4 29
4 40
4 42
4 45
4 46
4 49
4 57
4 62
4 69
4 78
4 83
4 98
4 103
4 108
4 115
4 116
4 119
4 128
4 130
4 143
4 144
4 145
4 150
4 154
4 158
4 190
4 193
4 14
4 16
4 27
4 34
4 55
4 67
4 72
4 95
4 96
4 104
4 109
4 117
4 120
4 136
4 148
4 157
4 159
4 160
4 172
4 177
4 187
4 199
5 6
5 7
5 8
5 9
5 17
5 19
5 21
5 23
5 26
5 27
5 29
5 31
5 32
5 35
5 36
5 37
5 39
5 40
5 41
5 44
5 48
5 54
5 57
5 60
5 61
5 66
5 71
5 72
5 77
5 85
5 87
5 88
5 91
5 93
5 94
5 95
5 98
5 100
5 107
5 109
5 114
5 116
5 132
5 133
5 134
5 138
5 143
5 151
5 152
5 160
5 165
5 167
5 174
5 176
5 177
5 180
5 183
5 185
5 186
5 189
5 192
5 193
5 194
5 195
5 199
5 12
5 15
5 24
5 33
5 46
5 50
5 51
5 56
5 67
5 89
5 96
5 99
5 106
5 110
5 113
5 115
5 118
5 122
5 123
5 125
5 128
5 129
5 139
5 150
5 154
5 155
5 158
5 161
5 163
5 166
5 173
5 187
5 190
5 191
5 196
5 197
5 198
5 11
5 16
5 42
5 47
5 55
5 58
5 59
5 63
5 64
5 74
5 80
5 84
5 90
5 103
5 108
5 111
5 124
5 126
5 136
5 141
5 156
5 178
5 181
5 13
5 18
5 28
5 30
5 38
5 43
5 45
5 49
5 69
5 76
5 78
5 79
5 92
5 97
5 104
5 121
5 127
5 131
5 135
5 147
5 149
5 153
5 157
5 159
5 170
6 10
6 12
6 14
6 20
6 21
6 24
6 26
6 27
6 28
6 29
6 30
6 34
6 36
6 39
6 40
6 42
6 50
6 51
6 59
6 60
6 66
6 67
6 69
6 73
6 74
6 75
6 77
6 80
6 83
6 94
6 99
6 101
6 102
6 106
6 109
6 121
6 124
6 131
6 133
6 135
6 137
6 140
6 143
6 144
6 147
6 149
6 154
6 156
6 157
6 158
6 159
6 161
6 163
6 166
6 170
6 176
6 177
6 181
6 187
6 192
6 198
6 8
6 9
6 13
6 15
6 17
6 18
6 31
6 43
6 44
6 45
6 48
6 57
6 58
6 61
6 62
6 65
6 79
6 85
6 87
6 88
6 96
6 97
6 108
6 110
6 114
6 117
6 119
6 123
6 125
6 141
6 164
6 167
6 168
6 178
6 190
6 194
6 197
6 32
6 37
6 49
6 55
6 64
6 70
6 78
6 84
6 86
6 98
6 100
6 105
6 107
6 111
6 112
6 113
6 120
6 127
6 129
6 142
6 146
6 153
6 160
6 173
6 174
6 180
6 186
6 188
6 189
6 191
6 195
6 199
6 7
6 11
6 41
6 63
6 68
6 72
6 92
6 93
6 95
6 103
6 134
6 139
6 145
6 148
6 150
6 151
6 155
6 165
6 171
6 175
6 182
6 193
7 9
7 15
7 20
7 22
7 23
7 25
7 27
7 28
7 34
7 36
7 37
7 39
7 50
7 51
7 60
7 64
7 65
7 67
7 68
7 72
7 73
7 76
7 77
7 80
7 84
7 88
7 90
7 92
7 93
7 94
7 97
7 104
7 105
7 106
7 108
7 114
7 130
7 131
7 137
7 139
7 146
7 156
7 157
7 158
7 159
7 163
7 164
7 168
7 169
7 171
7 176
7 181
7 190
7 191
7 194
7 197
7 199
7 12
7 13
7 18
7 24
7 26
7 30
7 40
7 41
7 45
7 48
7 54
7 56
7 58
7 63
7 70
7 75
7 91
7 96
7 107
7 111
7 115
7 123
7 128
7 129
7 140
7 141
7 149
7 151
7 153
7 155
7 166
7 170
7 172
7 173
7 174
7 183
7 184
7 185
7 189
7 11
7 29
7 35
7 43
7 44
7 53
7 55
7 57
7 59
7 62
7 66
7 69
7 74
7 85
7 89
7 98
7 103
7 109
7 116
7 119
7 121
7 122
7 145
7 150
7 152
7 160
7 161
7 175
7 179
7 187
7 195
7 8
7 14
7 31
7 32
7 33
7 38
7 46
7 47
7 61
7 71
7 83
7 86
7 99
7 101
7 112
7 113
7 117
7 120
7 138
7 142
7 143
7 147
7 162
7 178
7 180
7 192
7 198
8 14
8 15
8 18
8 20
8 27
8 29
8 30
8 31
8 38
8 39
8 40
8 43
8 44
8 45
8 50
8 55
8 59
8 60
8 61
8 62
8 67
8 70
8 71
8 72
8 73
8 76
8 80
8 85
8 90
8 107
8 108
8 111
8 113
8 115
8 118
8 119
8 123
8 124
8 126
8 127
8 129
8 130
8 138
8 141
8 148
8 155
8 157
8 159
8 160
8 163
8 168
8 170
8 172
8 173
8 174
8 176
8 180
8 182
8 184
8 189
8 190
8 192
8 194
8 195
8 11
8 21
8 22
8 25
8 28
8 37
8 47
8 49
8 63
8 68
8 77
8 83
8 87
8 88
8 89
8 92
8 98
8 102
8 106
8 110
8 128
8 142
8 143
8 146
8 153
8 156
8 158
8 167
8 177
8 186
8 196
8 198
8 10
8 13
8 19
8 23
8 32
8 42
8 48
8 53
8 57
8 74
8 78
8 81
8 82
8 84
8 103
8 104
8 105
8 114
8 125
8 134
8 145
8 150
8 154
8 166
8 169
8 185
8 187
8 193
8 199
8 16
8 26
8 35
8 51
8 64
8 69
8 86
8 93
8 96
8 117
8 120
8 121
8 122
8 131
8 133
8 135
8 140
8 144
8 147
8 149
8 151
8 191
8 197
9 12
9 16
9 20
9 25
9 27
9 34
9 37
9 39
9 40
9 42
9 47
9 48
9 53
9 56
9 71
9 74
9 75
9 83
9 85
9 87
9 94
9 98
9 99
9 100
9 102
9 105
9 111
9 112
9 119
9 121
9 123
9 126
9 127
9 130
9 132
9 134
9 148
9 149
9 150
9 156
9 158
9 163
9 164
9 171
9 174
9 175
9 176
9 178
9 182
9 184
9 186
9 188
9 17
9 29
9 30
9 46
9 50
9 54
9 64
9 66
9 67
9 68
9 70
9 73
9 79
9 88
9 92
9 95
9 96
9 104
9 107
9 108
9 117
9 120
9 124
9 125
9 128
9 131
9 133
9 140
9 152
9 157
9 159
9 166
9 173
9 180
9 189
9 10
9 11
9 13
9 21
9 31
9 32
9 35
9 36
9 38
9 43
9 49
9 52
9 55
9 61
9 81
9 89
9 90
9 91
9 93
9 101
9 110
9 116
9 118
9 135
9 138
9 141
9 142
9 147
9 153
9 161
9 169
9 170
9 179
9 183
9 187
9 194
9 196
9 198
9 15
9 19
9 28
9 63
9 77
9 103
9 109
9 113
9 136
9 144
9 145
9 155
9 160
9 185
9 190
9 191
9 192
9 199
10 13
10 14
10 18
10 28
10 33
10 35
10 36
10 42
10 44
10 52
10 54
10 57
10 58
10 63
10 66
10 69
10 70
10 72
10 81
10 82
10 83
10 91
10 94
10 96
10 97
10 98
10 102
10 112
10 115
10 118
10 119
10 132
10 136
10 139
10 144
10 145
10 150
10 153
10 154
10 160
10 161
10 164
10 166
10 172
10 184
10 191
10 195
10 196
10 197
10 21
10 27
10 29
10 38
10 39
10 40
10 46
10 49
10 56
10 60
10 68
10 73
10 75
10 78
10 79
10 100
10 104
10 111
10 114
10 124
10 125
10 127
10 129
10 138
10 147
10 148
10 151
10 159
10 162
10 169
10 173
10 174
10 175
10 176
10 177
10 181
10 186
10 189
10 12
10 15
10 16
10 17
10 24
10 31
10 34
10 45
10 50
10 51
10 59
10 74
10 76
10 77
10 84
10 92
10 101
10 106
10 110
10 120
10 121
10 123
10 135
10 142
10 155
10 165
10 180
10 183
10 185
10 187
10 190
10 198
10 22
10 26
10 37
10 47
10 61
10 85
10 90
10 99
10 108
10 109
10 117
10 133
10 141
10 143
10 149
10 158
10 171
10 178
10 194
10 199
11 12
11 14
11 16
11 18
11 19
11 24
11 28
11 32
11 35
11 39
11 46
11 51
11 52
11 56
11 57
11 59
11 62
11 64
11 66
11 68
11 71
11 73
11 75
11 78
11 80
11 81
11 83
11 87
11 89
11 90
11 93
11 94
11 96
11 99
11 100
11 103
11 112
11 114
11 116
11 119
11 121
11 129
11 130
11 131
11 134
11 138
11 141
11 142
11 143
11 147
11 151
11 152
11 157
11 159
11 161
11 166
11 169
11 170
11 174
11 175
11 176
11 178
11 180
11 182
11 183
11 184
11 185
11 187
11 191
11 195
11 13
11 22
11 30
11 33
11 34
11 36
11 53
11 58
11 61
11 65
11 70
11 85
11 88
11 101
11 104
11 107
11 109
11 113
11 115
11 117
11 118
11 120
11 122
11 123
11 135
11 136
11 139
11 150
11 158
11 163
11 164
11 172
11 179
11 181
11 188
11 190
11 193
11 194
11 199
11 15
11 23
11 38
11 40
11 43
11 45
11 55
11 76
11 86
11 91
11 92
11 95
11 98
11 108
11 110
11 126
11 128
11 137
11 140
11 144
11 148
11 156
11 171
11 173
11 186
11 21
11 27
11 29
11 37
11 67
11 79
11 102
11 127
11 196
12 13
12 15
12 17
12 19
12 23
12 28
12 37
12 40
12 44
12 46
12 50
12 52
12 53
12 56
12 62
12 66
12 72
12 73
12 74
12 75
12 76
12 77
12 78
12 82
12 84
12 90
12 92
12 93
12 97
12 98
12 104
12 105
12 107
12 112
12 113
12 117
12 122
12 123
12 126
12 129
12 143
12 144
12 146
12 147
12 153
12 158
12 161
12 166
12 167
12 170
12 171
12 173
12 174
12 176
12 181
12 183
12 185
12 194
12 195
12 197
12 21
12 31
12 32
12 36
12 41
12 42
12 49
12 51
12 55
12 57
12 59
12 68
12 70
12 79
12 80
12 83
12 85
12 94
12 95
12 106
12 109
12 115
12 116
12 121
12 124
12 128
12 134
12 135
12 136
12 138
12 149
12 155
12 163
12 164
12 175
12 180
12 18
12 20
12 22
12 24
12 45
12 67
12 71
12 81
12 88
12 91
12 101
12 118
12 119
12 131
12 137
12 142
12 150
12 151
12 152
12 156
12 160
12 162
12 165
12 186
12 193
12 199
12 14
12 27
12 30
12 33
12 47
12 54
12 89
12 99
12 100
12 102
12 120
12 127
12 130
12 157
12 169
12 192
12 196
13 16
13 20
13 21
13 28
13 29
13 33
13 37
13 38
13 39
13 40
13 44
13 45
13 49
13 50
13 52
13 55
13 56
13 59
13 60
13 67
13 74
13 75
13 80
13 83
13 90
13 93
13 95
13 96
13 99
13 100
13 101
13 104
13 106
13 118
13 120
13 121
13 126
13 127
13 130
13 133
13 137
13 140
13 142
13 143
13 146
13 147
13 148
13 149
13 156
13 157
13 158
13 163
13 168
13 171
13 172
13 173
13 177
13 181
13 183
13 186
13 188
13 190
13 191
13 192
13 197
13 15
13 26
13 30
13 34
13 35
13 36
13 46
13 47
13 53
13 58
13 68
13 70
13 72
13 73
13 77
13 81
13 82
13 86
13 87
13 88
13 89
13 92
13 105
13 111
13 114
13 124
13 129
13 134
13 135
13 136
13 139
13 150
13 151
13 152
13 161
13 174
13 185
13 189
13 194
13 196
13 198
13 18
13 19
13 27
13 32
13 41
13 42
13 51
13 62
13 102
13 107
13 113
13 116
13 119
13 125
13 128
13 131
13 165
13 166
13 170
13 175
13 178
13 193
13 14
13 17
13 23
13 66
13 69
13 71
13 79
13 91
13 98
13 108
13 115
13 117
13 122
13 132
13 138
13 141
13 144
13 145
13 155
13 160
13 162
13 164
13 179
13 180
13 195
14 16
14 21
14 25
14 30
14 31
14 33
14 35
14 37
14 44
14 49
14 62
14 66
14 70
14 72
14 77
14 78
14 81
14 83
14 87
14 88
14 89
14 91
14 96
14 106
14 109
14 117
14 120
14 123
14 128
14 130
14 131
14 144
14 148
14 155
14 159
14 160
14 174
14 175
14 178
14 189
14 191
14 195
14 18
14 20
14 22
14 23
14 24
14 36
14 42
14 48
14 52
14 54
14 56
14 57
14 58
14 60
14 61
14 63
14 82
14 85
14 94
14 97
14 108
14 113
14 121
14 125
14 129
14 134
14 136
14 140
14 142
14 143
14 149
14 151
14 156
14 167
14 177
14 180
14 181
14 183
14 192
14 198
14 28
14 40
14 43
14 50
14 59
14 64
14 67
14 68
14 69
14 73
14 79
14 80
14 84
14 86
14 93
14 98
14 100
14 103
14 104
14 105
14 111
14 114
14 122
14 138
14 139
14 145
14 150
14 152
14 157
14 163
14 164
14 165
14 168
14 169
14 171
14 179
14 185
14 186
14 187
14 188
14 190
14 197
14 38
14 47
14 51
14 53
14 71
14 92
14 99
14 102
14 118
14 133
14 137
14 146
14 158
14 162
14 166
14 199
15 17
15 20
15 26
15 34
15 45
15 48
15 50
15 51
15 56
15 62
15 71
15 73
15 76
15 79
15 80
15 86
15 87
15 89
15 90
15 95
15 101
15 103
15 105
15 113
15 116
15 120
15 132
15 133
15 134
15 139
15 144
15 146
15 147
15 148
15 149
15 157
15 161
15 167
15 172
15 178
15 181
15 187
15 192
15 194
15 195
15 197
15 198
15 199
15 16
15 23
15 24
15 25
15 28
15 29
15 36
15 37
15 39
15 40
15 42
15 43
15 49
15 54
15 60
15 64
15 72
15 74
15 75
15 83
15 99
15 100
15 107
15 110
15 115
15 119
15 127
15 129
15 137
15 138
15 141
15 143
15 164
15 165
15 166
15 170
15 179
15 184
15 186
15 191
15 18
15 19
15 38
15 44
15 70
15 78
15 82
15 84
15 88
15 93
15 94
15 102
15 108
15 109
15 114
15 117
15 125
15 150
15 152
15 154
15 163
15 171
15 176
15 189
15 31
15 32
15 33
15 35
15 46
15 57
15 69
15 77
15 91
15 92
15 96
15 97
15 118
15 140
15 142
15 145
15 151
15 155
15 156
15 158
15 168
15 174
15 175
15 177
15 180
15 185
15 190
16 17
16 19
16 26
16 28
16 31
16 34
16 43
16 44
16 47
16 54
16 55
16 56
16 57
16 62
16 64
16 65
16 72
16 76
16 82
16 83
16 85
16 86
16 87
16 93
16 96
16 98
16 101
16 106
16 109
16 114
16 116
16 119
16 120
16 122
16 123
16 126
16 129
16 131
16 135
16 136
16 139
16 142
16 143
16 146
16 151
16 154
16 162
16 174
16 177
16 179
16 185
16 187
16 188
16 191
16 194
16 22
16 25
16 27
16 29
16 35
16 48
16 50
16 53
16 58
16 63
16 77
16 92
16 95
16 104
16 113
16 115
16 125
16 127
16 128
16 134
16 141
16 167
16 168
16 169
16 172
16 173
16 176
16 178
16 192
16 23
16 30
16 38
16 51
16 59
16 66
16 70
16 81
16 88
16 90
16 94
16 97
16 105
16 108
16 112
16 133
16 137
16 157
16 163
16 164
16 165
16 175
16 180
16 183
16 184
16 189
16 195
16 24
16 32
16 33
16 36
16 39
16 41
16 42
16 45
16 60
16 67
16 68
16 74
16 79
16 111
16 132
16 138
16 158
16 159
16 166
16 170
16 186
16 190
16 196
17 20
17 30
17 31
17 39
17 41
17 45
17 46
17 50
17 51
17 52
17 53
17 57
17 61
17 62
17 67
17 71
17 72
17 74
17 76
17 81
17 82
17 89
17 90
17 93
17 94
17 95
17 96
17 100
17 104
17 114
17 121
17 122
17 123
17 124
17 125
17 133
17 139
17 140
17 142
17 143
17 144
17 146
17 151
17 152
17 156
17 160
17 161
17 171
17 173
17 176
17 179
17 185
17 186
17 190
17 193
17 197
17 18
17 22
17 23
17 27
17 28
17 29
17 47
17 48
17 56
17 58
17 60
17 78
17 79
17 87
17 91
17 92
17 107
17 108
17 115
17 117
17 135
17 138
17 141
17 149
17 157
17 159
17 162
17 167
17 168
17 170
17 188
17 195
17 198
17 199
17 34
17 35
17 40
17 42
17 43
17 44
17 54
17 65
17 68
17 77
17 84
17 85
17 98
17 99
17 102
17 106
17 112
17 126
17 128
17 131
17 132
17 137
17 150
17 155
17 165
17 177
17 181
17 191
17 192
17 24
17 33
17 36
17 55
17 73
17 75
17 83
17 129
17 145
17 175
17 178
18 21
18 22
18 26
18 27
18 29
18 30
18 31
18 34
18 35
18 43
18 45
18 46
18 49
18 51
18 57
18 59
18 60
18 61
18 65
18 72
18 75
18 84
18 88
18 91
18 95
18 101
18 102
18 110
18 112
18 115
18 121
18 122
18 126
18 128
18 129
18 135
18 141
18 142
18 148
18 152
18 153
18 154
18 156
18 159
18 161
18 164
18 169
18 172
18 173
18 175
18 182
18 183
18 184
18 187
18 188
18 193
18 20
18 24
18 25
18 32
18 33
18 38
18 42
18 80
18 85
18 86
18 87
18 92
18 96
18 97
18 100
18 107
18 116
18 127
18 140
18 149
18 151
18 157
18 171
18 174
18 176
18 179
18 186
18 191
18 196
18 197
18 198
18 19
18 23
18 28
18 52
18 56
18 58
18 62
18 71
18 73
18 77
18 82
18 83
18 98
18 106
18 109
18 114
18 118
18 130
18 139
18 146
18 147
18 155
18 166
18 178
18 36
18 37
18 44
18 48
18 55
18 66
18 69
18 79
18 105
18 113
18 120
18 131
18 134
18 136
18 137
18 144
18 145
18 163
18 168
18 185
18 192
18 195
19 24
19 26
19 27
19 36
19 40
19 44
19 45
19 46
19 50
19 56
19 58
19 59
19 63
19 65
19 66
19 67
19 74
19 75
19 81
19 84
19 86
19 87
19 91
19 93
19 94
19 95
19 97
19 107
19 109
19 111
19 113
19 115
19 120
19 123
19 129
19 130
19 135
19 136
19 142
19 146
19 149
19 155
19 157
19 160
19 162
19 165
19 171
19 174
19 177
19 179
19 180
19 186
19 190
19 199
19 23
19 34
19 37
19 42
19 51
19 53
19 54
19 55
19 60
19 61
19 68
19 69
19 76
19 78
19 88
19 89
19 90
19 92
19 96
19 100
19 104
19 108
19 117
19 124
19 125
19 133
19 138
19 139
19 153
19 163
19 164
19 170
19 172
19 175
19 176
19 181
19 189
19 193
19 197
19 198
19 21
19 39
19 62
19 64
19 83
19 98
19 99
19 101
19 105
19 112
19 114
19 116
19 119
19 121
19 134
19 137
19 140
19 144
19 150
19 161
19 167
19 182
19 185
19 187
19 25
19 29
19 31
19 38
19 43
19 47
19 70
19 73
19 79
19 80
19 82
19 110
19 122
19 131
19 141
19 143
19 183
19 188
19 192
19 194
20 27
20 32
20 40
20 41
20 49
20 52
20 53
20 56
20 57
20 59
20 61
20 63
20 64
20 65
20 66
20 72
20 74
20 77
20 78
20 85
20 90
20 93
20 94
20 95
20 98
20 100
20 103
20 106
20 107
20 111
20 112
20 116
20 118
20 121
20 122
20 123
20 127
20 138
20 140
20 143
20 144
20 149
20 152
20 155
20 156
20 159
20 160
20 162
20 163
20 165
20 166
20 167
20 176
20 177
20 180
20 188
20 189
20 191
20 193
20 195
20 196
20 197
20 198
20 21
20 22
20 26
20 30
20 34
20 39
20 42
20 44
20 46
20 51
20 62
20 67
20 68
20 71
20 75
20 80
20 81
20 82
20 89
20 104
20 108
20 117
20 120
20 124
20 125
20 126
20 128
20 131
20 137
20 141
20 145
20 146
20 148
20 161
20 164
20 169
20 171
20 172
20 181
20 184
20 186
20 187
20 192
20 29
20 33
20 43
20 47
20 48
20 54
20 58
20 69
20 76
20 83
20 84
20 87
20 91
20 97
20 99
20 114
20 132
20 147
20 153
20 154
20 170
20 173
20 183
20 199
20 24
20 31
20 73
20 88
20 96
20 101
20 105
20 110
20 119
20 136
20 151
20 158
20 185
21 27
21 29
21 31
21 32
21 38
21 39
21 40
21 42
21 43
21 44
21 46
21 47
21 51
21 52
21 54
21 55
21 59
21 63
21 67
21 69
21 72
21 75
21 84
21 87
21 96
21 98
21 101
21 103
21 104
21 110
21 111
21 119
21 120
21 128
21 129
21 130
21 132
21 137
21 139
21 145
21 149
21 151
21 153
21 157
21 160
21 161
21 163
21 166
21 167
21 168
21 169
21 171
21 174
21 175
21 179
21 182
21 183
21 185
21 186
21 187
21 188
21 189
21 190
21 191
21 33
21 36
21 41
21 56
21 62
21 70
21 74
21 76
21 85
21 91
21 99
21 109
21 122
21 124
21 126
21 133
21 135
21 150
21 156
21 159
21 164
21 170
21 173
21 176
21 177
21 194
21 196
21 197
21 23
21 26
21 28
21 30
21 35
21 57
21 65
21 68
21 71
21 81
21 90
21 92
21 95
21 97
21 107
21 108
21 112
21 114
21 117
21 118
21 123
21 131
21 134
21 138
21 141
21 144
21 147
21 154
21 155
21 162
21 172
21 178
21 180
21 181
21 184
21 25
21 37
21 53
21 58
21 61
21 79
21 83
21 89
21 106
21 116
21 121
21 125
21 127
21 146
21 199
22 24
22 28
22 32
22 33
22 34
22 36
22 37
22 38
22 40
22 46
22 48
22 49
22 56
22 61
22 63
22 67
22 71
22 72
22 74
22 76
22 79
22 84
22 85
22 86
22 87
22 91
22 92
22 96
22 97
22 100
22 101
22 102
22 104
22 110
22 112
22 113
22 118
22 122
22 125
22 126
22 127
22 128
22 129
22 130
22 131
22 133
22 137
22 139
22 152
22 153
22 155
22 162
22 163
22 174
22 175
22 177
22 178
22 179
22 183
22 185
22 190
22 192
22 194
22 197
22 198
22 27
22 29
22 31
22 44
22 50
22 52
22 57
22 58
22 69
22 80
22 81
22 83
22 88
22 95
22 99
22 103
22 106
22 107
22 108
22 114
22 119
22 123
22 134
22 138
22 143
22 157
22 159
22 166
22 168
22 171
22 173
22 184
22 186
22 187
22 191
22 193
22 196
22 23
22 25
22 30
22 35
22 42
22 45
22 51
22 54
22 68
22 82
22 89
22 94
22 109
22 115
22 121
22 142
22 144
22 158
22 160
22 181
22 182
22 199
22 26
22 39
22 53
22 59
22 62
22 64
22 132
22 135
22 140
22 147
22 172
22 176
22 180
22 188
22 189
23 26
23 27
23 33
23 35
23 36
23 40
23 42
23 47
23 49
23 53
23 61
23 64
23 65
23 67
23 69
23 70
23 71
23 74
23 79
23 82
23 88
23 89
23 91
23 95
23 105
23 109
23 110
23 114
23 118
23 119
23 127
23 129
23 130
23 136
23 138
23 140
23 145
23 146
23 149
23 151
23 156
23 158
23 166
23 172
23 178
23 179
23 181
23 183
23 184
23 185
23 192
23 195
23 198
23 32
23 37
23 43
23 46
23 51
23 55
23 56
23 57
23 60
23 76
23 90
23 92
23 100
23 101
23 102
23 113
23 115
23 120
23 121
23 125
23 132
23 135
23 142
23 144
23 150
23 154
23 162
23 163
23 167
23 168
23 171
23 174
23 177
23 182
23 186
23 190
23 191
23 194
23 24
23 25
23 31
23 34
23 39
23 59
23 77
23 93
23 106
23 111
23 116
23 122
23 128
23 133
23 134
23 139
23 148
23 155
23 157
23 159
23 160
23 164
23 169
23 170
23 173
23 180
23 187
23 189
23 193
23 199
23 30
23 50
23 52
23 63
23 80
23 83
23 97
23 107
23 123
23 126
23 143
23 147
23 153
23 165
23 188
23 197
24 34
24 39
24 43
24 45
24 49
24 51
24 54
24 56
24 61
24 63
24 65
24 68
24 75
24 84
24 88
24 92
24 98
24 102
24 104
24 109
24 112
24 114
24 120
24 125
24 131
24 132
24 135
24 149
24 152
24 158
24 162
24 167
24 168
24 170
24 171
24 173
24 177
24 179
24 180
24 184
24 185
24 187
24 190
24 191
24 192
24 25
24 27
24 30
24 40
24 48
24 52
24 59
24 60
24 66
24 70
24 74
24 80
24 82
24 83
24 89
24 103
24 116
24 126
24 130
24 136
24 141
24 147
24 150
24 164
24 178
24 183
24 197
24 26
24 32
24 36
24 38
24 44
24 46
24 50
24 53
24 57
24 69
24 77
24 81
24 91
24 94
24 96
24 97
24 99
24 101
24 106
24 107
24 108
24 111
24 113
24 118
24 121
24 122
24 134
24 138
24 140
24 143
24 145
24 153
24 156
24 161
24 174
24 181
24 182
24 189
24 193
24 194
24 195
24 196
24 198
24 199
24 29
24 35
24 37
24 41
24 64
24 72
24 78
24 85
24 87
24 105
24 110
24 123
24 128
24 142
24 144
24 148
24 155
24 157
24 163
24 169
24 175
24 186
24 188
25 26
25 29
25 30
25 43
25 53
25 62
25 63
25 66
25 69
25 72
25 77
25 81
25 85
25 86
25 87
25 92
25 97
25 98
25 99
25 101
25 104
25 109
25 125
25 131
25 132
25 135
25 145
25 146
25 148
25 150
25 151
25 155
25 158
25 167
25 168
25 175
25 176
25 177
25 178
25 182
25 183
25 184
25 197
25 198
25 28
25 32
25 33
25 37
25 46
25 48
25 59
25 61
25 67
25 70
25 75
25 83
25 90
25 96
25 106
25 107
25 111
25 113
25 116
25 127
25 129
25 144
25 152
25 153
25 163
25 170
25 191
25 34
25 42
25 44
25 45
25 51
25 54
25 55
25 58
25 60
25 68
25 76
25 80
25 94
25 103
25 105
25 110
25 121
25 122
25 126
25 128
25 140
25 157
25 160
25 162
25 169
25 171
25 180
25 187
25 193
25 194
25 195
25 36
25 47
25 50
25 71
25 78
25 79
25 84
25 95
25 100
25 108
25 123
25 134
25 136
25 139
25 147
25 149
25 161
25 165
25 172
25 173
25 179
25 186
25 188
25 196
26 32
26 33
26 35
26 42
26 43
26 47
26 49
26 53
26 54
26 57
26 65
26 71
26 76
26 78
26 80
26 81
26 82
26 84
26 87
26 89
26 90
26 91
26 94
26 96
26 99
26 103
26 104
26 109
26 111
26 117
26 118
26 123
26 129
26 130
26 133
26 136
26 140
26 143
26 144
26 146
26 147
26 150
26 151
26 154
26 155
26 159
26 164
26 165
26 169
26 178
26 180
26 184
26 185
26 187
26 191
26 193
26 195
26 196
26 198
26 27
26 31
26 38
26 46
26 66
26 72
26 74
26 75
26 95
26 101
26 112
26 115
26 119
26 120
26 121
26 139
26 141
26 145
26 149
26 152
26 153
26 160
26 163
26 166
26 167
26 172
26 174
26 176
26 177
26 182
26 183
26 186
26 188
26 189
26 190
26 192
26 28
26 29
26 45
26 52
26 58
26 60
26 64
26 67
26 70
26 83
26 85
26 97
26 107
26 113
26 114
26 116
26 128
26 134
26 138
26 161
26 173
26 30
26 44
26 48
26 50
26 51
26 56
26 61
26 62
26 63
26 68
26 73
26 86
26 92
26 100
26 125
26 126
26 127
26 135
26 148
26 162
26 168
26 170
26 197
27 30
27 35
27 36
27 38
27 39
27 41
27 42
27 46
27 47
27 51
27 54
27 56
27 57
27 60
27 63
27 70
27 71
27 77
27 78
27 80
27 81
27 83
27 84
27 85
27 92
27 93
27 99
27 101
27 104
27 106
27 111
27 114
27 115
27 116
27 125
27 127
27 130
27 131
27 136
27 137
27 148
27 155
27 158
27 160
27 161
27 169
27 170
27 174
27 180
27 182
27 184
27 185
27 186
27 187
27 197
27 37
27 53
27 55
27 58
27 59
27 62
27 82
27 87
27 89
27 96
27 97
27 98
27 103
27 109
27 118
27 132
27 134
27 135
27 143
27 145
27 149
27 153
27 159
27 163
27 167
27 178
27 179
27 183
27 190
27 198
27 28
27 32
27 43
27 45
27 49
27 64
27 65
27 68
27 72
27 74
27 86
27 91
27 94
27 95
27 108
27 119
27 121
27 122
27 126
27 142
27 147
27 157
27 168
27 177
27 181
27 191
27 29
27 31
27 66
27 67
27 73
27 76
27 79
27 107
27 110
27 117
27 120
27 123
27 128
27 152
27 165
27 166
27 173
27 194
28 30
28 36
28 37
28 41
28 43
28 46
28 48
28 53
28 56
28 63
28 65
28 74
28 79
28 84
28 88
28 90
28 91
28 97
28 98
28 100
28 101
28 102
28 104
28 105
28 106
28 107
28 108
28 120
28 121
28 122
28 123
28 126
28 132
28 134
28 136
28 147
28 152
28 156
28 157
28 159
28 160
28 161
28 163
28 167
28 168
28 173
28 180
28 182
28 183
28 186
28 189
28 195
28 199
28 38
28 39
28 42
28 49
28 50
28 51
28 57
28 58
28 66
28 70
28 73
28 75
28 80
28 87
28 89
28 92
28 93
28 95
28 99
28 111
28 113
28 114
28 116
28 117
28 131
28 139
28 151
28 153
28 162
28 166
28 170
28 172
28 178
28 188
28 191
28 192
28 193
28 194
28 196
28 29
28 31
28 32
28 44
28 59
28 60
28 62
28 67
28 69
28 76
28 77
28 94
28 103
28 109
28 118
28 124
28 137
28 140
28 149
28 154
28 174
28 179
28 187
28 35
28 61
28 72
28 82
28 86
28 96
28 112
28 119
28 135
28 144
28 146
28 148
28 150
28 155
28 177
28 181
28 185
29 30
29 31
29 32
29 38
29 39
29 40
29 43
29 44
29 45
29 48
29 51
29 52
29 63
29 64
29 66
29 72
29 74
29 75
29 77
29 78
29 79
29 81
29 83
29 88
29 90
29 91
29 95
29 97
29 98
29 99
29 110
29 112
29 114
29 118
29 123
29 124
29 135
29 139
29 140
29 149
29 155
29 156
29 160
29 163
29 165
29 166
29 172
29 173
29 177
29 178
29 181
29 185
29 187
29 188
29 189
29 193
29 196
29 197
29 42
29 49
29 53
29 56
29 57
29 59
29 65
29 73
29 80
29 89
29 92
29 93
29 103
29 111
29 119
29 126
29 138
29 141
29 150
29 152
29 154
29 158
29 170
29 174
29 190
29 191
29 34
29 36
29 50
29 54
29 55
29 60
29 67
29 76
29 84
29 85
29 94
29 96
29 107
29 120
29 128
29 132
29 133
29 136
29 144
29 145
29 147
29 157
29 161
29 162
29 164
29 167
29 179
29 194
29 198
29 199
29 35
29 46
29 62
29 82
29 100
29 117
29 125
29 134
29 137
29 146
29 148
29 151
29 159
29 169
29 171
29 175
29 180
29 186
29 195
30 32
30 33
30 38
30 40
30 42
30 48
30 51
30 58
30 70
30 72
30 76
30 85
30 109
30 111
30 115
30 116
30 120
30 122
30 125
30 128
30 129
30 130
30 137
30 138
30 139
30 142
30 144
30 157
30 158
30 159
30 163
30 169
30 171
30 173
30 174
30 175
30 176
30 181
30 187
30 190
30 197
30 198
30 37
30 43
30 44
30 45
30 52
30 63
30 65
30 68
30 69
30 71
30 79
30 80
30 82
30 86
30 96
30 98
30 103
30 105
30 107
30 141
30 143
30 147
30 149
30 151
30 152
30 153
30 154
30 160
30 161
30 164
30 168
30 170
30 185
30 188
30 189
30 31
30 46
30 49
30 54
30 59
30 62
30 73
30 75
30 81
30 83
30 87
30 97
30 99
30 100
30 101
30 102
30 112
30 114
30 117
30 118
30 121
30 135
30 136
30 146
30 148
30 150
30 166
30 177
30 180
30 182
30 184
30 186
30 191
30 194
30 195
30 39
30 53
30 67
30 78
30 88
30 90
30 108
30 134
30 156
30 183
30 199
31 33
31 38
31 39
31 46
31 49
31 52
31 57
31 60
31 61
31 62
31 67
31 70
31 74
31 78
31 79
31 80
31 81
31 86
31 88
31 94
31 97
31 99
31 100
31 105
31 106
31 108
31 112
31 116
31 118
31 120
31 134
31 143
31 148
31 149
31 153
31 157
31 158
31 160
31 165
31 171
31 173
31 175
31 176
31 180
31 183
31 190
31 192
31 193
31 196
31 198
31 32
31 35
31 37
31 41
31 48
31 53
31 59
31 63
31 69
31 71
31 91
31 96
31 101
31 102
31 109
31 114
31 124
31 128
31 131
31 133
31 138
31 147
31 151
31 155
31 159
31 162
31 166
31 167
31 168
31 169
31 174
31 187
31 188
31 194
31 195
31 36
31 40
31 44
31 45
31 50
31 51
31 58
31 72
31 84
31 87
31 89
31 90
31 113
31 122
31 135
31 137
31 139
31 144
31 145
31 152
31 156
31 164
31 184
31 185
31 189
31 199
31 47
31 64
31 82
31 83
31 85
31 92
31 93
31 103
31 107
31 110
31 111
31 117
31 119
31 123
31 125
31 129
31 161
31 181
31 186
31 191
32 33
32 35
32 53
32 56
32 59
32 60
32 62
32 68
32 75
32 78
32 83
32 84
32 88
32 89
32 90
32 95
32 97
32 98
32 103
32 105
32 106
32 112
32 113
32 115
32 117
32 123
32 125
32 127
32 128
32 133
32 134
32 135
32 138
32 141
32 144
32 146
32 148
32 150
32 164
32 166
32 170
32 174
32 175
32 176
32 180
32 181
32 183
32 184
32 188
32 192
32 37
32 42
32 43
32 45
32 49
32 55
32 67
32 69
32 70
32 76
32 85
32 91
32 100
32 104
32 111
32 119
32 121
32 124
32 136
32 139
32 142
32 147
32 160
32 162
32 172
32 173
32 189
32 50
32 51
32 66
32 74
32 80
32 81
32 87
32 93
32 96
32 99
32 101
32 102
32 114
32 130
32 140
32 143
32 151
32 153
32 163
32 167
32 171
32 177
32 178
32 179
32 182
32 198
32 199
32 34
32 36
32 47
32 48
32 52
32 54
32 58
32 73
32 82
32 92
32 107
32 110
32 132
32 158
32 159
32 169
32 185
32 193
32 196
33 34
33 36
33 37
33 38
33 40
33 43
33 44
33 48
33 52
33 53
33 57
33 58
33 63
33 65
33 68
33 73
33 78
33 87
33 89
33 96
33 97
33 102
33 109
33 114
33 121
33 122
33 131
33 132
33 134
33 138
33 142
33 149
33 150
33 152
33 153
33 155
33 164
33 165
33 174
33 177
33 178
33 179
33 180
33 181
33 184
33 195
33 197
33 199
33 35
33 41
33 46
33 66
33 67
33 71
33 72
33 90
33 91
33 93
33 95
33 100
33 101
33 103
33 104
33 106
33 107
33 108
33 113
33 116
33 123
33 129
33 133
33 135
33 140
33 141
33 145
33 148
33 154
33 160
33 162
33 166
33 173
33 182
33 183
33 187
33 194
33 198
33 45
33 49
33 54
33 55
33 59
33 62
33 69
33 79
33 81
33 99
33 105
33 111
33 117
33 120
33 124
33 127
33 130
33 137
33 143
33 161
33 167
33 171
33 186
33 188
33 42
33 47
33 64
33 70
33 74
33 77
33 82
33 83
33 84
33 88
33 92
33 94
33 112
33 115
33 118
33 119
33 125
33 136
33 144
33 151
33 156
33 169
33 172
33 175
33 190
33 192
34 38
34 51
34 53
34 61
34 68
34 72
34 75
34 84
34 88
34 92
34 93
34 94
34 103
34 105
34 107
34 110
34 114
34 117
34 118
34 119
34 122
34 124
34 127
34 128
34 130
34 133
34 135
34 137
34 141
34 142
34 144
34 147
34 150
34 153
34 155
34 158
34 159
34 161
34 163
34 164
34 168
34 174
34 178
34 181
34 187
34 192
34 193
34 198
34 199
34 35
34 55
34 58
34 62
34 69
34 70
34 71
34 77
34 81
34 82
34 90
34 99
34 104
34 106
34 112
34 115
34 125
34 129
34 136
34 143
34 148
34 151
34 152
34 157
34 170
34 176
34 179
34 185
34 189
34 194
34 196
34 36
34 44
34 45
34 49
34 54
34 56
34 87
34 96
34 101
34 109
34 132
34 134
34 139
34 160
34 162
34 173
34 180
34 188
34 37
34 39
34 40
34 43
34 47
34 50
34 60
34 67
34 73
34 83
34 85
34 86
34 113
34 116
34 145
34 149
34 167
34 184
34 186
34 195
35 36
35 37
35 40
35 42
35 44
35 54
35 58
35 60
35 63
35 68
35 70
35 77
35 87
35 94
35 95
35 100
35 102
35 105
35 107
35 111
35 114
35 119
35 122
35 124
35 128
35 129
35 137
35 139
35 140
35 145
35 146
35 153
35 156
35 161
35 165
35 167
35 169
35 172
35 174
35 177
35 180
35 188
35 190
35 191
35 195
35 39
35 46
35 49
35 56
35 66
35 71
35 72
35 74
35 75
35 78
35 79
35 89
35 91
35 93
35 96
35 98
35 106
35 112
35 116
35 118
35 120
35 133
35 134
35 149
35 150
35 152
35 154
35 162
35 166
35 179
35 185
35 186
35 187
35 197
35 38
35 43
35 45
35 47
35 51
35 59
35 73
35 76
35 86
35 92
35 101
35 103
35 113
35 117
35 135
35 143
35 151
35 155
35 163
35 173
35 176
35 182
35 183
35 184
35 198
35 48
35 57
35 61
35 64
35 67
35 85
35 88
35 90
35 99
35 108
35 109
35 110
35 121
35 126
35 131
35 136
35 144
35 147
35 148
35 194
36 39
36 40
36 43
36 44
36 49
36 53
36 54
36 55
36 56
36 57
36 61
36 62
36 63
36 64
36 66
36 71
36 72
36 78
36 79
36 83
36 85
36 86
36 87
36 88
36 90
36 91
36 93
36 98
36 110
36 112
36 113
36 115
36 119
36 121
36 124
36 129
36 134
36 141
36 142
36 156
36 158
36 168
36 169
36 170
36 171
36 172
36 179
36 181
36 182
36 184
36 186
36 188
36 189
36 193
36 196
36 197
36 41
36 46
36 59
36 60
36 65
36 77
36 80
36 81
36 89
36 99
36 103
36 104
36 105
36 109
36 111
36 120
36 133
36 136
36 150
36 152
36 155
36 160
36 164
36 165
36 174
36 178
36 180
36 187
36 190
36 192
36 198
36 38
36 45
36 48
36 50
36 58
36 67
36 74
36 76
36 82
36 94
36 97
36 102
36 117
36 127
36 137
36 140
36 143
36 162
36 163
36 177
36 183
36 194
36 195
36 42
36 47
36 68
36 75
36 92
36 108
36 116
36 132
36 139
36 147
36 159
36 161
36 175
36 176
37 44
37 46
37 49
37 52
37 64
37 65
37 72
37 73
37 81
37 84
37 87
37 88
37 89
37 90
37 91
37 95
37 102
37 103
37 104
37 111
37 112
37 118
37 119
37 125
37 126
37 131
37 134
37 135
37 136
37 141
37 144
37 145
37 148
37 156
37 157
37 158
37 163
37 165
37 170
37 172
37 173
37 174
37 179
37 186
37 190
37 191
37 192
37 193
37 196
37 40
37 43
37 48
37 51
37 53
37 56
37 60
37 62
37 63
37 66
37 68
37 74
37 77
37 78
37 86
37 94
37 108
37 117
37 120
37 127
37 133
37 137
37 139
37 142
37 151
37 154
37 161
37 168
37 181
37 182
37 187
37 195
37 198
37 41
37 42
37 47
37 50
37 69
37 71
37 80
37 83
37 85
37 92
37 121
37 123
37 124
37 130
37 140
37 143
37 153
37 155
37 159
37 169
37 176
37 57
37 70
37 79
37 98
37 99
37 107
37 109
37 113
37 149
37 150
37 167
37 175
37 177
37 180
37 184
37 185
37 189
37 194
38 40
38 43
38 45
38 46
38 47
38 49
38 51
38 52
38 55
38 57
38 59
38 60
38 62
38 65
38 67
38 68
38 69
38 70
38 75
38 77
38 82
38 86
38 93
38 97
38 100
38 101
38 108
38 112
38 113
38 114
38 121
38 123
38 125
38 126
38 127
38 131
38 132
38 133
38 134
38 135
38 137
38 142
38 144
38 145
38 147
38 150
38 157
38 158
38 159
38 162
38 164
38 173
38 176
38 179
38 181
38 186
38 189
38 193
38 194
38 39
38 48
38 56
38 61
38 63
38 73
38 78
38 80
38 89
38 90
38 103
38 104
38 111
38 115
38 120
38 128
38 138
38 139
38 143
38 154
38 155
38 161
38 165
38 166
38 182
38 183
38 187
38 191
38 192
38 198
38 199
38 72
38 74
38 87
38 91
38 94
38 95
38 98
38 106
38 116
38 117
38 118
38 119
38 129
38 130
38 136
38 151
38 156
38 163
38 168
38 172
38 178
38 180
38 188
38 195
38 196
38 197
38 41
38 44
38 54
38 64
38 76
38 81
38 84
38 88
38 107
38 110
38 124
38 152
38 170
38 171
38 185
38 190
39 44
39 45
39 47
39 48
39 57
39 60
39 65
39 69
39 73
39 78
39 81
39 84
39 85
39 89
39 101
39 102
39 103
39 107
39 110
39 114
39 117
39 125
39 127
39 130
39 132
39 135
39 137
39 140
39 144
39 145
39 146
39 148
39 150
39 153
39 163
39 172
39 175
39 177
39 181
39 184
39 186
39 187
39 188
39 189
39 193
39 196
39 198
39 199
39 40
39 55
39 58
39 59
39 66
39 71
39 75
39 77
39 80
39 82
39 90
39 91
39 95
39 104
39 106
39 108
39 112
39 113
39 115
39 120
39 122
39 129
39 131
39 134
39 147
39 158
39 161
39 162
39 164
39 166
39 168
39 171
39 174
39 176
39 179
39 191
39 192
39 197
39 43
39 49
39 54
39 64
39 83
39 87
39 100
39 105
39 109
39 116
39 121
39 139
39 149
39 152
39 154
39 157
39 159
39 170
39 185
39 190
39 195
39 46
39 51
39 53
39 67
39 88
39 98
39 99
39 118
39 123
39 128
39 133
39 136
39 142
39 160
39 173
39 178
39 182
40 41
40 44
40 45
40 51
40 62
40 64
40 68
40 82
40 85
40 90
40 91
40 93
40 96
40 97
40 100
40 104
40 107
40 109
40 111
40 112
40 113
40 116
40 119
40 120
40 130
40 131
40 142
40 149
40 153
40 160
40 166
40 167
40 173
40 174
40 177
40 182
40 185
40 188
40 193
40 195
40 198
40 49
40 57
40 66
40 67
40 69
40 71
40 79
40 81
40 84
40 92
40 99
40 102
40 110
40 115
40 117
40 125
40 127
40 134
40 135
40 137
40 140
40 141
40 144
40 155
40 157
40 168
40 169
40 175
40 176
40 178
40 184
40 199
40 42
40 46
40 48
40 50
40 54
40 59
40 63
40 65
40 70
40 72
40 76
40 88
40 89
40 103
40 106
40 126
40 133
40 136
40 138
40 146
40 150
40 162
40 163
40 170
40 181
40 189
40 191
40 197
40 58
40 61
40 74
40 78
40 83
40 86
40 98
40 114
40 121
40 124
40 132
40 139
40 147
41 43
41 46
41 47
41 48
41 50
41 56
41 66
41 68
41 69
41 70
41 74
41 80
41 83
41 85
41 87
41 89
41 94
41 95
41 104
41 107
41 109
41 115
41 116
41 117
41 120
41 121
41 125
41 126
41 129
41 131
41 134
41 135
41 142
41 146
41 147
41 148
41 150
41 151
41 154
41 161
41 162
41 166
41 168
41 170
41 176
41 177
41 182
41 186
41 187
41 197
41 42
41 51
41 52
41 53
41 54
41 61
41 62
41 63
41 65
41 72
41 73
41 79
41 90
41 100
41 106
41 114
41 118
41 130
41 133
41 136
41 139
41 152
41 153
41 159
41 163
41 165
41 178
41 179
41 181
41 189
41 191
41 192
41 193
41 194
41 195
41 196
41 198
41 199
41 44
41 45
41 49
41 55
41 59
41 88
41 96
41 98
41 103
41 108
41 110
41 119
41 122
41 127
41 128
41 138
41 141
41 143
41 149
41 155
41 160
41 169
41 173
41 180
41 188
41 190
42 44
42 46
42 49
42 53
42 55
42 57
42 65
42 67
42 70
42 78
42 80
42 91
42 107
42 109
42 110
42 111
42 116
42 135
42 137
42 141
42 142
42 143
42 147
42 148
42 151
42 153
42 158
42 160
42 162
42 164
42 166
42 170
42 176
42 180
42 184
42 192
42 196
42 197
42 199
42 45
42 47
42 48
42 51
42 59
42 61
42 68
42 81
42 82
42 84
42 98
42 101
42 103
42 117
42 119
42 122
42 127
42 129
42 131
42 136
42 138
42 140
42 146
42 155
42 157
42 159
42 165
42 168
42 172
42 174
42 178
42 190
42 191
42 194
42 43
42 50
42 56
42 60
42 62
42 74
42 76
42 85
42 89
42 93
42 95
42 97
42 106
42 108
42 113
42 150
42 152
42 161
42 181
42 183
43 46
43 47
43 50
43 51
43 53
43 54
43 59
43 60
43 61
43 62
43 66
43 72
43 74
43 77
43 78
43 80
43 81
43 83
43 84
43 85
43 93
43 95
43 96
43 97
43 101
43 105
43 106
43 112
43 113
43 126
43 132
43 134
43 135
43 137
43 138
43 143
43 145
43 146
43 154
43 156
43 158
43 160
43 162
43 167
43 170
43 171
43 177
43 179
43 184
43 185
43 186
43 194
43 195
43 196
43 198
43 56
43 58
43 65
43 67
43 68
43 70
43 71
43 75
43 94
43 99
43 111
43 115
43 120
43 123
43 128
43 129
43 131
43 133
43 149
43 150
43 169
43 187
43 188
43 190
43 193
43 197
43 44
43 45
43 52
43 69
43 73
43 86
43 107
43 127
43 141
43 144
43 152
43 155
43 157
43 159
43 161
43 163
43 172
43 173
43 178
43 181
43 192
44 48
44 57
44 59
44 62
44 71
44 77
44 78
44 84
44 90
44 91
44 93
44 94
44 101
44 102
44 111
44 112
44 114
44 117
44 118
44 119
44 120
44 127
44 131
44 132
44 137
44 138
44 141
44 142
44 143
44 150
44 151
44 155
44 158
44 162
44 166
44 168
44 175
44 176
44 177
44 179
44 180
44 182
44 187
44 190
44 192
44 195
44 197
44 49
44 51
44 52
44 58
44 61
44 70
44 72
44 73
44 75
44 83
44 85
44 86
44 87
44 88
44 96
44 100
44 104
44 105
44 109
44 116
44 129
44 135
44 144
44 146
44 147
44 149
44 159
44 181
44 186
44 188
44 189
44 196
44 198
44 45
44 50
44 53
44 64
44 65
44 67
44 74
44 76
44 80
44 81
44 82
44 103
44 115
44 122
44 130
44 134
44 136
44 140
44 145
44 148
44 160
44 163
44 169
44 171
44 191
44 193
45 49
45 52
45 53
45 57
45 60
45 67
45 68
45 69
45 70
45 74
45 75
45 76
45 81
45 82
45 88
45 93
45 94
45 95
45 96
45 100
45 101
45 102
45 103
45 108
45 110
45 111
45 119
45 120
45 125
45 126
45 129
45 133
45 136
45 143
45 146
45 147
45 151
45 162
45 164
45 168
45 174
45 178
45 180
45 181
45 182
45 183
45 188
45 194
45 46
45 48
45 54
45 56
45 59
45 62
45 65
45 79
45 91
45 104
45 109
45 116
45 118
45 121
45 123
45 131
45 132
45 138
45 141
45 142
45 152
45 157
45 160
45 166
45 167
45 170
45 172
45 173
45 175
45 192
45 193
45 50
45 51
45 58
45 61
45 63
45 66
45 73
45 86
45 97
45 99
45 107
45 113
45 117
45 122
45 124
45 135
45 137
45 150
45 153
45 161
45 163
45 171
45 179
45 187
45 191
45 199
46 47
46 52
46 57
46 62
46 64
46 65
46 69
46 70
46 71
46 76
46 82
46 83
46 84
46 86
46 88
46 91
46 97
46 100
46 101
46 103
46 104
46 105
46 110
46 114
46 119
46 120
46 123
46 125
46 129
46 130
46 133
46 134
46 135
46 137
46 140
46 141
46 142
46 148
46 151
46 153
46 165
46 166
46 171
46 183
46 188
46 191
46 194
46 198
46 48
46 53
46 58
46 61
46 63
46 66
46 74
46 78
46 87
46 98
46 107
46 108
46 116
46 117
46 118
46 122
46 124
46 132
46 139
46 152
46 154
46 155
46 156
46 163
46 164
46 167
46 169
46 174
46 175
46 179
46 181
46 186
46 189
46 190
46 50
46 54
46 67
46 80
46 81
46 85
46 89
46 96
46 109
46 112
46 113
46 115
46 121
46 131
46 138
46 147
46 150
46 157
46 158
46 161
46 162
46 168
46 176
46 177
46 185
46 193
46 195
47 50
47 52
47 55
47 57
47 58
47 59
47 60
47 66
47 69
47 70
47 73
47 75
47 78
47 79
47 83
47 84
47 85
47 89
47 90
47 94
47 96
47 98
47 100
47 101
47 106
47 107
47 108
47 117
47 118
47 123
47 124
47 128
47 129
47 131
47 132
47 135
47 143
47 152
47 154
47 155
47 156
47 162
47 164
47 169
47 171
47 175
47 176
47 183
47 185
47 188
47 189
47 192
47 196
47 199
47 61
47 64
47 71
47 74
47 82
47 88
47 92
47 95
47 99
47 103
47 109
47 112
47 114
47 115
47 119
47 122
47 127
47 134
47 138
47 142
47 144
47 147
47 148
47 151
47 158
47 161
47 170
47 172
47 174
47 178
47 179
47 181
47 187
47 190
47 193
47 194
47 195
47 48
47 49
47 62
47 68
47 72
47 80
47 87
47 93
47 102
47 104
47 105
47 110
47 113
47 126
47 133
47 146
47 157
47 166
47 167
47 177
48 50
48 57
48 77
48 80
48 82
48 84
48 86
48 87
48 93
48 94
48 99
48 103
48 104
48 105
48 106
48 107
48 108
48 109
48 111
48 119
48 120
48 123
48 124
48 126
48 139
48 142
48 147
48 150
48 158
48 171
48 174
48 177
48 179
48 185
48 187
48 190
48 193
48 49
48 52
48 53
48 56
48 59
48 63
48 65
48 66
48 69
48 70
48 71
48 74
48 83
48 89
48 91
48 98
48 101
48 102
48 114
48 115
48 122
48 129
48 130
48 134
48 140
48 141
48 144
48 146
48 148
48 152
48 154
48 157
48 162
48 164
48 166
48 169
48 170
48 172
48 173
48 180
48 182
48 184
48 199
48 51
48 60
48 62
48 67
48 68
48 75
48 88
48 121
48 131
48 133
48 136
48 143
48 155
48 159
48 160
48 165
48 167
48 188
48 191
48 195
48 196
48 197
49 51
49 53
49 54
49 55
49 60
49 65
49 70
49 75
49 77
49 78
49 85
49 87
49 91
49 93
49 94
49 97
49 98
49 100
49 108
49 111
49 114
49 115
49 124
49 137
49 138
49 141
49 143
49 146
49 147
49 156
49 160
49 165
49 167
49 172
49 176
49 182
49 183
49 186
49 188
49 192
49 50
49 57
49 69
49 73
49 76
49 81
49 84
49 90
49 101
49 103
49 104
49 116
49 122
49 123
49 127
49 134
49 136
49 139
49 140
49 144
49 149
49 150
49 153
49 157
49 158
49 169
49 171
49 173
49 175
49 187
49 191
49 52
49 59
49 63
49 66
49 74
49 95
49 106
49 118
49 131
49 132
49 151
49 159
49 166
49 170
49 174
49 180
49 184
49 189
49 194
49 199
50 51
50 57
50 59
50 60
50 61
50 63
50 68
50 70
50 74
50 77
50 78
50 79
50 91
50 94
50 104
50 107
50 109
50 110
50 111
50 112
50 115
50 116
50 120
50 122
50 126
50 127
50 131
50 140
50 141
50 145
50 150
50 152
50 156
50 157
50 159
50 161
50 163
50 165
50 166
50 175
50 177
50 181
50 183
50 184
50 186
50 187
50 189
50 190
50 192
50 193
50 194
50 195
50 199
50 54
50 56
50 58
50 65
50 66
50 67
50 69
50 76
50 84
50 86
50 87
50 88
50 93
50 100
50 101
50 102
50 103
50 105
50 118
50 128
50 132
50 133
50 135
50 136
50 137
50 144
50 154
50 158
50 164
50 170
50 171
50 173
50 180
50 182
50 198
50 52
50 64
50 82
50 83
50 85
50 89
50 95
50 96
50 108
50 113
50 121
50 123
50 134
50 138
50 146
50 148
50 153
50 174
50 179
50 185
50 188
50 197
51 53
51 54
51 56
51 58
51 62
51 66
51 68
51 73
51 79
51 80
51 86
51 88
51 91
51 93
51 94
51 98
51 99
51 101
51 103
51 105
51 107
51 108
51 114
51 122
51 123
51 124
51 128
51 129
51 139
51 143
51 145
51 148
51 166
51 168
51 169
51 174
51 175
51 177
51 178
51 179
51 180
51 184
51 191
51 192
51 193
51 195
51 55
51 57
51 63
51 64
51 74
51 76
51 81
51 89
51 96
51 100
51 104
51 111
51 126
51 127
51 133
51 135
51 140
51 155
51 163
51 164
51 176
51 182
51 189
51 198
51 199
51 59
51 70
51 71
51 77
51 78
51 84
51 87
51 97
51 102
51 106
51 115
51 117
51 119
51 125
51 130
51 137
51 138
51 142
51 144
51 146
51 147
51 149
51 153
51 158
51 162
51 167
51 171
51 181
51 187
51 197
52 53
52 57
52 59
52 60
52 61
52 62
52 63
52 64
52 67
52 76
52 78
52 86
52 88
52 93
52 94
52 105
52 109
52 112
52 115
52 116
52 117
52 118
52 119
52 120
52 121
52 130
52 139
52 140
52 143
52 146
52 150
52 151
52 154
52 158
52 159
52 160
52 163
52 166
52 170
52 173
52 177
52 180
52 181
52 186
52 192
52 198
52 58
52 68
52 72
52 82
52 85
52 90
52 100
52 102
52 111
52 122
52 123
52 127
52 131
52 136
52 142
52 152
52 153
52 161
52 162
52 185
52 187
52 190
52 191
52 193
52 195
52 196
52 199
52 56
52 70
52 71
52 79
52 87
52 95
52 98
52 101
52 110
52 137
52 138
52 147
52 155
52 156
52 164
52 169
52 172
52 175
52 179
52 188
52 194
53 54
53 57
53 58
53 61
53 63
53 69
53 81
53 82
53 100
53 101
53 102
53 103
53 108
53 112
53 115
53 116
53 119
53 122
53 123
53 124
53 125
53 131
53 133
53 135
53 138
53 140
53 141
53 142
53 144
53 146
53 151
53 152
53 153
53 156
53 160
53 164
53 165
53 166
53 169
53 173
53 176
53 181
53 184
53 187
53 190
53 196
53 198
53 199
53 55
53 56
53 59
53 65
53 70
53 71
53 72
53 83
53 86
53 91
53 93
53 98
53 99
53 105
53 126
53 128
53 130
53 132
53 134
53 136
53 139
53 149
53 150
53 162
53 163
53 167
53 168
53 172
53 175
53 180
53 186
53 188
53 64
53 66
53 78
53 87
53 94
53 106
53 107
53 109
53 117
53 121
53 143
53 145
53 155
53 157
53 174
53 193
53 195
54 55
54 60
54 65
54 66
54 67
54 68
54 69
54 70
54 71
54 77
54 79
54 82
54 84
54 85
54 90
54 91
54 94
54 96
54 97
54 98
54 103
54 115
54 116
54 123
54 125
54 129
54 130
54 131
54 132
54 136
54 151
54 155
54 162
54 164
54 166
54 171
54 175
54 178
54 180
54 183
54 184
54 185
54 188
54 189
54 192
54 196
54 56
54 57
54 59
54 72
54 74
54 75
54 83
54 86
54 92
54 100
54 101
54 102
54 105
54 110
54 112
54 118
54 119
54 121
54 124
54 126
54 128
54 134
54 140
54 143
54 149
54 156
54 158
54 165
54 169
54 170
54 179
54 190
54 191
54 198
54 63
54 64
54 113
54 117
54 144
54 145
54 152
54 157
54 163
54 168
54 173
54 176
54 187
54 193
54 199
55 65
55 69
55 72
55 80
55 86
55 87
55 89
55 91
55 96
55 98
55 101
55 103
55 104
55 106
55 112
55 116
55 118
55 120
55 123
55 125
55 128
55 130
55 131
55 132
55 133
55 138
55 139
55 140
55 142
55 143
55 146
55 150
55 152
55 155
55 158
55 161
55 163
55 164
55 165
55 166
55 167
55 177
55 178
55 188
55 195
55 196
55 198
55 57
55 59
55 60
55 64
55 68
55 70
55 77
55 79
55 81
55 92
55 93
55 99
55 107
55 108
55 122
55 126
55 129
55 137
55 144
55 148
55 153
55 156
55 157
55 160
55 168
55 171
55 176
55 180
55 186
55 189
55 194
55 197
55 66
55 78
55 82
55 84
55 88
55 90
55 94
55 109
55 113
55 119
55 134
55 135
55 136
55 159
55 162
55 170
55 174
55 175
55 184
56 58
56 60
56 63
56 64
56 70
56 74
56 77
56 93
56 97
56 101
56 102
56 105
56 110
56 111
56 116
56 117
56 120
56 125
56 126
56 129
56 131
56 138
56 140
56 142
56 143
56 151
56 157
56 165
56 170
56 177
56 178
56 185
56 195
56 197
56 198
56 61
56 65
56 67
56 75
56 83
56 86
56 89
56 92
56 95
56 96
56 99
56 100
56 103
56 104
56 106
56 107
56 115
56 127
56 128
56 133
56 139
56 144
56 146
56 155
56 156
56 159
56 163
56 166
56 167
56 172
56 175
56 181
56 182
56 187
56 188
56 190
56 192
56 196
56 66
56 73
56 76
56 85
56 94
56 109
56 112
56 121
56 122
56 123
56 130
56 134
56 135
56 148
56 152
56 154
56 171
56 173
56 176
56 189
56 193
57 58
57 61
57 66
57 68
57 72
57 73
57 78
57 79
57 95
57 98
57 99
57 101
57 103
57 105
57 109
57 114
57 117
57 118
57 123
57 126
57 127
57 129
57 133
57 136
57 139
57 143
57 152
57 154
57 159
57 161
57 165
57 171
57 175
57 176
57 177
57 179
57 180
57 186
57 189
57 193
57 194
57 199
57 59
57 60
57 65
57 71
57 76
57 81
57 85
57 92
57 94
57 96
57 100
57 110
57 113
57 116
57 122
57 141
57 145
57 151
57 156
57 157
57 158
57 160
57 167
57 170
57 172
57 174
57 182
57 184
57 187
57 188
57 197
57 63
57 69
57 74
57 86
57 91
57 97
57 107
57 108
57 131
57 134
57 135
57 150
57 164
57 183
57 191
57 192
58 59
58 63
58 65
58 68
58 74
58 76
58 77
58 81
58 84
58 87
58 92
58 95
58 105
58 108
58 110
58 111
58 115
58 119
58 121
58 122
58 125
58 126
58 129
58 130
58 131
58 132
58 134
58 136
58 137
58 139
58 142
58 144
58 146
58 149
58 154
58 163
58 166
58 172
58 174
58 175
58 177
58 179
58 180
58 183
58 184
58 190
58 191
58 193
58 194
58 197
58 66
58 72
58 75
58 86
58 91
58 94
58 96
58 102
58 103
58 106
58 109
58 114
58 116
58 143
58 145
58 151
58 160
58 164
58 167
58 186
58 188
58 192
58 78
58 79
58 80
58 99
58 100
58 104
58 113
58 123
58 133
58 150
58 155
58 158
58 159
58 176
58 178
58 185
58 195
59 60
59 62
59 73
59 74
59 77
59 84
59 89
59 99
59 111
59 121
59 122
59 124
59 127
59 131
59 139
59 143
59 145
59 147
59 151
59 161
59 162
59 163
59 170
59 173
59 177
59 178
59 179
59 191
59 194
59 196
59 63
59 64
59 68
59 80
59 86
59 87
59 90
59 92
59 93
59 96
59 97
59 105
59 106
59 108
59 109
59 110
59 120
59 125
59 128
59 129
59 133
59 135
59 136
59 137
59 141
59 142
59 154
59 155
59 160
59 185
59 188
59 189
59 195
59 199
59 66
59 67
59 78
59 81
59 94
59 113
59 115
59 116
59 118
59 144
59 148
59 152
59 156
59 157
59 164
59 171
59 174
59 175
59 180
59 181
59 182
59 198
60 63
60 66
60 69
60 72
60 73
60 79
60 80
60 82
60 84
60 85
60 87
60 88
60 91
60 93
60 94
60 101
60 102
60 107
60 109
60 116
60 121
60 122
60 123
60 130
60 136
60 137
60 140
60 145
60 146
60 150
60 153
60 155
60 161
60 162
60 164
60 166
60 168
60 169
60 172
60 175
60 180
60 181
60 189
60 190
60 192
60 193
60 196
60 198
60 62
60 67
60 68
60 70
60 74
60 77
60 78
60 81
60 90
60 92
60 97
60 108
60 112
60 118
60 120
60 127
60 128
60 132
60 135
60 139
60 141
60 143
60 144
60 158
60 159
60 160
60 176
60 179
60 188
60 191
60 197
60 64
60 65
60 71
60 76
60 83
60 86
60 99
60 104
60 105
60 110
60 119
60 124
60 138
60 142
60 148
60 157
60 165
60 174
60 182
60 183
60 187
61 63
61 64
61 65
61 67
61 71
61 79
61 85
61 88
61 89
61 95
61 99
61 100
61 104
61 107
61 108
61 113
61 116
61 118
61 119
61 124
61 126
61 130
61 136
61 146
61 150
61 157
61 164
61 172
61 175
61 177
61 178
61 179
61 189
61 191
61 194
61 199
61 66
61 72
61 80
61 81
61 83
61 86
61 93
61 96
61 97
61 98
61 103
61 106
61 114
61 122
61 128
61 138
61 142
61 143
61 148
61 151
61 152
61 156
61 160
61 162
61 163
61 165
61 166
61 174
61 182
61 196
61 75
61 76
61 82
61 84
61 90
61 91
61 94
61 105
61 109
61 111
61 123
61 127
61 129
61 132
61 133
61 147
61 153
61 154
61 159
61 167
61 176
61 180
61 181
61 186
61 193
61 198
62 72
62 73
62 78
62 84
62 103
62 104
62 110
62 112
62 118
62 122
62 124
62 125
62 130
62 135
62 140
62 150
62 151
62 152
62 160
62 161
62 166
62 176
62 178
62 187
62 190
62 191
62 197
62 65
62 68
62 69
62 77
62 79
62 81
62 82
62 85
62 89
62 93
62 98
62 100
62 101
62 107
62 108
62 111
62 113
62 129
62 141
62 144
62 146
62 147
62 149
62 155
62 156
62 165
62 171
62 173
62 184
62 198
62 66
62 87
62 91
62 96
62 102
62 106
62 115
62 120
62 127
62 136
62 145
62 153
62 159
62 162
62 163
62 168
62 172
62 182
62 186
62 189
62 193
62 196
63 64
63 65
63 66
63 68
63 71
63 74
63 79
63 85
63 87
63 89
63 91
63 95
63 100
63 105
63 107
63 114
63 115
63 118
63 120
63 124
63 125
63 131
63 132
63 135
63 137
63 144
63 146
63 149
63 152
63 155
63 158
63 160
63 161
63 162
63 167
63 168
63 170
63 173
63 175
63 176
63 180
63 182
63 184
63 188
63 190
63 199
63 72
63 82
63 83
63 84
63 86
63 88
63 90
63 98
63 102
63 128
63 130
63 133
63 134
63 138
63 139
63 140
63 143
63 153
63 163
63 164
63 166
63 169
63 174
63 178
63 179
63 181
63 183
63 76
63 81
63 92
63 101
63 106
63 108
63 111
63 121
63 123
63 126
63 136
63 150
63 159
63 165
63 171
63 172
63 177
63 189
63 195
63 198
64 68
64 87
64 88
64 97
64 99
64 100
64 103
64 115
64 118
64 120
64 121
64 126
64 131
64 133
64 134
64 139
64 144
64 147
64 149
64 150
64 151
64 153
64 154
64 160
64 162
64 164
64 168
64 170
64 171
64 179
64 191
64 193
64 194
64 197
64 199
64 69
64 73
64 74
64 80
64 81
64 82
64 90
64 91
64 92
64 95
64 96
64 106
64 108
64 111
64 116
64 135
64 136
64 137
64 146
64 155
64 165
64 167
64 173
64 174
64 175
64 180
64 186
64 189
64 198
64 71
64 72
64 89
64 93
64 107
64 112
64 114
64 117
64 127
64 143
64 145
64 157
64 176
64 178
64 181
64 188
64 195
65 73
65 74
65 79
65 80
65 83
65 84
65 87
65 89
65 90
65 91
65 100
65 107
65 109
65 110
65 112
65 114
65 121
65 124
65 125
65 129
65 132
65 133
65 136
65 137
65 139
65 141
65 142
65 143
65 145
65 146
65 147
65 149
65 151
65 157
65 165
65 168
65 174
65 175
65 177
65 178
65 179
65 183
65 188
65 189
65 190
65 195
65 197
65 199
65 66
65 67
65 68
65 69
65 85
65 93
65 95
65 101
65 102
65 113
65 115
65 117
65 118
65 122
65 127
65 128
65 134
65 138
65 144
65 148
65 150
65 152
65 155
65 156
65 160
65 163
65 164
65 170
65 173
65 180
65 181
65 182
65 186
65 191
65 193
65 196
65 71
65 72
65 75
65 78
65 120
65 154
65 161
65 166
65 169
65 171
65 176
65 192
66 71
66 75
66 80
66 84
66 85
66 87
66 88
66 94
66 99
66 100
66 102
66 103
66 106
66 111
66 113
66 116
66 117
66 122
66 123
66 125
66 133
66 134
66 138
66 140
66 142
66 147
66 150
66 151
66 153
66 154
66 157
66 158
66 167
66 169
66 179
66 189
66 194
66 196
66 198
66 199
66 69
66 70
66 79
66 90
66 91
66 93
66 98
66 104
66 105
66 110
66 124
66 126
66 127
66 129
66 135
66 139
66 141
66 152
66 159
66 160
66 162
66 165
66 170
66 174
66 178
66 181
66 182
66 186
66 191
66 193
66 195
66 197
66 78
66 95
66 108
66 109
66 112
66 115
66 132
66 148
66 155
66 161
66 166
66 172
66 176
66 185
66 187
66 190
67 69
67 73
67 74
67 83
67 93
67 95
67 96
67 97
67 99
67 103
67 106
67 110
67 111
67 113
67 114
67 122
67 131
67 136
67 137
67 138
67 140
67 142
67 144
67 146
67 147
67 149
67 151
67 152
67 155
67 158
67 162
67 166
67 169
67 177
67 178
67 179
67 183
67 186
67 190
67 191
67 194
67 195
67 196
67 198
67 71
67 75
67 76
67 86
67 92
67 94
67 109
67 112
67 118
67 120
67 124
67 126
67 128
67 134
67 135
67 141
67 150
67 159
67 160
67 161
67 167
67 170
67 173
67 182
67 184
67 187
67 188
67 189
67 192
67 197
67 79
67 84
67 104
67 107
67 116
67 121
67 143
67 153
67 181
67 185
67 193
68 72
68 84
68 87
68 88
68 92
68 93
68 95
68 100
68 106
68 107
68 114
68 115
68 119
68 130
68 144
68 147
68 152
68 157
68 163
68 164
68 167
68 170
68 172
68 173
68 182
68 184
68 186
68 189
68 191
68 192
68 194
68 195
68 74
68 76
68 79
68 80
68 82
68 85
68 86
68 89
68 91
68 97
68 108
68 110
68 113
68 116
68 122
68 124
68 125
68 128
68 136
68 139
68 142
68 149
68 150
68 171
68 176
68 185
68 188
68 198
68 199
68 70
68 77
68 94
68 96
68 101
68 112
68 118
68 127
68 135
68 138
68 140
68 143
68 151
68 154
68 158
68 162
68 169
68 175
68 178
68 180
68 183
68 193
69 70
69 71
69 75
69 77
69 85
69 87
69 90
69 93
69 99
69 101
69 102
69 114
69 117
69 120
69 126
69 130
69 136
69 139
69 140
69 143
69 146
69 150
69 151
69 153
69 159
69 160
69 166
69 168
69 177
69 182
69 183
69 185
69 192
69 195
69 196
69 72
69 81
69 83
69 84
69 94
69 96
69 97
69 105
69 110
69 112
69 113
69 124
69 127
69 131
69 133
69 137
69 138
69 144
69 154
69 156
69 158
69 161
69 164
69 165
69 167
69 171
69 175
69 184
69 187
69 193
69 197
69 198
69 73
69 76
69 88
69 98
69 104
69 108
69 111
69 119
69 129
69 141
69 148
69 163
69 172
69 173
69 176
69 178
69 186
69 194
70 71
70 74
70 75
70 77
70 78
70 79
70 80
70 83
70 86
70 91
70 93
70 102
70 104
70 108
70 112
70 113
70 116
70 117
70 122
70 128
70 129
70 137
70 138
70 139
70 144
70 148
70 153
70 154
70 156
70 157
70 163
70 166
70 168
70 169
70 174
70 175
70 190
70 194
70 199
70 76
70 81
70 88
70 92
70 96
70 98
70 99
70 107
70 109
70 115
70 124
70 127
70 131
70 145
70 151
70 152
70 155
70 158
70 162
70 170
70 171
70 172
70 173
70 182
70 183
70 184
70 187
70 189
70 192
70 195
70 198
70 72
70 87
70 90
70 94
70 95
70 97
70 100
70 101
70 111
70 121
70 126
70 130
70 132
70 133
70 134
70 136
70 142
70 146
70 161
71 74
71 75
71 80
71 89
71 91
71 92
71 93
71 97
71 99
71 104
71 108
71 110
71 116
71 119
71 121
71 124
71 125
71 126
71 127
71 132
71 135
71 136
71 141
71 143
71 146
71 147
71 154
71 156
71 158
71 159
71 163
71 166
71 168
71 169
71 170
71 171
71 173
71 174
71 178
71 186
71 187
71 189
71 190
71 197
71 81
71 88
71 94
71 95
71 98
71 100
71 107
71 111
71 117
71 122
71 134
71 139
71 144
71 148
71 157
71 160
71 165
71 172
71 177
71 179
71 180
71 188
71 191
71 198
71 78
71 83
71 84
71 103
71 145
71 151
71 152
71 153
71 161
71 167
71 176
71 181
71 192
72 73
72 74
72 76
72 77
72 86
72 88
72 90
72 100
72 103
72 104
72 105
72 109
72 110
72 112
72 114
72 116
72 122
72 124
72 125
72 126
72 127
72 129
72 134
72 139
72 142
72 145
72 147
72 149
72 156
72 157
72 162
72 165
72 166
72 168
72 170
72 178
72 182
72 183
72 185
72 190
72 193
72 199
72 75
72 79
72 81
72 83
72 84
72 85
72 87
72 96
72 97
72 102
72 106
72 111
72 115
72 119
72 121
72 138
72 141
72 148
72 151
72 153
72 154
72 155
72 159
72 161
72 167
72 169
72 174
72 181
72 184
72 187
72 191
72 194
72 195
72 197
72 198
72 80
72 82
72 89
72 98
72 99
72 120
72 128
72 140
72 144
72 152
72 160
72 164
72 175
72 177
72 179
72 189
73 74
73 77
73 90
73 92
73 97
73 99
73 102
73 104
73 105
73 106
73 111
73 112
73 116
73 117
73 118
73 121
73 125
73 129
73 133
73 134
73 135
73 136
73 138
73 139
73 141
73 144
73 145
73 157
73 163
73 166
73 167
73 170
73 174
73 180
73 188
73 189
73 191
73 192
73 78
73 81
73 82
73 83
73 85
73 88
73 93
73 95
73 100
73 107
73 109
73 113
73 123
73 126
73 127
73 128
73 131
73 137
73 156
73 160
73 164
73 165
73 172
73 173
73 175
73 177
73 75
73 80
73 87
73 103
73 124
73 130
73 140
73 143
73 146
73 148
73 151
73 152
73 155
73 158
73 169
73 171
73 179
73 185
73 186
73 190
73 193
73 195
73 196
73 197
74 80
74 83
74 84
74 87
74 91
74 92
74 94
74 98
74 101
74 104
74 105
74 109
74 113
74 116
74 117
74 133
74 134
74 141
74 144
74 149
74 152
74 164
74 174
74 178
74 186
74 189
74 193
74 197
74 85
74 96
74 118
74 120
74 123
74 128
74 129
74 136
74 137
74 140
74 146
74 147
74 160
74 167
74 168
74 173
74 176
74 179
74 181
74 182
74 183
74 184
74 185
74 191
74 192
74 198
74 199
74 77
74 79
74 86
74 95
74 99
74 102
74 112
74 114
74 119
74 124
74 126
74 138
74 139
74 153
74 157
74 159
74 162
74 163
74 166
74 171
74 172
74 180
74 190
75 81
75 85
75 88
75 90
75 91
75 100
75 102
75 103
75 109
75 116
75 117
75 119
75 120
75 123
75 127
75 132
75 135
75 141
75 151
75 153
75 155
75 156
75 159
75 162
75 166
75 169
75 174
75 178
75 179
75 189
75 193
75 76
75 83
75 93
75 94
75 99
75 106
75 107
75 108
75 121
75 126
75 139
75 144
75 149
75 157
75 158
75 161
75 171
75 173
75 176
75 183
75 184
75 187
75 188
75 190
75 192
75 197
75 80
75 86
75 87
75 92
75 96
75 105
75 110
75 113
75 114
75 115
75 124
75 142
75 145
75 150
75 185
75 195
75 199
76 77
76 78
76 80
76 81
76 82
76 84
76 86
76 87
76 90
76 94
76 97
76 100
76 101
76 102
76 105
76 106
76 107
76 110
76 118
76 122
76 123
76 128
76 130
76 131
76 132
76 133
76 134
76 135
76 137
76 143
76 146
76 148
76 151
76 154
76 159
76 167
76 168
76 169
76 173
76 176
76 184
76 185
76 189
76 193
76 194
76 198
76 83
76 91
76 99
76 103
76 108
76 109
76 114
76 115
76 127
76 129
76 136
76 138
76 141
76 142
76 152
76 161
76 166
76 179
76 88
76 89
76 93
76 98
76 112
76 116
76 139
76 149
76 153
76 155
76 156
76 177
76 178
76 183
76 190
76 191
76 195
76 196
76 199
77 84
77 86
77 88
77 89
77 90
77 93
77 101
77 103
77 104
77 110
77 112
77 113
77 117
77 127
77 131
77 137
77 142
77 144
77 148
77 155
77 156
77 161
77 163
77 165
77 169
77 171
77 172
77 176
77 178
77 181
77 192
77 193
77 194
77 195
77 92
77 94
77 95
77 98
77 108
77 111
77 114
77 115
77 118
77 119
77 123
77 125
77 128
77 129
77 136
77 145
77 147
77 149
77 154
77 157
77 160
77 167
77 168
77 187
77 188
77 191
77 199
77 78
77 81
77 100
77 106
77 109
77 121
77 134
77 138
77 158
77 159
77 162
77 166
77 170
77 173
77 174
77 180
77 183
77 184
77 186
77 189
78 81
78 82
78 84
78 95
78 96
78 103
78 104
78 108
78 109
78 111
78 116
78 117
78 120
78 127
78 128
78 129
78 131
78 134
78 135
78 137
78 142
78 146
78 149
78 155
78 158
78 162
78 164
78 173
78 176
78 179
78 181
78 185
78 186
78 188
78 191
78 195
78 79
78 85
78 87
78 92
78 98
78 105
78 106
78 121
78 123
78 125
78 130
78 136
78 150
78 152
78 157
78 168
78 172
78 174
78 175
78 178
78 180
78 184
78 189
78 199
78 80
78 88
78 99
78 107
78 113
78 118
78 119
78 138
78 141
78 144
78 167
78 193
78 194
79 80
79 82
79 86
79 89
79 90
79 93
79 96
79 97
79 99
79 101
79 103
79 104
79 108
79 111
79 122
79 125
79 132
79 134
79 135
79 137
79 138
79 151
79 153
79 155
79 158
79 162
79 165
79 166
79 176
79 180
79 182
79 183
79 184
79 188
79 191
79 192
79 83
79 88
79 92
79 94
79 95
79 98
79 100
79 106
79 124
79 127
79 141
79 145
79 147
79 152
79 157
79 159
79 168
79 170
79 171
79 174
79 185
79 194
79 84
79 109
79 119
79 121
79 131
79 133
79 140
79 144
79 149
79 156
79 161
79 172
79 199
80 82
80 84
80 91
80 94
80 96
80 97
80 99
80 107
80 110
80 111
80 116
80 118
80 119
80 121
80 122
80 123
80 124
80 128
80 132
80 134
80 135
80 140
80 142
80 144
80 154
80 159
80 163
80 167
80 168
80 169
80 173
80 175
80 177
80 178
80 186
80 188
80 193
80 194
80 195
80 197
80 199
80 81
80 85
80 86
80 102
80 103
80 104
80 108
80 113
80 114
80 115
80 125
80 126
80 130
80 133
80 136
80 139
80 141
80 164
80 165
80 170
80 171
80 172
80 179
80 180
80 181
80 185
80 88
80 89
80 95
80 105
80 137
80 138
80 145
80 149
80 150
80 152
80 153
80 156
80 161
80 166
80 182
80 183
80 192
81 83
81 85
81 86
81 89
81 90
81 94
81 97
81 98
81 99
81 100
81 101
81 106
81 109
81 115
81 117
81 119
81 120
81 122
81 125
81 129
81 130
81 133
81 134
81 138
81 140
81 142
81 143
81 144
81 145
81 150
81 151
81 158
81 161
81 162
81 165
81 166
81 171
81 172
81 176
81 178
81 179
81 182
81 184
81 191
81 198
81 87
81 103
81 111
81 114
81 124
81 127
81 135
81 137
81 141
81 152
81 163
81 180
81 188
81 190
81 193
81 194
81 82
81 91
81 92
81 95
81 108
81 110
81 118
81 126
81 146
81 148
81 149
81 154
81 155
81 157
81 164
81 177
81 183
81 196
81 199
82 85
82 86
82 87
82 90
82 96
82 98
82 99
82 101
82 102
82 104
82 110
82 117
82 120
82 122
82 124
82 133
82 135
82 136
82 147
82 152
82 155
82 156
82 162
82 165
82 167
82 169
82 170
82 172
82 173
82 174
82 175
82 180
82 182
82 184
82 191
82 194
82 196
82 197
82 199
82 83
82 88
82 89
82 92
82 94
82 105
82 108
82 111
82 112
82 123
82 134
82 143
82 148
82 158
82 164
82 168
82 185
82 193
82 198
82 116
82 125
82 126
82 127
82 130
82 132
82 138
82 139
82 150
82 153
82 157
82 171
82 176
82 179
82 183
82 186
83 88
83 93
83 94
83 97
83 102
83 104
83 110
83 118
83 123
83 127
83 129
83 132
83 137
83 138
83 139
83 140
83 142
83 145
83 146
83 147
83 149
83 155
83 156
83 160
83 163
83 164
83 165
83 169
83 172
83 177
83 180
83 186
83 188
83 192
83 194
83 195
83 198
83 84
83 85
83 90
83 113
83 131
83 134
83 135
83 151
83 166
83 170
83 173
83 183
83 187
83 191
83 196
83 199
83 98
83 105
83 107
83 116
83 117
83 119
83 121
83 122
83 126
83 128
83 141
83 144
83 153
83 158
83 161
83 179
83 190
83 193
83 197
84 86
84 96
84 97
84 98
84 101
84 108
84 115
84 121
84 122
84 125
84 128
84 129
84 133
84 135
84 136
84 137
84 138
84 139
84 141
84 147
84 148
84 150
84 152
84 154
84 156
84 165
84 167
84 168
84 169
84 180
84 181
84 190
84 195
84 198
84 88
84 89
84 92
84 95
84 100
84 102
84 106
84 123
84 143
84 163
84 170
84 179
84 185
84 187
84 192
84 199
84 90
84 111
84 116
84 118
84 126
84 132
84 140
84 157
84 162
84 171
84 172
84 173
84 183
84 191
84 193
85 90
85 93
85 95
85 97
85 98
85 101
85 111
85 112
85 114
85 115
85 117
85 118
85 120
85 122
85 123
85 124
85 126
85 131
85 137
85 138
85 139
85 141
85 145
85 147
85 150
85 154
85 164
85 165
85 172
85 173
85 175
85 176
85 179
85 180
85 187
85 192
85 194
85 196
85 89
85 91
85 94
85 102
85 103
85 104
85 107
85 129
85 142
85 144
85 151
85 156
85 157
85 158
85 160
85 169
85 177
85 181
85 189
85 197
85 88
85 92
85 100
85 109
85 140
85 143
85 146
85 148
85 155
85 161
85 163
85 166
85 171
85 185
86 88
86 89
86 92
86 98
86 105
86 106
86 108
86 110
86 111
86 113
86 114
86 119
86 125
86 130
86 138
86 139
86 141
86 142
86 144
86 151
86 153
86 157
86 159
86 164
86 166
86 169
86 171
86 173
86 174
86 175
86 176
86 183
86 184
86 185
86 189
86 191
86 193
86 90
86 94
86 95
86 101
86 107
86 115
86 117
86 136
86 146
86 148
86 154
86 177
86 179
86 182
86 187
86 192
86 195
86 100
86 104
86 112
86 116
86 118
86 122
86 123
86 129
86 131
86 133
86 140
86 147
86 155
86 158
86 160
86 167
86 172
86 190
86 194
86 196
86 197
86 199
87 95
87 96
87 105
87 107
87 109
87 116
87 122
87 125
87 131
87 138
87 141
87 144
87 147
87 150
87 152
87 154
87 155
87 156
87 159
87 173
87 179
87 181
87 188
87 191
87 192
87 193
87 194
87 199
87 88
87 89
87 91
87 111
87 112
87 113
87 115
87 118
87 119
87 121
87 128
87 130
87 132
87 137
87 143
87 146
87 148
87 157
87 158
87 166
87 169
87 170
87 172
87 174
87 183
87 186
87 190
87 92
87 93
87 94
87 98
87 102
87 103
87 106
87 117
87 127
87 139
87 140
87 142
87 145
87 151
87 164
87 165
87 178
87 184
87 196
87 197
87 198
88 90
88 91
88 92
88 94
88 99
88 102
88 104
88 107
88 108
88 115
88 116
88 123
88 125
88 133
88 136
88 138
88 139
88 145
88 148
88 150
88 151
88 155
88 159
88 160
88 164
88 171
88 176
88 177
88 180
88 185
88 188
88 191
88 194
88 197
88 97
88 101
88 113
88 118
88 119
88 137
88 147
88 152
88 156
88 163
88 166
88 168
88 198
88 93
88 96
88 103
88 105
88 110
88 111
88 112
88 120
88 127
88 129
88 130
88 131
88 134
88 135
88 140
88 142
88 143
88 144
88 149
88 162
88 169
88 172
88 182
88 186
88 189
88 195
89 96
89 100
89 103
89 105
89 107
89 108
89 109
89 123
89 124
89 129
89 130
89 132
89 136
89 137
89 147
89 149
89 151
89 152
89 153
89 156
89 161
89 162
89 165
89 166
89 169
89 176
89 179
89 181
89 182
89 189
89 191
89 193
89 194
89 197
89 198
89 199
89 106
89 111
89 112
89 115
89 118
89 119
89 122
89 125
89 133
89 138
89 142
89 146
89 148
89 164
89 168
89 172
89 190
89 195
89 90
89 94
89 97
89 98
89 102
89 113
89 117
89 134
89 145
89 155
89 157
89 159
89 160
89 171
89 175
89 180
90 92
90 94
90 100
90 103
90 108
90 111
90 114
90 120
90 123
90 124
90 126
90 132
90 135
90 139
90 142
90 144
90 146
90 147
90 151
90 152
90 153
90 155
90 156
90 158
90 167
90 168
90 169
90 175
90 179
90 180
90 184
90 185
90 186
90 190
90 192
90 193
90 197
90 199
90 91
90 97
90 99
90 104
90 109
90 110
90 116
90 122
90 125
90 128
90 130
90 131
90 133
90 140
90 141
90 148
90 149
90 150
90 154
90 165
90 171
90 172
90 174
90 183
90 187
90 194
90 195
90 196
90 198
90 95
90 105
90 112
90 117
90 118
90 121
90 134
90 137
90 138
90 143
90 160
90 170
90 173
90 176
90 188
91 93
91 94
91 96
91 97
91 99
91 101
91 102
91 107
91 111
91 112
91 114
91 120
91 122
91 129
91 133
91 136
91 140
91 142
91 148
91 149
91 157
91 158
91 159
91 167
91 170
91 171
91 173
91 174
91 182
91 184
91 186
91 193
91 98
91 103
91 108
91 110
91 113
91 123
91 124
91 125
91 128
91 131
91 132
91 137
91 139
91 146
91 153
91 154
91 156
91 166
91 179
91 183
91 185
91 195
91 196
91 197
91 198
91 199
91 92
91 95
91 106
91 115
91 127
91 130
91 141
91 143
91 144
91 145
91 150
91 152
91 169
91 175
91 176
91 181
91 187
91 190
92 95
92 102
92 109
92 110
92 113
92 117
92 118
92 121
92 125
92 127
92 130
92 132
92 134
92 136
92 138
92 141
92 142
92 159
92 160
92 163
92 167
92 169
92 175
92 179
92 181
92 182
92 187
92 188
92 190
92 193
92 194
92 196
92 198
92 94
92 101
92 104
92 107
92 108
92 111
92 119
92 123
92 124
92 126
92 133
92 147
92 153
92 154
92 165
92 173
92 177
92 178
92 183
92 191
92 99
92 114
92 122
92 128
92 131
92 137
92 140
92 148
92 150
92 155
92 158
92 161
92 162
92 164
92 174
92 185
92 189
92 192
93 95
93 99
93 104
93 105
93 110
93 114
93 119
93 122
93 128
93 130
93 137
93 141
93 142
93 143
93 147
93 150
93 153
93 154
93 156
93 158
93 162
93 163
93 164
93 166
93 171
93 178
93 179
93 185
93 188
93 197
93 97
93 111
93 117
93 125
93 136
93 140
93 161
93 167
93 168
93 172
93 175
93 177
93 183
93 184
93 187
93 189
93 191
93 195
93 94
93 96
93 98
93 101
93 103
93 108
93 109
93 118
93 123
93 129
93 133
93 144
93 173
93 180
93 193
93 196
94 96
94 98
94 99
94 101
94 107
94 108
94 112
94 115
94 132
94 136
94 142
94 145
94 151
94 153
94 154
94 155
94 158
94 160
94 162
94 165
94 167
94 168
94 169
94 170
94 171
94 177
94 180
94 189
94 192
94 196
94 102
94 103
94 109
94 110
94 134
94 152
94 157
94 163
94 176
94 184
94 185
94 186
94 190
94 195
94 197
94 198
94 95
94 104
94 105
94 111
94 118
94 123
94 125
94 133
94 140
94 141
94 156
94 159
94 164
94 181
94 183
94 191
94 194
94 199
95 96
95 98
95 102
95 103
95 104
95 109
95 113
95 117
95 118
95 123
95 125
95 128
95 131
95 132
95 135
95 136
95 145
95 150
95 155
95 157
95 159
95 173
95 179
95 180
95 183
95 194
95 196
95 198
95 100
95 107
95 110
95 115
95 120
95 122
95 124
95 141
95 143
95 144
95 146
95 151
95 152
95 160
95 162
95 165
95 169
95 170
95 174
95 177
95 178
95 182
95 187
95 190
95 191
95 114
95 116
95 119
95 121
95 134
95 138
95 142
95 156
95 158
95 185
95 186
95 193
96 100
96 103
96 106
96 108
96 109
96 110
96 115
96 118
96 120
96 123
96 124
96 125
96 126
96 128
96 133
96 134
96 135
96 139
96 144
96 149
96 152
96 153
96 154
96 155
96 159
96 160
96 165
96 166
96 169
96 174
96 177
96 180
96 188
96 190
96 191
96 194
96 197
96 97
96 101
96 105
96 114
96 121
96 122
96 130
96 132
96 136
96 143
96 146
96 156
96 162
96 164
96 170
96 172
96 175
96 178
96 179
96 182
96 186
96 189
96 196
96 98
96 102
96 104
96 112
96 117
96 129
96 131
96 137
96 141
96 145
96 148
96 167
96 192
96 193
96 198
97 100
97 102
97 107
97 113
97 115
97 119
97 125
97 127
97 129
97 130
97 131
97 134
97 140
97 141
97 143
97 153
97 157
97 158
97 161
97 162
97 163
97 164
97 165
97 169
97 171
97 174
97 175
97 176
97 181
97 182
97 183
97 186
97 192
97 195
97 101
97 103
97 108
97 121
97 133
97 135
97 137
97 145
97 146
97 148
97 151
97 179
97 184
97 189
97 191
97 196
97 197
97 99
97 104
97 106
97 109
97 110
97 112
97 117
97 124
97 136
97 138
97 142
97 144
97 147
97 155
97 172
97 173
97 178
97 188
97 194
97 199
98 109
98 113
98 115
98 126
98 131
98 132
98 134
98 137
98 148
98 149
98 151
98 152
98 153
98 155
98 159
98 161
98 164
98 170
98 174
98 175
98 178
98 179
98 180
98 185
98 186
98 187
98 188
98 189
98 198
98 104
98 107
98 121
98 124
98 127
98 129
98 133
98 136
98 138
98 142
98 145
98 154
98 165
98 168
98 176
98 177
98 182
98 195
98 196
98 112
98 116
98 117
98 122
98 123
98 125
98 135
98 140
98 141
98 143
98 146
98 162
98 163
98 183
98 199
99 101
99 102
99 103
99 104
99 108
99 109
99 110
99 116
99 121
99 122
99 124
99 125
99 128
99 129
99 147
99 159
99 164
99 171
99 174
99 181
99 183
99 185
99 188
99 189
99 192
99 194
99 195
99 113
99 119
99 132
99 133
99 143
99 149
99 151
99 152
99 156
99 158
99 163
99 169
99 170
99 173
99 180
99 193
99 196
99 197
99 106
99 111
99 114
99 115
99 117
99 120
99 127
99 130
99 134
99 135
99 138
99 142
99 144
99 148
99 165
99 168
99 175
99 176
99 182
99 184
100 105
100 108
100 111
100 112
100 113
100 116
100 120
100 122
100 125
100 126
100 127
100 128
100 129
100 131
100 133
100 139
100 140
100 146
100 147
100 148
100 158
100 165
100 167
100 169
100 171
100 173
100 174
100 177
100 179
100 183
100 188
100 192
100 193
100 101
100 118
100 124
100 132
100 134
100 137
100 141
100 150
100 151
100 152
100 153
100 154
100 156
100 160
100 176
100 180
100 185
100 190
100 191
100 196
100 102
100 106
100 110
100 119
100 135
100 138
100 159
100 162
100 170
100 178
100 181
100 184
101 103
101 104
101 107
101 108
101 111
101 112
101 113
101 114
101 115
101 116
101 118
101 121
101 125
101 131
101 134
101 136
101 137
101 139
101 142
101 144
101 147
101 149
101 153
101 156
101 157
101 158
101 162
101 164
101 170
101 171
101 177
101 178
101 179
101 182
101 184
101 188
101 189
101 191
101 192
101 194
101 196
101 109
101 126
101 128
101 129
101 130
101 132
101 143
101 146
101 148
101 151
101 159
101 167
101 168
101 174
101 175
101 176
101 181
101 185
101 187
101 199
101 127
101 133
101 135
101 145
101 152
101 154
101 160
101 172
102 107
102 108
102 110
102 114
102 117
102 130
102 133
102 134
102 137
102 138
102 140
102 143
102 148
102 150
102 164
102 166
102 168
102 170
102 171
102 175
102 179
102 184
102 190
102 103
102 104
102 115
102 120
102 124
102 125
102 129
102 132
102 135
102 142
102 147
102 153
102 156
102 160
102 161
102 162
102 173
102 183
102 194
102 196
102 197
102 199
102 109
102 118
102 126
102 146
102 154
102 165
102 167
102 172
102 176
102 177
102 180
102 182
102 187
102 192
103 104
103 112
103 113
103 114
103 116
103 117
103 121
103 127
103 134
103 144
103 148
103 149
103 150
103 151
103 153
103 157
103 159
103 161
103 165
103 167
103 172
103 177
103 182
103 184
103 188
103 189
103 191
103 192
103 198
103 108
103 110
103 111
103 118
103 123
103 126
103 128
103 129
103 137
103 138
103 141
103 142
103 143
103 145
103 152
103 154
103 156
103 163
103 170
103 173
103 179
103 183
103 193
103 194
103 196
103 197
103 199
103 115
103 119
103 120
103 124
103 125
103 135
103 158
103 166
103 174
103 175
103 178
103 185
103 190
103 195
104 105
104 108
104 109
104 113
104 114
104 115
104 123
104 130
104 135
104 137
104 140
104 144
104 147
104 148
104 151
104 153
104 158
104 160
104 162
104 164
104 168
104 172
104 174
104 178
104 185
104 192
104 193
104 194
104 199
104 106
104 107
104 111
104 119
104 121
104 124
104 127
104 128
104 132
104 142
104 154
104 157
104 159
104 161
104 166
104 173
104 181
104 182
104 187
104 117
104 120
104 125
104 131
104 134
104 139
104 143
104 145
104 149
104 156
104 165
104 167
104 179
104 180
104 186
104 191
104 197
104 198
105 108
105 109
105 117
105 119
105 122
105 124
105 125
105 129
105 132
105 133
105 134
105 151
105 153
105 154
105 159
105 162
105 163
105 166
105 170
105 172
105 175
105 176
105 177
105 180
105 183
105 195
105 106
105 113
105 115
105 120
105 126
105 128
105 135
105 136
105 137
105 138
105 143
105 146
105 147
105 148
105 149
105 167
105 174
105 181
105 184
105 185
105 193
105 197
105 112
105 123
105 130
105 139
105 144
105 145
105 157
105 158
105 164
105 165
105 168
105 169
105 178
105 182
105 190
106 110
106 112
106 114
106 116
106 117
106 118
106 127
106 128
106 135
106 139
106 141
106 143
106 151
106 158
106 161
106 165
106 166
106 172
106 173
106 175
106 177
106 184
106 185
106 193
106 194
106 107
106 113
106 122
106 123
106 124
106 126
106 132
106 133
106 136
106 148
106 150
106 153
106 154
106 167
106 170
106 178
106 180
106 183
106 187
106 189
106 191
106 195
106 119
106 130
106 138
106 140
106 146
106 155
106 156
106 164
106 169
106 171
106 182
106 197
107 109
107 115
107 117
107 118
107 120
107 126
107 130
107 132
107 137
107 140
107 143
107 145
107 149
107 153
107 156
107 157
107 158
107 159
107 160
107 161
107 163
107 165
107 167
107 169
107 171
107 176
107 177
107 178
107 180
107 182
107 183
107 184
107 189
107 194
107 197
107 108
107 114
107 116
107 125
107 127
107 128
107 135
107 136
107 139
107 144
107 150
107 152
107 175
107 179
107 181
107 187
107 188
107 192
107 193
107 195
107 113
107 123
107 134
107 141
107 146
107 151
107 154
107 162
107 164
107 168
107 196
107 198
108 110
108 117
108 122
108 124
108 127
108 128
108 129
108 131
108 133
108 135
108 136
108 137
108 139
108 142
108 143
108 144
108 147
108 152
108 153
108 154
108 155
108 158
108 160
108 162
108 163
108 165
108 172
108 173
108 175
108 181
108 182
108 189
108 109
108 113
108 116
108 121
108 123
108 132
108 138
108 157
108 161
108 170
108 171
108 178
108 179
108 184
108 186
108 193
108 195
108 111
108 112
108 114
108 119
108 134
108 148
108 150
108 156
108 167
108 185
108 188
108 190
109 118
109 119
109 120
109 122
109 126
109 129
109 130
109 132
109 133
109 134
109 138
109 146
109 149
109 150
109 151
109 155
109 159
109 160
109 162
109 163
109 167
109 169
109 173
109 174
109 175
109 176
109 185
109 186
109 190
109 191
109 197
109 124
109 136
109 152
109 153
109 158
109 165
109 168
109 170
109 178
109 179
109 184
109 187
109 188
109 189
109 194
109 199
109 115
109 116
109 123
109 125
109 131
109 137
109 139
109 140
109 144
109 164
109 181
109 182
109 183
109 192
110 113
110 115
110 117
110 119
110 121
110 122
110 123
110 124
110 141
110 144
110 150
110 151
110 153
110 154
110 158
110 163
110 164
110 169
110 170
110 180
110 182
110 187
110 190
110 111
110 112
110 114
110 116
110 118
110 127
110 133
110 138
110 147
110 148
110 155
110 160
110 172
110 184
110 191
110 193
110 197
110 198
110 126
110 128
110 130
110 134
110 136
110 142
110 156
110 175
110 178
110 185
110 186
110 189
110 195
111 113
111 115
111 116
111 121
111 129
111 131
111 136
111 138
111 141
111 144
111 145
111 148
111 150
111 151
111 157
111 158
111 159
111 162
111 166
111 170
111 171
111 172
111 179
111 180
111 181
111 182
111 188
111 190
111 192
111 193
111 194
111 198
111 112
111 123
111 140
111 143
111 152
111 154
111 160
111 165
111 167
111 176
111 184
111 187
111 191
111 195
111 197
111 118
111 125
111 132
111 139
111 142
111 146
111 147
111 161
111 164
111 168
111 174
111 177
111 178
111 185
111 196
112 115
112 120
112 128
112 131
112 136
112 137
112 138
112 139
112 140
112 141
112 145
112 147
112 154
112 156
112 160
112 163
112 164
112 169
112 170
112 171
112 174
112 176
112 191
112 193
112 198
112 116
112 117
112 121
112 122
112 124
112 127
112 142
112 148
112 149
112 151
112 153
112 155
112 165
112 166
112 173
112 175
112 178
112 186
112 187
112 188
112 192
112 194
112 119
112 126
112 132
112 150
112 152
112 162
112 172
112 179
112 180
112 181
112 184
112 196
113 120
113 121
113 124
113 128
113 129
113 132
113 134
113 136
113 138
113 139
113 142
113 145
113 150
113 154
113 158
113 159
113 160
113 162
113 170
113 172
113 173
113 176
113 184
113 187
113 190
113 192
113 193
113 194
113 196
113 197
113 122
113 130
113 135
113 140
113 143
113 147
113 148
113 151
113 152
113 155
113 157
113 163
113 164
113 171
113 180
113 182
113 185
113 188
113 117
113 118
113 127
113 131
113 146
113 165
113 168
113 179
113 186
113 195
114 115
114 123
114 124
114 127
114 132
114 138
114 141
114 142
114 144
114 146
114 152
114 155
114 160
114 161
114 168
114 176
114 178
114 186
114 191
114 195
114 198
114 119
114 125
114 136
114 143
114 149
114 157
114 165
114 166
114 172
114 173
114 177
114 179
114 180
114 181
114 182
114 185
114 187
114 188
114 190
114 192
114 193
114 196
114 199
114 117
114 120
114 121
114 129
114 135
114 137
114 151
114 154
114 159
114 167
114 171
114 174
114 175
115 119
115 120
115 125
115 127
115 128
115 134
115 135
115 142
115 145
115 147
115 148
115 149
115 152
115 157
115 159
115 162
115 165
115 166
115 167
115 169
115 170
115 171
115 172
115 173
115 178
115 179
115 184
115 185
115 117
115 118
115 122
115 124
115 133
115 143
115 144
115 150
115 151
115 153
115 160
115 163
115 164
115 168
115 177
115 180
115 186
115 189
115 192
115 194
115 199
115 131
115 139
115 146
115 156
115 161
115 174
115 175
115 190
115 191
115 197
116 121
116 122
116 126
116 129
116 130
116 133
116 138
116 144
116 146
116 147
116 149
116 154
116 155
116 165
116 169
116 171
116 174
116 176
116 177
116 183
116 185
116 187
116 188
116 189
116 194
116 196
116 199
116 119
116 120
116 123
116 128
116 137
116 142
116 145
116 153
116 159
116 163
116 167
116 170
116 172
116 178
116 195
116 127
116 140
116 161
116 166
116 179
116 182
116 184
116 186
116 193
117 122
117 125
117 127
117 128
117 129
117 130
117 136
117 137
117 143
117 145
117 146
117 148
117 149
117 152
117 157
117 172
117 173
117 178
117 181
117 190
117 195
117 196
117 126
117 135
117 151
117 154
117 155
117 156
117 158
117 160
117 162
117 165
117 171
117 174
117 175
117 191
117 194
117 197
117 198
117 119
117 121
117 133
117 142
117 144
117 164
117 167
117 177
117 180
117 183
117 184
117 192
117 199
118 123
118 127
118 131
118 141
118 146
118 149
118 150
118 151
118 153
118 158
118 161
118 167
118 174
118 175
118 178
118 180
118 181
118 182
118 183
118 186
118 191
118 192
118 195
118 196
118 198
118 199
118 120
118 136
118 143
118 144
118 152
118 164
118 170
118 172
118 173
118 193
118 194
118 121
118 124
118 125
118 126
118 132
118 137
118 138
118 140
118 147
118 148
118 154
118 155
118 156
118 165
118 166
118 168
118 169
118 171
118 187
118 188
118 190
118 197
119 125
119 128
119 130
119 132
119 136
119 137
119 147
119 151
119 155
119 159
119 163
119 167
119 168
119 170
119 177
119 178
119 179
119 185
119 123
119 127
119 134
119 144
119 145
119 158
119 160
119 161
119 162
119 172
119 173
119 182
119 183
119 186
119 189
119 191
119 194
119 195
119 122
119 129
119 133
119 138
119 143
119 150
119 156
119 157
119 164
119 176
119 181
119 188
119 196
119 198
119 199
120 126
120 129
120 137
120 139
120 140
120 141
120 146
120 149
120 155
120 156
120 157
120 158
120 160
120 161
120 171
120 176
120 177
120 182
120 191
120 192
120 193
120 197
120 199
120 122
120 124
120 130
120 131
120 132
120 143
120 144
120 151
120 163
120 166
120 167
120 168
120 173
120 175
120 179
120 180
120 181
120 184
120 185
120 188
120 195
120 196
120 198
120 123
120 125
120 133
120 138
120 142
120 148
120 153
120 172
121 123
121 124
121 125
121 126
121 133
121 136
121 137
121 142
121 149
121 151
121 152
121 154
121 156
121 157
121 161
121 163
121 167
121 171
121 173
121 176
121 179
121 180
121 184
121 186
121 191
121 193
121 197
121 198
121 132
121 143
121 150
121 153
121 160
121 162
121 166
121 169
121 170
121 172
121 174
121 177
121 183
121 187
121 192
121 195
121 196
121 199
121 122
121 127
121 134
121 140
121 147
121 158
121 165
121 168
121 182
121 188
121 194
122 131
122 133
122 134
122 138
122 142
122 144
122 145
122 155
122 158
122 167
122 175
122 184
122 187
122 196
122 198
122 123
122 132
122 137
122 141
122 147
122 150
122 153
122 154
122 156
122 166
122 169
122 173
122 185
122 186
122 192
122 194
122 124
122 126
122 135
122 140
122 143
122 157
122 159
122 161
122 165
122 178
122 180
122 183
123 127
123 128
123 129
123 135
123 140
123 143
123 146
123 147
123 151
123 152
123 155
123 160
123 161
123 166
123 170
123 171
123 172
123 173
123 174
123 176
123 184
123 190
123 194
123 199
123 124
123 125
123 126
123 133
123 144
123 153
123 156
123 162
123 168
123 177
123 181
123 187
123 188
123 189
123 131
123 141
123 149
123 164
123 175
123 185
123 186
123 195
123 196
124 125
124 128
124 129
124 134
124 140
124 141
124 151
124 156
124 160
124 162
124 171
124 174
124 175
124 183
124 185
124 186
124 188
124 189
124 197
124 198
124 199
124 131
124 138
124 143
124 144
124 145
124 149
124 154
124 157
124 165
124 167
124 172
124 173
124 179
124 182
124 184
124 187
124 190
124 126
124 127
124 133
124 135
124 142
124 146
124 150
124 152
124 153
124 176
124 180
124 181
124 193
125 126
125 129
125 133
125 138
125 148
125 155
125 159
125 161
125 164
125 165
125 166
125 167
125 173
125 176
125 188
125 191
125 196
125 199
125 131
125 135
125 137
125 140
125 143
125 144
125 149
125 150
125 151
125 158
125 163
125 168
125 170
125 171
125 172
125 175
125 183
125 193
125 197
125 136
125 139
125 141
125 142
125 145
125 153
125 178
125 184
125 187
125 195
126 131
126 135
126 143
126 146
126 148
126 152
126 155
126 162
126 164
126 170
126 177
126 180
126 181
126 187
126 189
126 190
126 196
126 132
126 134
126 136
126 137
126 139
126 141
126 147
126 150
126 151
126 158
126 165
126 166
126 168
126 179
126 184
126 185
126 186
126 191
126 127
126 129
126 140
126 153
126 154
126 167
126 171
126 173
126 176
126 178
126 188
126 192
126 193
127 128
127 130
127 135
127 138
127 139
127 142
127 147
127 149
127 152
127 155
127 158
127 161
127 164
127 167
127 176
127 184
127 188
127 193
127 197
127 129
127 133
127 137
127 143
127 150
127 153
127 156
127 157
127 163
127 169
127 172
127 174
127 181
127 182
127 183
127 189
127 134
127 140
127 144
127 148
127 160
127 168
127 186
127 187
127 190
127 191
127 199
128 138
128 140
128 142
128 147
128 151
128 152
128 155
128 156
128 162
128 164
128 166
128 169
128 170
128 172
128 173
128 174
128 175
128 179
128 181
128 184
128 185
128 188
128 189
128 195
128 196
128 198
128 137
128 141
128 144
128 149
128 150
128 153
128 157
128 158
128 168
128 171
128 186
128 194
128 199
128 131
128 135
128 143
128 146
128 154
128 161
128 167
128 191
129 130
129 134
129 135
129 142
129 146
129 148
129 149
129 150
129 152
129 153
129 154
129 162
129 163
129 166
129 169
129 173
129 180
129 181
129 183
129 188
129 137
129 139
129 144
129 147
129 151
129 159
129 168
129 171
129 174
129 177
129 182
129 185
129 195
129 143
129 145
129 155
129 167
129 170
129 172
129 175
129 176
129 190
129 191
129 196
129 199
130 133
130 134
130 135
130 137
130 139
130 140
130 147
130 148
130 152
130 159
130 161
130 165
130 169
130 172
130 180
130 185
130 191
130 192
130 194
130 136
130 138
130 141
130 144
130 145
130 156
130 157
130 158
130 166
130 168
130 173
130 179
130 188
130 189
130 199
130 142
130 154
130 186
130 197
131 138
131 139
131 143
131 144
131 148
131 149
131 150
131 159
131 163
131 164
131 167
131 173
131 176
131 181
131 188
131 192
131 194
131 195
131 136
131 140
131 142
131 156
131 162
131 165
131 166
131 168
131 184
131 186
131 187
131 190
131 133
131 146
131 154
131 157
131 179
131 191
131 196
132 135
132 139
132 143
132 147
132 149
132 156
132 158
132 161
132 165
132 172
132 173
132 174
132 177
132 182
132 184
132 185
132 188
132 190
132 191
132 195
132 141
132 146
132 150
132 152
132 153
132 162
132 163
132 164
132 168
132 169
132 176
132 179
132 180
132 186
132 189
132 192
132 193
132 196
132 198
132 155
132 166
132 175
132 181
132 187
132 197
133 134
133 138
133 140
133 145
133 147
133 153
133 155
133 156
133 159
133 164
133 169
133 170
133 174
133 175
133 186
133 191
133 192
133 193
133 198
133 199
133 135
133 137
133 139
133 141
133 148
133 150
133 154
133 160
133 162
133 163
133 168
133 171
133 172
133 176
133 177
133 181
133 187
133 136
133 161
133 166
133 167
133 178
133 180
133 183
133 195
133 196
134 135
134 139
134 142
134 144
134 149
134 154
134 159
134 160
134 161
134 162
134 165
134 175
134 178
134 181
134 184
134 185
134 187
134 190
134 191
134 192
134 193
134 194
134 196
134 197
134 198
134 141
134 145
134 148
134 155
134 156
134 157
134 168
134 171
134 172
134 177
134 186
134 189
134 143
134 146
134 147
134 150
134 151
134 158
134 164
134 166
134 176
134 180
135 136
135 137
135 142
135 145
135 147
135 158
135 159
135 164
135 165
135 166
135 167
135 169
135 170
135 183
135 185
135 186
135 190
135 194
135 138
135 155
135 156
135 168
135 181
135 187
135 196
135 197
135 140
135 157
135 171
135 175
135 184
135 188
135 192
135 193
136 137
136 138
136 140
136 141
136 142
136 146
136 147
136 149
136 154
136 157
136 158
136 163
136 167
136 180
136 182
136 186
136 188
136 192
136 194
136 196
136 143
136 161
136 162
136 164
136 168
136 171
136 172
136 173
136 175
136 176
136 178
136 179
136 181
136 185
136 139
136 148
136 160
136 165
136 169
136 170
136 174
136 191
137 143
137 144
137 145
137 146
137 148
137 159
137 165
137 167
137 174
137 177
137 182
137 187
137 196
137 198
137 138
137 139
137 141
137 142
137 152
137 153
137 154
137 168
137 169
137 173
137 178
137 183
137 184
137 189
137 191
137 192
137 149
137 160
137 164
137 170
137 179
137 180
137 181
137 197
138 140
138 144
138 145
138 146
138 148
138 154
138 159
138 160
138 162
138 165
138 172
138 176
138 179
138 194
138 195
138 198
138 139
138 141
138 149
138 157
138 158
138 163
138 174
138 187
138 192
138 197
138 143
138 147
138 152
138 164
138 167
138 168
138 173
138 180
138 181
138 184
138 186
138 188
138 189
139 142
139 146
139 147
139 150
139 155
139 156
139 158
139 163
139 174
139 182
139 187
139 195
139 196
139 199
139 144
139 159
139 161
139 169
139 170
139 172
139 177
139 183
139 186
139 190
139 192
139 197
139 143
139 145
139 148
139 153
139 165
139 166
139 168
139 171
139 175
139 188
140 143
140 144
140 145
140 146
140 148
140 151
140 163
140 166
140 171
140 176
140 180
140 182
140 185
140 186
140 190
140 191
140 192
140 193
140 197
140 150
140 152
140 165
140 169
140 170
140 172
140 173
140 174
140 179
140 189
140 194
140 198
140 199
140 141
140 142
140 153
140 159
140 160
140 161
140 167
140 168
140 175
140 178
140 187
141 142
141 143
141 148
141 149
141 150
141 157
141 161
141 167
141 173
141 174
141 176
141 178
141 182
141 192
141 196
141 145
141 146
141 152
141 153
141 156
141 162
141 165
141 175
141 181
141 184
141 185
141 188
141 189
141 144
141 147
141 154
141 155
141 158
141 166
141 171
141 179
141 191
142 150
142 152
142 153
142 157
142 158
142 161
142 164
142 167
142 171
142 172
142 173
142 178
142 179
142 180
142 183
142 185
142 186
142 190
142 191
142 192
142 195
142 196
142 197
142 198
142 144
142 155
142 159
142 163
142 174
142 176
142 177
142 187
142 193
142 151
142 154
142 156
142 160
142 162
142 184
142 199
143 147
143 149
143 150
143 154
143 156
143 158
143 162
143 163
143 164
143 168
143 171
143 173
143 175
143 176
143 180
143 185
143 190
143 191
143 193
143 198
143 199
143 144
143 146
143 153
143 159
143 160
143 161
143 167
143 182
143 192
143 194
143 195
143 196
143 145
143 151
143 152
143 155
143 169
143 183
143 188
144 146
144 150
144 151
144 154
144 158
144 159
144 160
144 162
144 168
144 169
144 172
144 177
144 180
144 187
144 194
144 153
144 165
144 171
144 174
144 175
144 176
144 179
144 181
144 184
144 195
144 198
144 199
144 147
144 149
144 156
144 161
144 164
144 183
144 189
144 193
144 197
145 148
145 152
145 164
145 170
145 174
145 175
145 177
145 179
145 192
145 194
145 195
145 146
145 154
145 158
145 163
145 167
145 172
145 173
145 176
145 181
145 183
145 190
145 193
145 157
145 162
145 168
145 171
145 178
145 182
145 184
145 186
145 191
145 197
145 198
145 199
146 149
146 150
146 152
146 154
146 155
146 158
146 166
146 169
146 170
146 173
146 174
146 177
146 180
146 182
146 184
146 186
146 188
146 191
146 193
146 196
146 151
146 168
146 179
146 181
146 185
146 195
146 198
146 148
146 157
146 162
146 178
146 190
146 194
146 199
147 153
147 155
147 158
147 163
147 172
147 174
147 175
147 178
147 183
147 186
147 187
147 194
147 164
147 166
147 168
147 171
147 180
147 181
147 182
147 199
147 156
147 160
147 161
147 165
147 190
147 197
147 198
148 150
148 152
148 159
148 160
148 163
148 165
148 166
148 167
148 170
148 171
148 173
148 174
148 176
148 179
148 180
148 183
148 184
148 186
148 187
148 189
148 192
148 157
148 164
148 169
148 172
148 178
148 190
148 191
148 195
148 198
148 151
148 156
148 161
148 162
148 175
148 197
149 159
149 162
149 164
149 165
149 168
149 171
149 172
149 173
149 175
149 176
149 181
149 188
149 197
149 156
149 161
149 163
149 166
149 167
149 170
149 174
149 177
149 191
149 192
149 150
149 152
149 154
149 178
149 194
150 152
150 157
150 158
150 164
150 167
150 169
150 170
150 175
150 176
150 178
150 180
150 189
150 190
150 194
150 196
150 198
150 156
150 159
150 160
150 162
150 165
150 171
150 181
150 182
150 192
150 193
150 195
150 161
150 172
150 174
150 188
150 197
151 154
151 163
151 169
151 172
151 174
151 175
151 180
151 181
151 183
151 185
151 186
151 189
151 192
151 193
151 197
151 199
151 164
151 166
151 173
151 177
151 182
151 187
151 152
151 155
151 156
151 160
151 165
151 167
151 170
151 176
151 179
151 184
151 191
152 154
152 159
152 160
152 161
152 172
152 175
152 176
152 178
152 180
152 186
152 188
152 194
152 196
152 197
152 157
152 163
152 166
152 167
152 173
152 174
152 177
152 183
152 185
152 187
152 189
152 191
152 192
152 153
152 165
152 168
152 169
152 179
152 198
153 157
153 158
153 159
153 161
153 167
153 168
153 170
153 171
153 173
153 175
153 179
153 182
153 185
153 186
153 191
153 192
153 195
153 196
153 154
153 155
153 160
153 162
153 165
153 169
153 183
153 190
153 197
153 156
153 172
153 174
153 198
154 162
154 168
154 169
154 180
154 181
154 183
154 185
154 191
154 195
154 155
154 156
154 161
154 167
154 171
154 173
154 174
154 175
154 177
154 184
154 186
154 187
154 188
154 190
154 198
154 165
154 176
154 182
154 193
154 194
154 197
155 156
155 158
155 163
155 164
155 168
155 175
155 177
155 179
155 189
155 191
155 162
155 165
155 166
155 167
155 169
155 171
155 176
155 181
155 187
155 188
155 190
155 192
155 194
155 157
155 172
155 174
155 178
155 183
155 199
156 160
156 162
156 167
156 168
156 169
156 172
156 178
156 183
156 184
156 187
156 196
156 163
156 166
156 171
156 175
156 180
156 181
156 185
156 186
156 189
156 193
156 194
156 197
156 199
156 157
156 159
156 161
156 164
156 165
156 173
156 177
156 191
157 164
157 170
157 179
157 181
157 182
157 187
157 188
157 190
157 192
157 193
157 195
157 196
157 159
157 160
157 162
157 166
157 172
157 173
157 185
157 189
157 197
157 198
157 158
157 169
157 171
157 176
157 184
157 191
157 194
158 159
158 160
158 161
158 173
158 174
158 175
158 180
158 183
158 184
158 197
158 198
158 199
158 163
158 164
158 179
158 185
158 189
158 193
158 194
158 195
158 196
158 170
158 171
158 190
159 160
159 163
159 167
159 168
159 169
159 174
159 175
159 178
159 182
159 186
159 192
159 193
159 194
159 195
159 173
159 176
159 177
159 179
159 180
159 185
159 188
159 199
159 162
159 164
159 166
159 170
159 171
159 172
159 181
159 190
159 191
159 198
160 165
160 169
160 176
160 197
160 163
160 166
160 167
160 174
160 181
160 185
160 188
160 190
160 191
160 192
160 199
160 162
160 164
160 168
160 175
160 178
160 179
160 186
160 189
160 198
161 162
161 167
161 170
161 179
161 180
161 181
161 183
161 189
161 191
161 194
161 163
161 168
161 169
161 172
161 178
161 182
161 185
161 187
161 190
161 193
161 196
161 198
161 166
161 173
161 174
161 184
161 186
162 164
162 166
162 167
162 168
162 177
162 184
162 186
162 187
162 188
162 189
162 194
162 197
162 163
162 170
162 173
162 174
162 180
162 182
162 183
162 190
162 198
162 199
162 169
162 185
162 195
163 167
163 169
163 170
163 181
163 184
163 189
163 196
163 197
163 164
163 166
163 171
163 174
163 186
163 192
163 193
163 198
163 165
163 175
163 176
163 179
163 182
163 183
163 185
163 187
163 194
163 195
163 199
164 165
164 166
164 167
164 169
164 170
164 175
164 176
164 179
164 180
164 181
164 186
164 197
164 174
164 178
164 187
164 189
164 190
164 192
164 198
164 168
164 171
164 173
164 177
164 183
164 188
164 195
164 199
165 167
165 169
165 170
165 176
165 188
165 191
165 192
165 193
165 171
165 175
165 186
165 190
165 194
165 195
165 198
165 166
165 173
165 185
165 189
165 199
166 171
166 173
166 176
166 178
166 187
166 190
166 195
166 169
166 170
166 181
166 182
166 183
166 184
166 188
166 198
166 174
166 179
166 189
166 197
167 168
167 169
167 170
167 172
167 175
167 176
167 179
167 184
167 185
167 189
167 191
167 193
167 195
167 198
167 177
167 178
167 183
167 190
167 180
167 188
167 196
167 199
168 170
168 173
168 174
168 175
168 177
168 180
168 183
168 187
168 189
168 195
168 169
168 171
168 172
168 178
168 179
168 184
168 185
168 191
168 192
168 181
168 182
168 198
168 199
169 170
169 171
169 173
169 178
169 188
169 190
169 191
169 193
169 196
169 183
169 194
169 175
169 176
169 181
169 184
169 192
169 195
170 171
170 177
170 179
170 181
170 185
170 186
170 191
170 193
170 176
170 187
170 172
170 182
170 184
170 190
170 199
171 180
171 182
171 186
171 189
171 191
171 193
171 194
171 195
171 197
171 199
171 172
171 174
171 176
171 178
171 179
171 181
171 185
171 187
171 188
171 192
171 196
171 198
171 173
171 177
171 184
172 174
172 183
172 186
172 187
172 188
172 190
172 191
172 193
172 173
172 177
172 178
172 179
172 180
172 194
172 198
172 199
172 182
172 195
172 197
173 179
173 181
173 183
173 185
173 186
173 188
173 199
173 180
173 184
173 190
173 193
173 196
173 174
173 178
173 182
173 189
173 192
173 195
174 175
174 177
174 185
174 186
174 187
174 188
174 190
174 193
174 197
174 199
174 180
174 192
174 194
174 176
174 178
174 182
174 183
174 184
174 191
174 198
175 181
175 182
175 183
175 189
175 193
175 197
175 177
175 184
175 186
175 188
175 191
175 192
175 196
175 198
175 178
175 185
175 187
175 194
176 178
176 181
176 183
176 184
176 187
176 189
176 191
176 180
176 186
176 194
176 197
176 177
176 193
176 196
177 182
177 185
177 186
177 188
177 191
177 179
177 181
177 189
177 195
177 196
177 197
177 180
177 183
177 193
177 198
178 181
178 182
178 190
178 192
178 194
178 195
178 187
178 197
178 180
178 183
178 189
178 196
178 198
179 192
179 180
179 183
179 188
179 191
179 197
179 198
179 185
179 189
179 193
180 181
180 186
180 189
180 194
180 195
180 196
180 197
180 184
180 198
181 182
181 191
181 192
181 194
181 199
181 183
181 188
181 196
181 185
181 186
181 195
182 183
182 186
182 192
182 193
182 195
182 199
182 188
182 196
182 184
182 191
183 188
183 193
183 194
183 197
183 199
183 184
183 191
183 195
183 196
183 198
183 185
183 192
184 185
184 192
184 195
184 199
184 190
184 186
184 194
184 196
184 197
184 198
185 187
185 192
185 193
185 196
185 197
185 198
185 195
186 187
186 188
186 191
186 194
186 198
186 189
186 195
186 196
186 197
186 192
186 199
187 188
187 192
187 194
187 196
187 199
187 189
187 191
187 197
187 198
188 189
188 190
188 192
188 195
188 191
188 193
188 194
188 197
189 191
189 193
189 194
189 190
189 192
189 197
189 198
189 199
190 192
190 194
190 199
190 196
190 198
191 195
191 196
191 198
191 192
191 193
191 197
192 195
192 193
192 198
193 197
193 199
193 195
193 196
194 196
194 198
194 195
194 199
195 199
195 197
195 196
196 197
196 199
196 198
197 198
197 199
