1580
0 1
0 4
0 5
0 11
0 12
0 15
0 18
0 36
0 40
0 49
0 50
0 53
0 55
0 57
0 59
0 60
0 62
0 65
0 68
0 79
0 2
0 8
0 17
0 23
0 27
0 31
0 39
0 41
0 61
0 63
0 71
0 75
1 2
1 4
1 6
1 7
1 10
1 16
1 24
1 26
1 27
1 28
1 29
1 32
1 33
1 34
1 37
1 41
1 42
1 48
1 56
1 57
1 58
1 60
1 62
1 64
1 75
1 5
1 8
1 9
1 14
1 15
1 20
1 23
1 30
1 43
1 45
1 49
1 51
1 72
1 76
1 77
1 79
2 9
2 10
2 27
2 35
2 38
2 46
2 47
2 49
2 50
2 52
2 56
2 57
2 59
2 62
2 65
2 68
2 69
2 76
2 77
2 3
2 5
2 6
2 8
2 14
2 16
2 17
2 18
2 19
2 21
2 28
2 33
2 34
2 36
2 37
2 41
2 42
2 43
2 48
2 63
2 64
2 73
2 75
3 5
3 9
3 15
3 16
3 17
3 26
3 27
3 29
3 35
3 43
3 50
3 51
3 53
3 63
3 66
3 68
3 70
3 79
3 14
3 18
3 20
3 25
3 45
3 47
3 49
3 58
3 59
3 69
3 78
4 5
4 11
4 12
4 15
4 24
4 25
4 29
4 32
4 33
4 34
4 38
4 41
4 43
4 46
4 47
4 48
4 49
4 50
4 51
4 53
4 55
4 64
4 70
4 71
4 74
4 75
4 7
4 13
4 14
4 16
4 17
4 35
4 40
4 44
4 45
4 52
4 57
4 61
4 62
4 66
4 69
4 72
4 76
4 77
4 78
5 9
5 11
5 15
5 18
5 20
5 26
5 28
5 30
5 32
5 33
5 37
5 38
5 40
5 46
5 50
5 56
5 57
5 60
5 66
5 68
5 70
5 73
5 75
5 78
5 14
5 22
5 24
5 27
5 34
5 36
5 51
5 53
5 58
6 7
6 13
6 14
6 16
6 18
6 24
6 31
6 33
6 34
6 37
6 43
6 45
6 50
6 55
6 58
6 60
6 64
6 69
6 70
6 71
6 72
6 73
6 75
6 76
6 77
6 79
6 9
6 15
6 21
6 22
6 23
6 36
6 38
6 41
6 53
6 62
6 67
6 74
7 8
7 9
7 12
7 24
7 27
7 28
7 34
7 41
7 43
7 45
7 46
7 48
7 57
7 60
7 61
7 75
7 77
7 78
7 11
7 17
7 18
7 25
7 30
7 31
7 35
7 42
7 49
7 50
7 52
7 65
7 67
7 68
7 69
7 70
7 73
8 9
8 13
8 14
8 27
8 29
8 30
8 32
8 34
8 37
8 41
8 42
8 45
8 49
8 57
8 63
8 67
8 74
8 79
8 12
8 15
8 20
8 23
8 25
8 35
8 47
8 50
8 51
8 52
8 53
8 58
8 64
8 71
8 72
8 73
8 76
9 10
9 14
9 20
9 21
9 22
9 23
9 25
9 27
9 29
9 31
9 39
9 40
9 46
9 49
9 50
9 54
9 57
9 71
9 73
9 74
9 76
9 77
9 12
9 24
9 30
9 38
9 45
9 47
9 59
9 62
9 63
9 68
9 69
9 70
10 13
10 16
10 17
10 18
10 19
10 21
10 24
10 28
10 30
10 32
10 33
10 40
10 42
10 44
10 45
10 46
10 48
10 49
10 50
10 53
10 54
10 59
10 60
10 62
10 65
10 68
10 74
10 76
10 77
10 14
10 23
10 27
10 31
10 34
10 35
10 39
10 43
10 47
10 51
10 55
10 58
10 61
10 63
10 64
10 69
10 75
11 14
11 15
11 22
11 30
11 34
11 37
11 38
11 41
11 48
11 50
11 51
11 52
11 60
11 61
11 63
11 64
11 65
11 67
11 70
11 73
11 74
11 17
11 19
11 23
11 24
11 26
11 32
11 33
11 39
11 44
11 54
11 56
11 57
11 66
11 68
11 72
11 75
12 16
12 18
12 19
12 32
12 33
12 34
12 40
12 41
12 43
12 44
12 51
12 53
12 55
12 59
12 61
12 63
12 65
12 72
12 13
12 15
12 25
12 26
12 36
12 46
12 49
12 57
12 58
12 62
12 64
12 67
12 68
12 71
12 73
13 18
13 21
13 22
13 24
13 38
13 49
13 50
13 53
13 57
13 62
13 63
13 65
13 69
13 73
13 75
13 17
13 19
13 33
13 34
13 35
13 42
13 44
13 51
13 54
13 58
13 66
13 70
13 71
13 74
13 76
13 77
14 19
14 24
14 25
14 30
14 34
14 36
14 41
14 43
14 44
14 45
14 46
14 49
14 50
14 51
14 60
14 67
14 71
14 72
14 15
14 20
14 21
14 22
14 26
14 29
14 32
14 35
14 38
14 58
14 64
14 75
14 79
15 17
15 19
15 20
15 22
15 24
15 26
15 28
15 29
15 32
15 42
15 47
15 50
15 51
15 53
15 54
15 56
15 59
15 60
15 62
15 64
15 65
15 66
15 70
15 75
15 78
15 16
15 25
15 31
15 38
15 39
15 43
15 58
15 68
15 69
15 71
15 72
15 76
16 19
16 20
16 22
16 25
16 26
16 29
16 33
16 38
16 42
16 43
16 46
16 50
16 64
16 65
16 67
16 69
16 75
16 79
16 21
16 27
16 32
16 40
16 44
16 48
16 53
16 54
16 56
16 63
16 78
17 19
17 29
17 31
17 35
17 38
17 39
17 42
17 45
17 47
17 48
17 50
17 55
17 57
17 62
17 64
17 68
17 72
17 75
17 76
17 77
17 18
17 21
17 22
17 24
17 32
17 33
17 40
17 41
17 49
17 52
17 56
17 58
17 65
17 70
17 71
17 79
18 19
18 23
18 24
18 25
18 26
18 27
18 30
18 33
18 36
18 40
18 43
18 52
18 58
18 64
18 66
18 72
18 74
18 20
18 21
18 22
18 29
18 35
18 38
18 51
18 53
18 57
18 59
18 62
18 63
18 70
18 71
18 77
18 79
19 21
19 23
19 24
19 25
19 27
19 28
19 31
19 34
19 43
19 44
19 45
19 49
19 59
19 61
19 64
19 67
19 68
19 72
19 73
19 75
19 77
19 22
19 35
19 36
19 46
19 47
19 52
19 53
19 62
20 26
20 27
20 30
20 32
20 41
20 42
20 47
20 48
20 49
20 55
20 57
20 61
20 66
20 67
20 69
20 70
20 71
20 72
20 73
20 74
20 75
20 76
20 77
20 21
20 23
20 25
20 28
20 31
20 34
20 51
20 56
20 60
20 62
20 63
20 68
21 28
21 34
21 37
21 38
21 39
21 41
21 42
21 44
21 45
21 47
21 48
21 49
21 50
21 54
21 60
21 61
21 62
21 64
21 71
21 73
21 75
21 79
21 22
21 23
21 24
21 26
21 27
21 30
21 33
21 35
21 43
21 53
21 56
21 57
21 58
21 66
21 67
21 78
22 26
22 31
22 36
22 54
22 62
22 67
22 70
22 75
22 27
22 41
22 43
22 48
22 51
22 52
22 57
22 60
22 66
22 69
22 72
22 79
23 27
23 28
23 32
23 39
23 41
23 42
23 45
23 46
23 47
23 48
23 50
23 56
23 57
23 61
23 62
23 63
23 66
23 69
23 33
23 34
23 37
23 53
23 59
23 60
23 71
23 74
23 76
23 77
24 25
24 33
24 37
24 43
24 48
24 49
24 50
24 52
24 54
24 71
24 75
24 76
24 77
24 27
24 28
24 32
24 35
24 36
24 38
24 44
24 47
24 53
24 55
24 58
24 59
24 63
24 66
24 70
24 78
25 28
25 31
25 32
25 34
25 35
25 37
25 45
25 47
25 53
25 57
25 59
25 62
25 72
25 75
25 29
25 36
25 40
25 41
25 43
25 44
25 46
25 48
25 50
25 60
25 61
25 66
25 71
25 74
25 78
25 79
26 33
26 38
26 39
26 42
26 43
26 46
26 49
26 50
26 55
26 57
26 60
26 61
26 63
26 64
26 71
26 73
26 75
26 78
26 27
26 28
26 56
26 72
26 76
27 28
27 31
27 32
27 35
27 37
27 38
27 40
27 43
27 47
27 51
27 61
27 33
27 36
27 41
27 42
27 52
27 60
27 62
27 64
27 67
27 68
27 69
27 71
27 78
28 30
28 33
28 37
28 42
28 57
28 60
28 63
28 65
28 68
28 70
28 71
28 38
28 39
28 49
28 51
28 52
28 53
28 54
28 59
28 69
28 73
28 74
28 79
29 31
29 33
29 43
29 44
29 45
29 52
29 53
29 54
29 56
29 57
29 59
29 64
29 74
29 75
29 30
29 34
29 39
29 41
29 49
29 50
29 51
29 55
29 62
29 63
29 66
29 69
29 70
29 78
29 79
30 33
30 36
30 37
30 44
30 46
30 59
30 71
30 72
30 74
30 75
30 35
30 38
30 41
30 43
30 47
30 49
30 51
30 60
30 63
30 65
30 66
30 67
30 69
30 73
31 32
31 37
31 41
31 42
31 50
31 51
31 52
31 54
31 55
31 61
31 66
31 67
31 72
31 76
31 77
31 35
31 38
31 46
31 48
31 53
31 56
31 57
31 71
31 74
31 79
32 33
32 35
32 40
32 41
32 44
32 50
32 52
32 58
32 59
32 68
32 76
32 36
32 42
32 46
32 48
32 54
32 65
32 70
32 73
33 37
33 41
33 42
33 43
33 57
33 60
33 61
33 64
33 70
33 72
33 78
33 35
33 36
33 38
33 40
33 45
33 51
33 53
33 55
33 56
33 59
34 36
34 37
34 40
34 43
34 44
34 50
34 51
34 52
34 54
34 58
34 60
34 62
34 63
34 67
34 74
34 41
34 42
34 49
34 55
34 56
34 57
34 68
34 70
34 72
34 73
34 79
35 42
35 45
35 46
35 47
35 48
35 61
35 62
35 72
35 74
35 77
35 78
35 41
35 53
35 57
35 59
35 63
35 66
35 69
35 70
35 71
35 73
35 75
35 79
36 44
36 45
36 46
36 47
36 50
36 51
36 54
36 56
36 61
36 64
36 66
36 67
36 70
36 71
36 73
36 77
36 78
36 79
36 37
36 40
36 42
36 53
36 68
36 72
36 74
36 75
37 39
37 49
37 53
37 54
37 56
37 57
37 59
37 61
37 62
37 64
37 69
37 72
37 78
37 42
37 45
37 50
37 52
37 67
37 76
38 42
38 43
38 48
38 50
38 53
38 60
38 66
38 67
38 70
38 71
38 73
38 74
38 39
38 51
38 52
38 55
38 62
38 63
38 64
38 68
38 75
38 78
38 79
39 41
39 43
39 47
39 48
39 51
39 67
39 70
39 71
39 77
39 52
39 54
39 56
39 58
39 59
39 68
39 69
39 75
40 50
40 51
40 55
40 61
40 62
40 64
40 65
40 68
40 72
40 74
40 76
40 42
40 43
40 45
40 47
40 48
40 58
40 63
40 75
41 49
41 53
41 54
41 55
41 56
41 57
41 60
41 61
41 62
41 63
41 64
41 65
41 68
41 70
41 72
41 73
41 75
41 78
41 43
41 46
41 48
41 50
41 51
41 59
41 74
41 76
41 77
42 43
42 47
42 53
42 56
42 61
42 63
42 64
42 66
42 68
42 74
42 52
42 60
42 67
42 71
43 44
43 46
43 53
43 57
43 59
43 62
43 66
43 67
43 69
43 71
43 72
43 77
43 48
43 52
43 56
43 61
43 65
43 70
43 75
43 76
43 78
43 79
44 54
44 55
44 60
44 62
44 68
44 69
44 71
44 77
44 53
44 56
44 57
44 58
44 61
44 70
44 78
45 51
45 52
45 61
45 62
45 70
45 74
45 77
45 78
45 46
45 47
45 48
45 58
45 59
45 64
45 67
45 69
46 47
46 48
46 54
46 57
46 59
46 62
46 64
46 66
46 68
46 73
46 74
46 52
46 55
46 56
46 63
46 76
46 77
47 49
47 52
47 54
47 60
47 62
47 63
47 79
47 50
47 55
47 57
47 59
47 61
47 65
47 74
47 77
47 78
48 49
48 56
48 59
48 61
48 62
48 65
48 66
48 68
48 72
48 79
48 50
48 51
48 52
48 54
48 63
48 69
48 70
48 71
48 73
48 75
49 50
49 52
49 53
49 55
49 61
49 67
49 74
49 79
49 57
49 62
49 76
50 53
50 56
50 59
50 61
50 63
50 64
50 67
50 71
50 74
50 79
50 54
50 57
50 65
50 66
50 75
51 54
51 60
51 66
51 75
51 77
51 78
51 79
51 53
51 72
51 76
52 53
52 59
52 61
52 63
52 70
52 72
52 76
52 54
52 57
52 65
52 71
52 77
53 55
53 57
53 61
53 63
53 64
53 66
53 67
53 70
53 77
53 54
53 65
53 69
53 75
53 76
54 58
54 59
54 61
54 67
54 75
54 77
54 79
54 55
54 56
54 60
54 63
54 64
54 66
54 68
54 70
54 71
54 74
55 58
55 60
55 66
55 68
55 70
55 75
55 76
55 78
55 67
55 71
56 57
56 59
56 60
56 62
56 64
56 65
56 72
56 77
56 63
56 66
56 67
56 71
56 74
56 76
56 79
57 65
57 66
57 68
57 70
57 73
57 60
57 67
57 69
57 77
57 78
58 61
58 62
58 71
58 73
58 74
58 75
58 77
58 60
58 66
58 76
59 61
59 64
59 67
59 69
59 70
59 74
59 75
59 77
59 78
59 79
59 62
59 68
59 71
60 65
60 66
60 68
60 70
60 72
60 74
60 75
60 76
60 77
60 79
60 63
61 62
61 63
61 71
61 72
61 74
61 75
61 64
61 66
61 69
61 79
62 63
62 67
62 72
63 64
63 65
63 68
63 69
63 73
63 74
63 79
64 67
64 72
64 78
64 79
65 66
65 69
65 70
65 71
65 72
65 74
65 76
65 77
65 78
66 71
66 77
67 70
67 72
67 73
68 71
68 75
68 78
69 70
69 74
69 78
69 79
70 72
70 77
70 79
71 73
71 76
71 79
72 76
72 78
73 74
73 79
74 75
75 78
76 78
