2212
0 4
0 5
0 6
0 12
0 14
0 25
0 26
0 27
0 29
0 31
0 32
0 36
0 37
0 38
0 39
0 41
0 45
0 49
0 51
0 53
0 55
0 56
0 60
0 63
0 65
0 68
0 70
0 77
0 78
0 11
0 13
0 15
0 19
0 20
0 21
0 22
0 24
0 30
0 35
0 43
0 58
0 64
0 67
0 74
0 76
0 18
0 28
0 54
0 57
0 61
0 62
0 69
0 71
0 72
0 1
0 2
0 47
0 48
0 59
0 66
0 75
1 4
1 11
1 13
1 15
1 17
1 20
1 21
1 22
1 25
1 30
1 31
1 33
1 39
1 40
1 42
1 43
1 48
1 51
1 53
1 54
1 58
1 59
1 62
1 66
1 71
1 73
1 6
1 7
1 16
1 19
1 26
1 35
1 38
1 44
1 46
1 55
1 56
1 57
1 67
1 68
1 69
1 72
1 76
1 78
1 2
1 18
1 23
1 24
1 28
1 32
1 34
1 37
1 47
1 52
1 65
1 75
1 79
1 27
1 29
1 41
1 49
2 9
2 13
2 14
2 15
2 20
2 24
2 27
2 29
2 35
2 41
2 47
2 48
2 49
2 50
2 53
2 56
2 58
2 64
2 66
2 69
2 72
2 76
2 4
2 7
2 8
2 22
2 26
2 30
2 32
2 40
2 42
2 45
2 52
2 55
2 60
2 62
2 65
2 68
2 78
2 5
2 16
2 19
2 23
2 25
2 37
2 39
2 54
2 63
2 67
2 70
2 71
2 74
2 6
2 11
2 57
2 75
2 77
3 8
3 9
3 10
3 13
3 18
3 26
3 27
3 30
3 31
3 32
3 43
3 47
3 50
3 59
3 61
3 66
3 67
3 69
3 71
3 72
3 73
3 76
3 77
3 12
3 19
3 20
3 22
3 29
3 35
3 42
3 44
3 53
3 54
3 64
3 65
3 4
3 6
3 7
3 11
3 16
3 17
3 25
3 28
3 33
3 34
3 46
3 49
3 55
3 60
3 15
3 23
3 36
3 41
3 45
3 74
4 9
4 17
4 19
4 21
4 23
4 25
4 27
4 30
4 34
4 40
4 41
4 47
4 55
4 59
4 61
4 62
4 64
4 65
4 68
4 74
4 75
4 76
4 10
4 11
4 13
4 20
4 29
4 31
4 36
4 38
4 46
4 49
4 53
4 57
4 58
4 69
4 72
4 73
4 78
4 79
4 8
4 12
4 14
4 24
4 26
4 35
4 37
4 39
4 50
4 52
4 60
4 66
4 67
4 15
4 16
4 32
4 33
4 43
4 44
4 51
4 54
4 63
4 77
5 7
5 12
5 18
5 22
5 30
5 34
5 39
5 40
5 46
5 50
5 52
5 54
5 55
5 57
5 64
5 67
5 68
5 70
5 72
5 73
5 75
5 77
5 78
5 79
5 8
5 9
5 10
5 11
5 13
5 14
5 19
5 20
5 21
5 27
5 29
5 31
5 36
5 43
5 53
5 62
5 65
5 6
5 17
5 24
5 28
5 32
5 33
5 41
5 51
5 56
5 61
5 63
5 66
5 74
5 76
5 23
5 26
5 37
5 42
5 71
6 12
6 14
6 19
6 21
6 26
6 27
6 29
6 32
6 34
6 42
6 43
6 46
6 47
6 49
6 50
6 54
6 56
6 58
6 59
6 61
6 63
6 69
6 70
6 75
6 76
6 7
6 8
6 10
6 11
6 13
6 17
6 22
6 30
6 31
6 33
6 39
6 52
6 55
6 57
6 65
6 68
6 71
6 74
6 15
6 16
6 25
6 60
6 62
6 73
6 9
6 35
7 9
7 11
7 12
7 16
7 18
7 19
7 24
7 26
7 29
7 32
7 34
7 36
7 47
7 54
7 65
7 66
7 67
7 71
7 75
7 79
7 10
7 13
7 21
7 22
7 23
7 27
7 28
7 33
7 44
7 45
7 48
7 50
7 55
7 57
7 59
7 61
7 68
7 73
7 76
7 78
7 37
7 39
7 43
7 49
7 60
7 69
7 70
7 74
7 15
7 17
7 46
7 56
7 77
8 12
8 19
8 25
8 26
8 27
8 28
8 33
8 39
8 40
8 41
8 51
8 57
8 58
8 59
8 60
8 61
8 62
8 67
8 71
8 75
8 76
8 77
8 9
8 11
8 14
8 16
8 17
8 20
8 21
8 36
8 38
8 44
8 45
8 49
8 53
8 64
8 65
8 69
8 79
8 10
8 13
8 18
8 34
8 50
8 56
8 63
8 66
8 70
8 72
8 31
8 32
8 35
8 68
9 14
9 16
9 28
9 30
9 36
9 41
9 46
9 50
9 52
9 53
9 54
9 59
9 61
9 63
9 65
9 66
9 70
9 72
9 73
9 77
9 78
9 79
9 17
9 19
9 20
9 22
9 24
9 25
9 26
9 27
9 33
9 42
9 43
9 47
9 49
9 60
9 62
9 67
9 68
9 32
9 44
9 48
9 57
9 58
9 69
9 71
9 10
9 18
9 21
9 29
9 35
9 37
9 51
9 75
10 13
10 18
10 22
10 24
10 28
10 30
10 31
10 36
10 39
10 45
10 46
10 54
10 55
10 59
10 67
10 73
10 74
10 11
10 12
10 16
10 19
10 37
10 38
10 47
10 49
10 50
10 60
10 62
10 63
10 64
10 65
10 68
10 71
10 17
10 21
10 23
10 26
10 29
10 40
10 42
10 44
10 48
10 57
10 15
10 20
10 51
10 56
10 70
10 72
11 13
11 14
11 17
11 22
11 35
11 37
11 39
11 40
11 45
11 46
11 48
11 55
11 60
11 61
11 62
11 75
11 21
11 25
11 26
11 28
11 30
11 53
11 56
11 57
11 59
11 64
11 69
11 71
11 78
11 12
11 29
11 32
11 36
11 47
11 50
11 54
11 63
11 70
11 73
11 74
11 76
11 16
11 19
11 20
11 24
11 31
11 33
11 49
11 52
11 58
11 66
11 68
11 72
11 77
11 79
12 13
12 20
12 31
12 34
12 36
12 38
12 39
12 41
12 43
12 46
12 48
12 54
12 55
12 57
12 58
12 60
12 61
12 64
12 66
12 73
12 77
12 78
12 15
12 16
12 18
12 22
12 23
12 24
12 25
12 26
12 30
12 33
12 40
12 49
12 52
12 53
12 59
12 74
12 76
12 14
12 17
12 28
12 44
12 51
12 67
12 68
12 69
12 70
12 32
12 37
12 45
12 56
13 14
13 17
13 19
13 20
13 21
13 25
13 26
13 30
13 32
13 33
13 34
13 35
13 42
13 43
13 50
13 51
13 52
13 60
13 64
13 67
13 69
13 70
13 74
13 76
13 79
13 39
13 46
13 49
13 54
13 55
13 56
13 58
13 62
13 65
13 66
13 72
13 16
13 22
13 24
13 27
13 28
13 41
13 45
13 61
13 63
13 71
13 15
13 31
13 40
13 53
13 57
13 59
13 78
14 15
14 24
14 30
14 34
14 41
14 48
14 53
14 65
14 67
14 69
14 76
14 16
14 20
14 25
14 27
14 29
14 31
14 35
14 36
14 39
14 54
14 61
14 62
14 64
14 66
14 70
14 71
14 78
14 17
14 18
14 38
14 40
14 46
14 56
14 58
14 63
14 73
14 22
14 45
14 47
14 51
15 28
15 29
15 31
15 32
15 36
15 39
15 44
15 46
15 47
15 52
15 57
15 58
15 61
15 62
15 64
15 73
15 76
15 77
15 78
15 17
15 20
15 22
15 33
15 45
15 48
15 49
15 66
15 72
15 16
15 18
15 24
15 26
15 53
15 56
15 70
15 79
16 24
16 28
16 29
16 30
16 34
16 37
16 38
16 41
16 44
16 50
16 54
16 56
16 58
16 64
16 71
16 75
16 78
16 25
16 27
16 35
16 36
16 39
16 40
16 47
16 48
16 49
16 53
16 55
16 57
16 59
16 65
16 66
16 70
16 72
16 76
16 77
16 79
16 18
16 19
16 20
16 51
16 52
16 74
17 19
17 20
17 21
17 23
17 25
17 31
17 32
17 33
17 35
17 42
17 45
17 48
17 53
17 57
17 60
17 64
17 66
17 72
17 73
17 78
17 27
17 34
17 39
17 43
17 44
17 51
17 52
17 58
17 65
17 68
17 75
17 18
17 22
17 24
17 26
17 36
17 40
17 47
17 50
17 55
17 67
17 70
17 74
18 19
18 22
18 25
18 26
18 28
18 32
18 37
18 38
18 41
18 45
18 46
18 50
18 55
18 57
18 58
18 61
18 65
18 66
18 74
18 77
18 79
18 36
18 44
18 49
18 51
18 52
18 53
18 62
18 67
18 68
18 72
18 76
18 23
18 24
18 30
18 33
18 35
18 39
18 59
18 63
18 69
19 22
19 23
19 25
19 26
19 28
19 34
19 39
19 40
19 41
19 44
19 45
19 46
19 57
19 62
19 63
19 66
19 68
19 73
19 74
19 24
19 30
19 35
19 36
19 42
19 53
19 56
19 61
19 65
19 71
19 77
19 78
19 21
19 29
19 31
19 37
19 38
19 50
19 55
19 58
19 59
19 69
19 75
20 21
20 22
20 31
20 32
20 36
20 38
20 48
20 56
20 57
20 59
20 60
20 62
20 64
20 72
20 23
20 25
20 27
20 29
20 35
20 37
20 42
20 44
20 46
20 52
20 53
20 54
20 55
20 58
20 61
20 65
20 67
20 68
20 73
20 75
20 76
20 30
20 50
20 70
20 71
20 74
21 22
21 23
21 24
21 27
21 28
21 33
21 42
21 49
21 50
21 52
21 56
21 61
21 63
21 65
21 66
21 69
21 70
21 72
21 73
21 75
21 76
21 77
21 78
21 79
21 26
21 29
21 30
21 38
21 40
21 41
21 45
21 51
21 59
21 62
21 68
21 74
21 35
21 43
21 46
21 55
21 58
21 71
22 23
22 25
22 29
22 31
22 32
22 33
22 44
22 45
22 47
22 49
22 67
22 28
22 34
22 37
22 43
22 48
22 52
22 54
22 55
22 63
22 65
22 70
22 71
22 72
22 74
22 79
22 26
22 27
22 36
22 38
22 40
22 53
22 56
22 57
22 58
22 60
22 61
22 66
22 68
22 69
23 31
23 35
23 41
23 44
23 51
23 54
23 58
23 59
23 68
23 71
23 72
23 75
23 76
23 24
23 27
23 28
23 34
23 36
23 39
23 40
23 47
23 48
23 49
23 53
23 56
23 57
23 61
23 63
23 65
23 70
23 77
23 29
23 30
23 32
23 33
23 37
23 45
23 46
23 52
23 66
23 69
24 28
24 29
24 31
24 33
24 35
24 39
24 49
24 50
24 52
24 54
24 60
24 63
24 64
24 65
24 69
24 72
24 79
24 25
24 26
24 27
24 30
24 38
24 42
24 43
24 46
24 48
24 56
24 61
24 66
24 67
24 68
24 70
24 75
24 77
24 32
24 34
24 41
24 51
24 53
24 57
24 59
24 73
24 74
25 29
25 31
25 33
25 34
25 42
25 43
25 44
25 47
25 49
25 52
25 56
25 59
25 60
25 62
25 64
25 65
25 67
25 70
25 71
25 77
25 37
25 41
25 46
25 53
25 54
25 55
25 57
25 61
25 63
25 26
25 28
25 30
25 38
25 51
25 58
25 66
25 72
25 73
25 75
26 46
26 49
26 51
26 53
26 57
26 58
26 59
26 61
26 71
26 73
26 77
26 79
26 30
26 33
26 38
26 40
26 48
26 52
26 55
26 69
26 70
26 76
26 78
26 27
26 28
26 37
26 42
26 44
26 67
26 75
27 31
27 32
27 34
27 36
27 40
27 46
27 49
27 50
27 52
27 54
27 57
27 58
27 62
27 66
27 68
27 76
27 77
27 59
27 67
27 70
27 71
27 73
27 74
27 29
27 30
27 37
27 39
27 41
27 42
27 43
27 61
28 30
28 32
28 36
28 37
28 39
28 41
28 42
28 46
28 47
28 48
28 49
28 53
28 61
28 64
28 70
28 75
28 33
28 43
28 44
28 51
28 62
28 63
28 65
28 78
28 29
28 31
28 40
28 60
29 30
29 31
29 34
29 36
29 38
29 40
29 45
29 51
29 53
29 54
29 60
29 63
29 66
29 75
29 79
29 33
29 35
29 42
29 50
29 56
29 58
29 59
29 64
29 67
29 68
29 71
29 37
29 44
29 61
29 62
29 65
29 69
29 78
30 32
30 35
30 37
30 41
30 46
30 51
30 59
30 60
30 64
30 65
30 67
30 68
30 69
30 75
30 77
30 78
30 79
30 39
30 42
30 44
30 48
30 50
30 52
30 54
30 57
30 74
30 34
30 38
30 43
30 55
30 56
30 61
30 63
30 70
31 37
31 41
31 44
31 45
31 49
31 50
31 54
31 55
31 60
31 64
31 67
31 69
31 71
31 73
31 75
31 78
31 42
31 46
31 48
31 52
31 57
31 59
31 61
31 65
31 66
31 72
31 76
31 32
31 34
31 36
31 39
31 47
31 79
32 37
32 39
32 50
32 52
32 54
32 57
32 61
32 66
32 71
32 72
32 75
32 79
32 33
32 34
32 40
32 49
32 56
32 65
32 69
32 35
32 43
32 53
32 59
32 60
32 62
32 63
32 68
33 35
33 37
33 43
33 44
33 45
33 46
33 48
33 53
33 55
33 56
33 59
33 61
33 63
33 65
33 67
33 68
33 75
33 78
33 34
33 38
33 40
33 42
33 57
33 62
33 64
33 72
33 36
33 39
33 41
33 49
33 54
33 66
33 76
34 35
34 43
34 44
34 52
34 53
34 62
34 36
34 37
34 38
34 39
34 46
34 49
34 50
34 55
34 56
34 59
34 63
34 66
34 67
34 68
34 70
34 72
34 73
34 74
34 76
34 40
34 42
34 58
35 36
35 37
35 38
35 40
35 43
35 44
35 47
35 49
35 51
35 54
35 58
35 65
35 66
35 67
35 68
35 72
35 76
35 46
35 48
35 56
35 57
35 60
35 71
35 79
35 45
35 50
35 52
35 59
35 61
35 63
36 39
36 41
36 42
36 45
36 46
36 48
36 49
36 50
36 52
36 60
36 63
36 68
36 70
36 71
36 37
36 47
36 55
36 58
36 62
36 66
36 77
36 78
36 40
36 43
36 56
36 72
36 73
36 76
36 79
37 39
37 40
37 43
37 48
37 49
37 55
37 56
37 59
37 61
37 65
37 66
37 67
37 70
37 71
37 73
37 75
37 38
37 41
37 44
37 46
37 50
37 51
37 58
37 60
37 69
37 79
37 42
37 52
37 76
37 77
38 44
38 45
38 48
38 53
38 56
38 58
38 59
38 61
38 65
38 70
38 71
38 74
38 75
38 79
38 39
38 54
38 55
38 60
38 62
38 77
38 78
38 41
38 42
38 50
38 52
38 67
38 68
38 73
38 76
39 40
39 41
39 42
39 48
39 49
39 51
39 58
39 59
39 60
39 61
39 64
39 66
39 70
39 71
39 74
39 75
39 44
39 53
39 57
39 65
39 68
39 73
39 76
39 77
39 43
39 62
39 63
40 41
40 49
40 53
40 56
40 59
40 61
40 62
40 63
40 65
40 67
40 69
40 70
40 73
40 75
40 78
40 79
40 46
40 47
40 51
40 52
40 57
40 58
40 71
40 48
40 50
40 54
40 66
40 77
41 45
41 50
41 53
41 61
41 66
41 67
41 70
41 72
41 73
41 51
41 56
41 60
41 62
41 63
41 76
41 44
41 54
41 65
41 68
41 71
41 75
41 77
42 46
42 48
42 53
42 58
42 59
42 60
42 65
42 69
42 70
42 73
42 75
42 79
42 49
42 56
42 62
42 47
42 55
42 74
42 76
43 47
43 50
43 55
43 59
43 64
43 69
43 75
43 51
43 52
43 54
43 61
43 44
43 48
43 65
43 72
43 73
43 78
43 79
44 48
44 50
44 52
44 56
44 60
44 63
44 71
44 72
44 73
44 79
44 45
44 47
44 53
44 54
44 55
44 58
44 67
44 68
44 74
44 77
44 46
44 61
44 66
44 75
44 76
45 50
45 64
45 65
45 67
45 74
45 75
45 76
45 77
45 78
45 46
45 47
45 48
45 52
45 54
45 55
45 57
45 61
45 71
45 51
45 53
45 60
45 62
45 70
45 72
45 79
46 53
46 55
46 56
46 57
46 61
46 63
46 70
46 71
46 74
46 75
46 78
46 79
46 48
46 50
46 60
46 62
46 68
46 73
46 51
46 58
46 76
47 51
47 54
47 56
47 58
47 59
47 61
47 69
47 70
47 74
47 75
47 76
47 48
47 62
47 64
47 66
47 67
47 68
47 78
47 50
47 60
47 63
47 71
47 73
48 52
48 59
48 69
48 73
48 75
48 78
48 55
48 63
48 64
48 79
48 50
48 51
48 56
48 57
48 61
48 62
48 67
48 68
48 72
49 53
49 54
49 56
49 63
49 64
49 66
49 71
49 74
49 75
49 77
49 79
49 58
49 59
49 60
49 61
49 62
49 68
49 55
49 65
49 69
49 78
50 54
50 55
50 56
50 57
50 60
50 64
50 68
50 71
50 74
50 77
50 51
50 58
50 59
50 62
50 66
50 70
50 72
50 75
50 76
50 79
50 52
50 63
51 53
51 57
51 61
51 66
51 67
51 75
51 59
51 62
51 65
51 68
51 72
51 74
51 76
51 52
51 54
51 56
51 58
52 58
52 61
52 63
52 68
52 73
52 56
52 60
52 66
52 69
52 74
52 76
52 53
52 54
52 55
52 77
52 79
53 54
53 59
53 63
53 64
53 65
53 67
53 68
53 69
53 70
53 71
53 73
53 75
53 77
53 79
53 62
53 76
53 58
53 74
54 55
54 57
54 58
54 59
54 61
54 63
54 66
54 67
54 72
54 77
54 64
54 69
54 71
54 74
54 75
54 76
54 56
54 73
54 78
55 56
55 57
55 63
55 64
55 66
55 67
55 69
55 70
55 77
55 58
55 59
55 60
55 61
55 65
55 68
55 74
55 75
55 76
55 79
55 78
56 58
56 59
56 60
56 62
56 69
56 71
56 57
56 63
56 72
56 76
56 73
56 74
56 79
57 58
57 59
57 62
57 69
57 72
57 74
57 78
57 79
57 60
57 61
57 63
57 64
57 66
57 67
57 75
57 76
57 68
57 73
58 60
58 63
58 75
58 76
58 79
58 68
58 69
58 71
58 72
58 74
58 62
58 65
58 66
58 67
58 77
58 78
59 61
59 71
59 73
59 76
59 78
59 63
59 65
59 67
59 69
59 62
59 64
59 66
59 72
59 74
60 62
60 70
60 66
60 67
60 71
60 74
60 78
60 65
60 69
60 75
60 79
61 63
61 69
61 70
61 71
61 73
61 76
61 62
61 66
61 72
61 75
61 77
61 78
62 64
62 69
62 70
62 78
62 79
62 66
62 68
62 71
62 72
62 73
62 63
62 76
63 65
63 71
63 72
63 70
63 75
63 64
63 66
63 74
64 68
64 71
64 72
64 65
64 69
64 74
64 75
64 76
65 66
65 69
65 70
65 73
65 74
65 76
65 68
65 71
65 72
65 78
65 67
66 70
66 73
66 77
66 72
66 74
66 75
66 76
66 68
67 69
67 72
67 79
67 68
67 73
67 74
67 78
67 71
67 75
68 70
68 73
68 72
68 76
68 77
68 79
69 71
69 79
69 76
69 78
69 72
69 75
70 71
70 72
70 73
70 77
70 78
70 74
70 75
70 79
70 76
71 72
71 78
71 79
71 73
71 77
71 74
72 75
72 77
72 79
72 76
72 73
72 78
73 74
73 78
73 79
73 76
74 79
74 75
74 76
74 77
75 78
75 76
75 77
76 79
76 77
76 78
77 78
78 79
