# 11475 edges
0 1
0 2
0 3
0 4
0 5
0 6
0 7
0 8
0 9
0 10
0 11
0 12
0 13
0 14
0 15
0 16
0 17
0 18
0 19
0 57
0 67
0 73
0 81
0 88
0 101
0 112
0 128
0 131
0 137
0 151
0 156
0 160
0 177
0 178
0 186
0 189
0 194
0 195
0 201
0 202
0 227
0 238
0 250
0 275
0 282
0 290
0 306
0 322
0 382
1 2
1 3
1 4
1 5
1 6
1 7
1 8
1 9
1 10
1 11
1 12
1 13
1 14
1 15
1 16
1 17
1 18
1 19
1 22
1 26
1 29
1 36
1 40
1 49
1 59
1 106
1 107
1 124
1 128
1 131
1 137
1 141
1 145
1 154
1 159
1 162
1 180
1 184
1 190
1 196
1 205
1 216
1 221
1 235
1 246
1 250
1 257
1 294
1 300
1 327
1 330
1 347
1 350
1 352
1 360
1 381
1 386
2 3
2 4
2 5
2 6
2 7
2 8
2 9
2 10
2 11
2 12
2 13
2 14
2 15
2 16
2 17
2 18
2 19
2 21
2 39
2 41
2 45
2 58
2 64
2 68
2 72
2 77
2 79
2 82
2 84
2 87
2 119
2 148
2 179
2 186
2 206
2 223
2 246
2 249
2 260
2 268
2 276
2 313
2 321
2 337
2 340
2 341
2 351
2 359
2 361
2 363
2 364
2 397
3 4
3 5
3 6
3 7
3 8
3 9
3 10
3 11
3 12
3 13
3 14
3 15
3 16
3 17
3 18
3 19
3 31
3 36
3 44
3 72
3 81
3 104
3 109
3 118
3 136
3 142
3 149
3 168
3 172
3 180
3 181
3 197
3 212
3 232
3 237
3 239
3 242
3 244
3 250
3 279
3 312
3 316
3 339
3 342
3 349
3 368
3 385
3 394
3 399
4 5
4 6
4 7
4 8
4 9
4 10
4 11
4 12
4 13
4 14
4 15
4 16
4 17
4 18
4 19
4 25
4 39
4 45
4 51
4 55
4 63
4 91
4 112
4 119
4 130
4 143
4 151
4 181
4 197
4 199
4 204
4 218
4 237
4 243
4 254
4 258
4 262
4 272
4 275
4 277
4 288
4 303
4 323
4 328
4 336
4 338
4 341
4 344
4 346
4 364
4 374
4 377
4 389
4 393
4 397
5 6
5 7
5 8
5 9
5 10
5 11
5 12
5 13
5 14
5 15
5 16
5 17
5 18
5 19
5 23
5 26
5 27
5 31
5 50
5 65
5 69
5 74
5 75
5 76
5 78
5 86
5 87
5 96
5 109
5 111
5 138
5 143
5 144
5 151
5 156
5 166
5 168
5 176
5 182
5 185
5 190
5 218
5 252
5 256
5 261
5 263
5 275
5 279
5 288
5 294
5 303
5 304
5 309
5 315
5 324
5 334
5 367
5 373
6 7
6 8
6 9
6 10
6 11
6 12
6 13
6 14
6 15
6 16
6 17
6 18
6 19
6 23
6 42
6 54
6 56
6 64
6 68
6 77
6 91
6 110
6 112
6 131
6 132
6 137
6 143
6 151
6 156
6 165
6 172
6 183
6 188
6 233
6 254
6 258
6 262
6 264
6 269
6 289
6 293
6 297
6 301
6 309
6 314
6 335
6 336
6 357
6 360
6 377
6 382
7 8
7 9
7 10
7 11
7 12
7 13
7 14
7 15
7 16
7 17
7 18
7 19
7 23
7 26
7 27
7 81
7 84
7 122
7 142
7 150
7 156
7 180
7 181
7 183
7 192
7 206
7 208
7 230
7 235
7 241
7 259
7 269
7 272
7 279
7 284
7 310
7 314
7 317
7 336
7 352
7 357
7 361
7 372
7 388
7 390
7 398
8 9
8 10
8 11
8 12
8 13
8 14
8 15
8 16
8 17
8 18
8 19
8 22
8 26
8 35
8 56
8 57
8 61
8 63
8 68
8 72
8 84
8 86
8 93
8 97
8 101
8 107
8 118
8 137
8 141
8 143
8 155
8 158
8 175
8 189
8 196
8 197
8 200
8 202
8 223
8 236
8 259
8 267
8 283
8 292
8 298
8 309
8 310
8 314
8 321
8 325
8 326
8 359
8 363
8 373
9 10
9 11
9 12
9 13
9 14
9 15
9 16
9 17
9 18
9 19
9 50
9 51
9 55
9 65
9 66
9 67
9 68
9 76
9 83
9 91
9 92
9 98
9 105
9 122
9 136
9 144
9 146
9 160
9 190
9 228
9 234
9 244
9 284
9 289
9 291
9 308
9 311
9 316
9 348
9 353
9 368
9 376
9 392
10 11
10 12
10 13
10 14
10 15
10 16
10 17
10 18
10 19
10 20
10 44
10 53
10 58
10 62
10 93
10 108
10 112
10 115
10 118
10 122
10 131
10 162
10 175
10 179
10 180
10 183
10 211
10 213
10 214
10 228
10 229
10 244
10 245
10 246
10 250
10 258
10 272
10 274
10 284
10 302
10 309
10 317
10 346
10 347
10 353
10 357
10 363
10 367
10 371
11 12
11 13
11 14
11 15
11 16
11 17
11 18
11 19
11 28
11 38
11 57
11 65
11 75
11 84
11 105
11 109
11 111
11 113
11 140
11 147
11 155
11 161
11 168
11 188
11 192
11 202
11 238
11 248
11 249
11 286
11 287
11 289
11 293
11 296
11 302
11 309
11 314
11 316
11 318
11 322
11 327
11 330
11 335
11 345
11 351
11 364
11 368
11 377
11 387
12 13
12 14
12 15
12 16
12 17
12 18
12 19
12 26
12 27
12 29
12 36
12 43
12 50
12 57
12 76
12 83
12 89
12 91
12 92
12 94
12 96
12 110
12 119
12 157
12 160
12 161
12 199
12 216
12 220
12 226
12 230
12 240
12 245
12 265
12 274
12 276
12 281
12 298
12 329
12 337
12 353
12 365
12 383
12 385
12 386
12 391
13 14
13 15
13 16
13 17
13 18
13 19
13 42
13 69
13 70
13 71
13 72
13 76
13 87
13 92
13 94
13 99
13 135
13 177
13 194
13 200
13 201
13 206
13 231
13 241
13 250
13 251
13 257
13 260
13 271
13 275
13 277
13 280
13 296
13 302
13 304
13 312
13 328
13 335
13 338
13 342
13 378
13 392
14 15
14 16
14 17
14 18
14 19
14 32
14 35
14 38
14 45
14 48
14 54
14 55
14 62
14 88
14 100
14 109
14 114
14 115
14 116
14 131
14 133
14 139
14 144
14 146
14 162
14 188
14 206
14 215
14 224
14 244
14 257
14 269
14 271
14 273
14 297
14 314
14 335
14 337
14 341
14 351
14 355
14 382
14 383
14 399
15 16
15 17
15 18
15 19
15 36
15 62
15 69
15 102
15 109
15 113
15 139
15 142
15 147
15 148
15 191
15 192
15 198
15 199
15 202
15 215
15 217
15 218
15 227
15 243
15 248
15 252
15 259
15 278
15 286
15 316
15 349
15 356
15 357
15 382
15 386
15 388
16 17
16 18
16 19
16 36
16 39
16 62
16 66
16 68
16 83
16 87
16 92
16 99
16 106
16 115
16 124
16 125
16 127
16 133
16 136
16 144
16 148
16 152
16 158
16 183
16 187
16 190
16 205
16 207
16 216
16 225
16 226
16 227
16 229
16 230
16 243
16 245
16 256
16 260
16 279
16 287
16 305
16 308
16 315
16 317
16 323
16 327
16 333
16 334
16 336
16 343
16 364
16 373
16 375
16 386
17 18
17 19
17 22
17 36
17 46
17 49
17 54
17 78
17 90
17 95
17 98
17 99
17 101
17 118
17 125
17 144
17 151
17 157
17 200
17 202
17 207
17 210
17 214
17 218
17 236
17 240
17 251
17 276
17 281
17 295
17 299
17 314
17 323
17 326
17 329
17 349
17 359
17 395
18 19
18 23
18 26
18 40
18 44
18 45
18 51
18 118
18 122
18 123
18 143
18 144
18 163
18 165
18 174
18 181
18 199
18 202
18 210
18 229
18 243
18 253
18 290
18 367
18 379
18 380
19 67
19 83
19 85
19 87
19 94
19 95
19 97
19 102
19 103
19 108
19 120
19 137
19 139
19 141
19 164
19 179
19 192
19 230
19 250
19 257
19 278
19 299
19 308
19 309
19 318
19 356
19 364
19 370
20 21
20 22
20 23
20 24
20 25
20 26
20 27
20 28
20 29
20 30
20 31
20 32
20 33
20 34
20 35
20 36
20 37
20 38
20 39
20 48
20 63
20 76
20 80
20 92
20 105
20 113
20 117
20 119
20 123
20 142
20 158
20 173
20 177
20 183
20 186
20 205
20 208
20 215
20 219
20 225
20 227
20 232
20 234
20 235
20 253
20 257
20 263
20 264
20 267
20 268
20 273
20 282
20 285
20 303
20 304
20 310
20 311
20 312
20 329
20 337
20 340
20 358
20 380
20 388
20 390
21 22
21 23
21 24
21 25
21 26
21 27
21 28
21 29
21 30
21 31
21 32
21 33
21 34
21 35
21 36
21 37
21 38
21 39
21 50
21 54
21 65
21 66
21 77
21 97
21 108
21 109
21 110
21 111
21 115
21 121
21 131
21 162
21 176
21 181
21 187
21 192
21 197
21 212
21 218
21 222
21 225
21 232
21 233
21 238
21 241
21 242
21 266
21 270
21 281
21 284
21 304
21 324
21 326
21 358
21 370
21 371
21 388
22 23
22 24
22 25
22 26
22 27
22 28
22 29
22 30
22 31
22 32
22 33
22 34
22 35
22 36
22 37
22 38
22 39
22 43
22 57
22 58
22 63
22 71
22 104
22 110
22 125
22 131
22 134
22 147
22 163
22 187
22 193
22 199
22 215
22 218
22 220
22 221
22 223
22 230
22 233
22 235
22 237
22 244
22 255
22 265
22 269
22 274
22 278
22 295
22 299
22 305
22 309
22 311
22 313
22 316
22 320
22 331
22 338
22 342
22 347
22 355
22 357
22 370
22 390
22 394
23 24
23 25
23 26
23 27
23 28
23 29
23 30
23 31
23 32
23 33
23 34
23 35
23 36
23 37
23 38
23 39
23 57
23 58
23 60
23 61
23 68
23 78
23 87
23 88
23 94
23 103
23 108
23 114
23 127
23 134
23 137
23 157
23 167
23 169
23 181
23 199
23 221
23 234
23 244
23 248
23 256
23 259
23 262
23 279
23 283
23 288
23 296
23 308
23 322
23 328
23 329
23 340
23 348
23 355
23 357
23 395
24 25
24 26
24 27
24 28
24 29
24 30
24 31
24 32
24 33
24 34
24 35
24 36
24 37
24 38
24 39
24 47
24 60
24 78
24 81
24 94
24 102
24 120
24 121
24 123
24 130
24 135
24 138
24 144
24 145
24 150
24 159
24 165
24 166
24 183
24 192
24 193
24 216
24 221
24 227
24 259
24 262
24 265
24 290
24 303
24 316
24 323
24 336
24 344
24 345
24 371
24 379
24 384
24 385
25 26
25 27
25 28
25 29
25 30
25 31
25 32
25 33
25 34
25 35
25 36
25 37
25 38
25 39
25 50
25 55
25 60
25 74
25 83
25 94
25 96
25 121
25 129
25 144
25 163
25 164
25 180
25 185
25 195
25 201
25 203
25 215
25 225
25 230
25 240
25 247
25 265
25 268
25 269
25 272
25 278
25 290
25 294
25 303
25 308
25 311
25 324
25 332
25 348
25 355
25 362
25 367
25 369
25 377
25 382
25 394
25 395
26 27
26 28
26 29
26 30
26 31
26 32
26 33
26 34
26 35
26 36
26 37
26 38
26 39
26 40
26 57
26 77
26 83
26 85
26 88
26 91
26 97
26 103
26 104
26 106
26 128
26 133
26 138
26 153
26 154
26 165
26 197
26 209
26 233
26 241
26 250
26 256
26 285
26 298
26 303
26 337
26 339
26 349
26 352
26 353
26 361
26 368
26 372
26 378
26 380
26 389
27 28
27 29
27 30
27 31
27 32
27 33
27 34
27 35
27 36
27 37
27 38
27 39
27 41
27 48
27 76
27 82
27 91
27 110
27 113
27 128
27 149
27 157
27 170
27 188
27 204
27 208
27 220
27 230
27 235
27 241
27 244
27 253
27 263
27 271
27 277
27 279
27 281
27 284
27 287
27 328
27 331
27 334
27 340
27 365
27 375
27 390
28 29
28 30
28 31
28 32
28 33
28 34
28 35
28 36
28 37
28 38
28 39
28 40
28 67
28 69
28 87
28 97
28 98
28 104
28 106
28 109
28 116
28 149
28 153
28 189
28 196
28 198
28 199
28 209
28 219
28 252
28 272
28 286
28 291
28 292
28 329
28 335
28 359
28 368
28 377
28 391
28 395
28 396
28 398
29 30
29 31
29 32
29 33
29 34
29 35
29 36
29 37
29 38
29 39
29 41
29 54
29 55
29 61
29 68
29 74
29 76
29 83
29 87
29 93
29 97
29 98
29 103
29 106
29 115
29 119
29 120
29 122
29 133
29 145
29 156
29 185
29 191
29 194
29 199
29 208
29 218
29 245
29 255
29 262
29 264
29 280
29 293
29 299
29 319
29 336
29 343
29 344
29 349
29 359
29 362
29 372
30 31
30 32
30 33
30 34
30 35
30 36
30 37
30 38
30 39
30 56
30 61
30 72
30 91
30 92
30 104
30 128
30 143
30 150
30 156
30 163
30 175
30 177
30 192
30 204
30 226
30 229
30 233
30 276
30 290
30 308
30 312
30 316
30 329
30 352
30 375
30 381
30 392
30 398
31 32
31 33
31 34
31 35
31 36
31 37
31 38
31 39
31 44
31 58
31 63
31 70
31 76
31 113
31 134
31 139
31 141
31 146
31 152
31 174
31 185
31 188
31 190
31 192
31 199
31 222
31 232
31 237
31 244
31 261
31 280
31 283
31 289
31 296
31 297
31 322
31 324
31 329
31 350
31 354
31 359
32 33
32 34
32 35
32 36
32 37
32 38
32 39
32 48
32 55
32 59
32 62
32 63
32 74
32 84
32 94
32 98
32 106
32 131
32 134
32 146
32 161
32 162
32 180
32 181
32 194
32 208
32 212
32 217
32 230
32 232
32 239
32 243
32 254
32 278
32 279
32 285
32 288
32 298
32 303
32 307
32 312
32 317
32 320
32 324
32 339
32 343
32 355
32 359
32 381
32 390
32 398
32 399
33 34
33 35
33 36
33 37
33 38
33 39
33 43
33 69
33 79
33 85
33 93
33 95
33 105
33 131
33 132
33 176
33 177
33 181
33 190
33 200
33 207
33 212
33 225
33 233
33 246
33 251
33 253
33 277
33 289
33 318
33 320
33 322
33 326
33 352
33 374
33 384
33 390
34 35
34 36
34 37
34 38
34 39
34 40
34 43
34 64
34 67
34 72
34 77
34 94
34 95
34 120
34 144
34 158
34 162
34 171
34 177
34 181
34 182
34 212
34 218
34 224
34 248
34 252
34 253
34 259
34 263
34 321
34 324
34 334
34 336
34 337
34 344
34 349
34 350
34 375
34 378
34 379
35 36
35 37
35 38
35 39
35 51
35 53
35 71
35 78
35 79
35 99
35 101
35 131
35 133
35 166
35 174
35 186
35 197
35 222
35 224
35 231
35 235
35 236
35 270
35 278
35 285
35 308
35 322
35 333
35 334
35 349
35 352
35 353
35 367
36 37
36 38
36 39
36 42
36 44
36 45
36 49
36 50
36 65
36 74
36 91
36 93
36 101
36 107
36 138
36 160
36 165
36 175
36 199
36 213
36 224
36 232
36 240
36 273
36 289
36 291
36 293
36 295
36 298
36 301
36 355
36 360
36 378
36 394
37 38
37 39
37 49
37 71
37 72
37 75
37 85
37 103
37 114
37 122
37 129
37 130
37 132
37 137
37 159
37 164
37 169
37 183
37 204
37 215
37 222
37 223
37 239
37 248
37 249
37 258
37 259
37 267
37 273
37 290
37 318
37 319
37 354
37 370
37 375
37 382
38 39
38 51
38 62
38 87
38 107
38 109
38 113
38 122
38 136
38 140
38 144
38 162
38 164
38 168
38 175
38 179
38 183
38 185
38 187
38 195
38 218
38 225
38 229
38 234
38 253
38 272
38 273
38 289
38 300
38 304
38 318
38 341
38 345
38 347
38 353
38 354
38 355
38 357
38 361
38 363
38 368
38 371
38 381
38 393
39 40
39 41
39 45
39 57
39 86
39 98
39 103
39 106
39 108
39 110
39 114
39 118
39 120
39 146
39 154
39 159
39 170
39 179
39 184
39 191
39 239
39 246
39 274
39 286
39 296
39 312
39 315
39 316
39 334
39 339
39 340
39 348
39 362
39 374
39 389
39 396
39 399
40 41
40 42
40 43
40 44
40 45
40 46
40 47
40 48
40 49
40 50
40 51
40 52
40 53
40 54
40 55
40 56
40 57
40 58
40 59
40 72
40 75
40 87
40 99
40 105
40 107
40 118
40 130
40 157
40 163
40 169
40 174
40 178
40 212
40 213
40 224
40 231
40 238
40 243
40 245
40 248
40 262
40 266
40 276
40 277
40 278
40 283
40 293
40 316
40 326
40 334
40 359
40 365
40 384
40 386
40 393
40 396
41 42
41 43
41 44
41 45
41 46
41 47
41 48
41 49
41 50
41 51
41 52
41 53
41 54
41 55
41 56
41 57
41 58
41 59
41 76
41 77
41 78
41 96
41 109
41 112
41 113
41 122
41 126
41 128
41 134
41 147
41 167
41 174
41 176
41 178
41 179
41 204
41 206
41 223
41 237
41 253
41 272
41 285
41 295
41 306
41 311
41 321
41 337
41 359
41 368
41 370
41 373
41 378
41 388
41 390
42 43
42 44
42 45
42 46
42 47
42 48
42 49
42 50
42 51
42 52
42 53
42 54
42 55
42 56
42 57
42 58
42 59
42 69
42 75
42 78
42 88
42 96
42 104
42 127
42 135
42 156
42 157
42 168
42 174
42 200
42 209
42 217
42 226
42 238
42 242
42 245
42 249
42 257
42 271
42 273
42 276
42 290
42 298
42 308
42 310
42 315
42 329
42 332
42 339
42 346
42 347
42 349
42 362
42 371
42 380
42 384
42 394
43 44
43 45
43 46
43 47
43 48
43 49
43 50
43 51
43 52
43 53
43 54
43 55
43 56
43 57
43 58
43 59
43 64
43 69
43 76
43 80
43 87
43 106
43 111
43 113
43 118
43 129
43 134
43 156
43 176
43 178
43 186
43 194
43 208
43 210
43 215
43 217
43 224
43 226
43 245
43 265
43 273
43 274
43 298
43 299
43 307
43 309
43 319
43 321
43 324
43 326
43 338
43 347
43 380
43 385
43 390
43 397
44 45
44 46
44 47
44 48
44 49
44 50
44 51
44 52
44 53
44 54
44 55
44 56
44 57
44 58
44 59
44 65
44 67
44 68
44 73
44 108
44 125
44 128
44 144
44 145
44 147
44 151
44 171
44 174
44 176
44 183
44 184
44 185
44 189
44 193
44 207
44 209
44 213
44 216
44 220
44 228
44 229
44 237
44 244
44 250
44 258
44 271
44 287
44 314
44 334
44 338
44 356
44 366
44 371
44 376
44 379
45 46
45 47
45 48
45 49
45 50
45 51
45 52
45 53
45 54
45 55
45 56
45 57
45 58
45 59
45 63
45 65
45 67
45 69
45 91
45 94
45 95
45 102
45 111
45 114
45 145
45 153
45 159
45 163
45 165
45 166
45 175
45 183
45 189
45 199
45 204
45 227
45 232
45 240
45 249
45 256
45 257
45 258
45 274
45 277
45 279
45 280
45 288
45 289
45 311
45 335
45 343
45 348
45 353
45 354
45 355
45 368
45 384
45 392
45 395
46 47
46 48
46 49
46 50
46 51
46 52
46 53
46 54
46 55
46 56
46 57
46 58
46 59
46 64
46 68
46 69
46 76
46 80
46 81
46 96
46 103
46 130
46 143
46 145
46 146
46 148
46 151
46 179
46 182
46 183
46 191
46 197
46 200
46 205
46 207
46 209
46 218
46 237
46 245
46 250
46 263
46 271
46 274
46 278
46 282
46 283
46 304
46 307
46 323
46 325
46 327
46 328
46 334
46 359
46 375
46 376
46 381
46 384
46 398
47 48
47 49
47 50
47 51
47 52
47 53
47 54
47 55
47 56
47 57
47 58
47 59
47 72
47 84
47 92
47 93
47 103
47 130
47 162
47 169
47 173
47 175
47 179
47 180
47 197
47 199
47 203
47 229
47 237
47 242
47 247
47 254
47 256
47 260
47 264
47 270
47 280
47 301
47 305
47 307
47 323
47 359
47 371
47 373
47 379
48 49
48 50
48 51
48 52
48 53
48 54
48 55
48 56
48 57
48 58
48 59
48 60
48 66
48 76
48 81
48 86
48 106
48 122
48 124
48 134
48 164
48 168
48 170
48 172
48 194
48 217
48 220
48 245
48 252
48 257
48 259
48 260
48 265
48 273
48 274
48 280
48 281
48 287
48 295
48 299
48 353
48 356
48 367
48 379
48 387
48 391
49 50
49 51
49 52
49 53
49 54
49 55
49 56
49 57
49 58
49 59
49 63
49 65
49 75
49 78
49 83
49 84
49 85
49 115
49 129
49 130
49 136
49 139
49 167
49 177
49 179
49 188
49 198
49 240
49 247
49 250
49 251
49 267
49 272
49 273
49 275
49 277
49 282
49 297
49 300
49 304
49 314
49 318
49 324
49 325
49 358
49 360
49 365
49 369
49 373
49 380
49 385
50 51
50 52
50 53
50 54
50 55
50 56
50 57
50 58
50 59
50 71
50 78
50 97
50 104
50 120
50 122
50 140
50 147
50 157
50 158
50 160
50 162
50 166
50 169
50 189
50 201
50 202
50 205
50 219
50 223
50 228
50 231
50 236
50 245
50 258
50 262
50 265
50 267
50 270
50 273
50 282
50 294
50 295
50 299
50 301
50 331
50 332
50 341
50 356
50 377
50 399
51 52
51 53
51 54
51 55
51 56
51 57
51 58
51 59
51 62
51 72
51 77
51 95
51 105
51 127
51 128
51 139
51 143
51 147
51 183
51 186
51 189
51 196
51 200
51 203
51 208
51 219
51 226
51 235
51 249
51 258
51 259
51 264
51 272
51 274
51 279
51 282
51 304
51 317
51 331
51 347
51 351
51 354
51 364
51 393
52 53
52 54
52 55
52 56
52 57
52 58
52 59
52 61
52 67
52 74
52 81
52 97
52 101
52 102
52 105
52 118
52 136
52 145
52 161
52 169
52 172
52 175
52 176
52 183
52 186
52 195
52 208
52 234
52 248
52 253
52 258
52 285
52 297
52 298
52 304
52 320
52 344
52 349
52 355
52 357
52 364
52 365
52 383
52 387
52 388
52 393
52 396
52 398
53 54
53 55
53 56
53 57
53 58
53 59
53 64
53 76
53 80
53 103
53 105
53 107
53 113
53 123
53 126
53 135
53 140
53 141
53 149
53 156
53 158
53 195
53 196
53 199
53 207
53 212
53 225
53 243
53 265
53 272
53 282
53 288
53 291
53 299
53 301
53 319
53 320
53 349
53 370
53 375
53 396
53 399
54 55
54 56
54 57
54 58
54 59
54 68
54 77
54 87
54 89
54 137
54 139
54 143
54 151
54 156
54 164
54 177
54 179
54 189
54 232
54 238
54 239
54 247
54 260
54 279
54 286
54 289
54 290
54 293
54 306
54 317
54 320
54 326
54 335
54 345
54 366
54 369
54 374
54 376
54 382
55 56
55 57
55 58
55 59
55 66
55 74
55 84
55 86
55 95
55 97
55 103
55 122
55 139
55 144
55 147
55 160
55 176
55 180
55 181
55 183
55 190
55 200
55 203
55 216
55 226
55 229
55 256
55 264
55 268
55 269
55 270
55 289
55 301
55 305
55 314
55 326
55 335
55 349
55 363
55 395
56 57
56 58
56 59
56 63
56 64
56 92
56 118
56 132
56 134
56 136
56 144
56 182
56 197
56 213
56 217
56 219
56 230
56 243
56 255
56 256
56 273
56 275
56 285
56 294
56 315
56 318
56 328
56 351
56 353
56 359
56 372
56 381
56 386
57 58
57 59
57 63
57 70
57 82
57 86
57 97
57 99
57 108
57 111
57 115
57 121
57 123
57 129
57 144
57 155
57 162
57 167
57 176
57 180
57 187
57 207
57 230
57 231
57 250
57 251
57 254
57 262
57 266
57 293
57 317
57 327
57 330
57 337
57 338
57 343
57 349
57 352
57 357
57 358
57 381
57 383
58 59
58 63
58 76
58 78
58 81
58 83
58 84
58 115
58 123
58 137
58 143
58 183
58 198
58 218
58 230
58 235
58 246
58 279
58 289
58 292
58 300
58 302
58 306
58 322
58 353
58 375
58 382
58 389
59 65
59 72
59 79
59 114
59 136
59 166
59 186
59 207
59 208
59 209
59 218
59 226
59 227
59 229
59 231
59 234
59 266
59 272
59 297
59 299
59 306
59 343
59 356
59 365
59 370
59 381
59 383
59 389
59 399
60 61
60 62
60 63
60 64
60 65
60 66
60 67
60 68
60 69
60 70
60 71
60 72
60 73
60 74
60 75
60 76
60 77
60 78
60 79
60 95
60 96
60 98
60 109
60 110
60 137
60 174
60 185
60 194
60 200
60 207
60 221
60 243
60 255
60 264
60 269
60 276
60 295
60 297
60 301
60 304
60 343
60 344
60 346
60 350
60 366
61 62
61 63
61 64
61 65
61 66
61 67
61 68
61 69
61 70
61 71
61 72
61 73
61 74
61 75
61 76
61 77
61 78
61 79
61 87
61 92
61 103
61 111
61 117
61 128
61 131
61 137
61 145
61 153
61 175
61 197
61 204
61 205
61 208
61 218
61 225
61 227
61 233
61 246
61 248
61 255
61 271
61 284
61 286
61 287
61 294
61 313
61 319
61 330
61 340
61 344
61 348
61 356
61 361
61 365
61 377
61 384
61 389
61 398
62 63
62 64
62 65
62 66
62 67
62 68
62 69
62 70
62 71
62 72
62 73
62 74
62 75
62 76
62 77
62 78
62 79
62 81
62 106
62 112
62 113
62 129
62 135
62 139
62 159
62 203
62 205
62 211
62 214
62 228
62 232
62 260
62 285
62 289
62 290
62 292
62 306
62 312
62 329
62 334
62 335
62 348
62 367
62 373
62 388
62 391
63 64
63 65
63 66
63 67
63 68
63 69
63 70
63 71
63 72
63 73
63 74
63 75
63 76
63 77
63 78
63 79
63 86
63 99
63 115
63 126
63 128
63 129
63 140
63 143
63 149
63 153
63 164
63 183
63 201
63 202
63 205
63 216
63 225
63 227
63 233
63 234
63 257
63 282
63 288
63 314
63 331
63 366
63 367
63 391
63 395
64 65
64 66
64 67
64 68
64 69
64 70
64 71
64 72
64 73
64 74
64 75
64 76
64 77
64 78
64 79
64 93
64 102
64 127
64 128
64 160
64 163
64 201
64 205
64 207
64 211
64 226
64 234
64 248
64 258
64 264
64 267
64 275
64 277
64 278
64 286
64 295
64 299
64 322
64 323
64 339
64 359
64 383
65 66
65 67
65 68
65 69
65 70
65 71
65 72
65 73
65 74
65 75
65 76
65 77
65 78
65 79
65 82
65 89
65 90
65 97
65 104
65 125
65 129
65 147
65 148
65 152
65 172
65 176
65 180
65 182
65 193
65 206
65 208
65 237
65 253
65 256
65 258
65 281
65 287
65 303
65 305
65 319
65 322
65 336
65 345
65 372
65 377
65 387
65 395
65 398
66 67
66 68
66 69
66 70
66 71
66 72
66 73
66 74
66 75
66 76
66 77
66 78
66 79
66 80
66 94
66 96
66 107
66 111
66 112
66 131
66 141
66 144
66 166
66 178
66 187
66 194
66 215
66 217
66 220
66 222
66 227
66 235
66 253
66 270
66 287
66 296
66 318
66 339
66 384
66 388
66 391
66 392
66 398
67 68
67 69
67 70
67 71
67 72
67 73
67 74
67 75
67 76
67 77
67 78
67 79
67 84
67 91
67 103
67 108
67 114
67 133
67 137
67 141
67 143
67 150
67 163
67 168
67 175
67 179
67 193
67 222
67 250
67 261
67 276
67 312
67 313
67 321
67 322
67 336
67 345
67 356
67 369
67 376
67 386
67 391
67 395
68 69
68 70
68 71
68 72
68 73
68 74
68 75
68 76
68 77
68 78
68 79
68 82
68 89
68 91
68 96
68 99
68 103
68 104
68 136
68 140
68 143
68 149
68 160
68 164
68 187
68 190
68 203
68 204
68 215
68 225
68 235
68 237
68 242
68 244
68 262
68 290
68 301
68 313
68 321
68 329
68 353
68 361
68 364
68 380
68 394
69 70
69 71
69 72
69 73
69 74
69 75
69 76
69 77
69 78
69 79
69 89
69 94
69 97
69 106
69 117
69 124
69 162
69 177
69 188
69 213
69 214
69 230
69 258
69 259
69 265
69 276
69 282
69 285
69 291
69 309
69 310
69 322
69 323
69 324
69 327
69 331
69 340
69 344
69 346
69 366
69 370
69 380
69 385
69 398
70 71
70 72
70 73
70 74
70 75
70 76
70 77
70 78
70 79
70 82
70 101
70 103
70 109
70 129
70 131
70 143
70 144
70 156
70 170
70 177
70 183
70 186
70 188
70 192
70 224
70 239
70 254
70 257
70 272
70 273
70 278
70 288
70 297
70 300
70 342
70 343
70 371
70 378
70 383
70 388
70 397
71 72
71 73
71 74
71 75
71 76
71 77
71 78
71 79
71 82
71 89
71 93
71 111
71 114
71 118
71 119
71 123
71 140
71 145
71 148
71 150
71 152
71 161
71 168
71 169
71 189
71 190
71 197
71 199
71 245
71 246
71 256
71 285
71 292
71 299
71 311
71 316
71 318
71 320
71 328
71 339
71 354
71 356
71 378
71 395
71 397
72 73
72 74
72 75
72 76
72 77
72 78
72 79
72 82
72 89
72 90
72 95
72 103
72 123
72 145
72 156
72 185
72 201
72 212
72 223
72 236
72 239
72 242
72 245
72 259
72 261
72 273
72 281
72 307
72 319
72 325
72 334
72 340
72 343
72 346
72 368
72 373
72 390
73 74
73 75
73 76
73 77
73 78
73 79
73 98
73 113
73 118
73 128
73 146
73 171
73 199
73 202
73 236
73 261
73 264
73 281
73 287
73 296
73 300
73 306
73 328
73 331
73 363
73 380
73 381
73 389
73 393
74 75
74 76
74 77
74 78
74 79
74 80
74 81
74 83
74 97
74 102
74 119
74 125
74 136
74 137
74 145
74 159
74 182
74 191
74 194
74 197
74 208
74 229
74 236
74 250
74 261
74 285
74 296
74 298
74 301
74 304
74 308
74 310
74 312
74 327
74 336
74 346
74 367
74 368
74 372
74 386
74 394
74 399
75 76
75 77
75 78
75 79
75 93
75 96
75 110
75 114
75 120
75 134
75 135
75 137
75 141
75 159
75 170
75 178
75 186
75 191
75 193
75 201
75 211
75 216
75 219
75 259
75 274
75 283
75 297
75 312
75 316
75 321
75 327
75 345
75 364
75 367
75 374
75 381
76 77
76 78
76 79
76 83
76 90
76 95
76 115
76 122
76 138
76 140
76 147
76 169
76 172
76 173
76 176
76 177
76 181
76 194
76 195
76 205
76 209
76 225
76 227
76 229
76 255
76 260
76 263
76 281
76 293
76 297
76 299
76 316
76 318
76 336
76 339
76 345
76 354
76 381
77 78
77 79
77 99
77 115
77 128
77 135
77 137
77 148
77 158
77 161
77 164
77 165
77 174
77 175
77 177
77 187
77 196
77 203
77 224
77 229
77 233
77 235
77 245
77 259
77 275
77 294
77 310
77 311
77 325
77 327
77 334
77 336
77 342
77 381
77 397
78 79
78 98
78 117
78 141
78 187
78 197
78 199
78 203
78 220
78 225
78 228
78 252
78 280
78 301
78 327
78 357
78 360
78 368
78 372
78 377
78 398
79 129
79 134
79 151
79 154
79 162
79 167
79 187
79 197
79 210
79 224
79 234
79 242
79 256
79 257
79 272
79 277
79 299
79 311
79 324
79 328
79 334
79 337
79 343
79 344
79 349
79 360
79 362
79 363
79 378
79 396
80 81
80 82
80 83
80 84
80 85
80 86
80 87
80 88
80 89
80 90
80 91
80 92
80 93
80 94
80 95
80 96
80 97
80 98
80 99
80 104
80 105
80 117
80 143
80 173
80 176
80 204
80 220
80 230
80 255
80 259
80 267
80 276
80 280
80 283
80 287
80 312
80 315
80 328
80 331
80 343
80 350
80 355
80 356
80 378
80 381
80 387
81 82
81 83
81 84
81 85
81 86
81 87
81 88
81 89
81 90
81 91
81 92
81 93
81 94
81 95
81 96
81 97
81 98
81 99
81 103
81 110
81 121
81 123
81 125
81 131
81 139
81 145
81 160
81 167
81 173
81 216
81 240
81 241
81 247
81 249
81 250
81 271
81 274
81 288
81 308
81 319
81 320
81 322
81 328
81 336
81 343
81 348
81 358
81 383
81 389
81 393
82 83
82 84
82 85
82 86
82 87
82 88
82 89
82 90
82 91
82 92
82 93
82 94
82 95
82 96
82 97
82 98
82 99
82 118
82 125
82 143
82 149
82 158
82 159
82 173
82 192
82 204
82 208
82 213
82 214
82 226
82 245
82 256
82 267
82 279
82 289
82 296
82 305
82 306
82 335
82 338
82 340
82 345
82 347
82 349
82 350
82 357
82 368
82 369
82 379
82 382
82 383
82 385
82 390
82 391
82 396
82 398
83 84
83 85
83 86
83 87
83 88
83 89
83 90
83 91
83 92
83 93
83 94
83 95
83 96
83 97
83 98
83 99
83 111
83 124
83 125
83 128
83 131
83 136
83 143
83 144
83 150
83 170
83 172
83 193
83 196
83 222
83 225
83 239
83 256
83 282
83 291
83 299
83 304
83 321
83 330
83 341
83 346
83 347
83 362
83 365
83 383
84 85
84 86
84 87
84 88
84 89
84 90
84 91
84 92
84 93
84 94
84 95
84 96
84 97
84 98
84 99
84 101
84 107
84 125
84 128
84 133
84 147
84 151
84 158
84 167
84 170
84 199
84 228
84 238
84 239
84 247
84 275
84 276
84 303
84 332
84 362
84 363
84 365
84 381
84 399
85 86
85 87
85 88
85 89
85 90
85 91
85 92
85 93
85 94
85 95
85 96
85 97
85 98
85 99
85 103
85 132
85 136
85 137
85 149
85 151
85 164
85 173
85 197
85 211
85 225
85 237
85 261
85 267
85 289
85 323
85 340
85 353
85 386
85 399
86 87
86 88
86 89
86 90
86 91
86 92
86 93
86 94
86 95
86 96
86 97
86 98
86 99
86 102
86 103
86 113
86 114
86 129
86 137
86 143
86 144
86 149
86 150
86 156
86 165
86 173
86 188
86 194
86 195
86 213
86 214
86 216
86 218
86 227
86 233
86 244
86 246
86 260
86 268
86 270
86 271
86 277
86 288
86 314
86 317
86 321
86 335
86 364
86 365
86 373
86 391
87 88
87 89
87 90
87 91
87 92
87 93
87 94
87 95
87 96
87 97
87 98
87 99
87 110
87 115
87 120
87 121
87 127
87 142
87 152
87 158
87 197
87 202
87 216
87 221
87 222
87 225
87 237
87 240
87 243
87 251
87 262
87 274
87 287
87 294
87 308
87 310
87 313
87 317
87 333
87 336
87 339
87 352
87 368
87 370
87 373
87 391
87 397
87 398
88 89
88 90
88 91
88 92
88 93
88 94
88 95
88 96
88 97
88 98
88 99
88 107
88 120
88 121
88 123
88 125
88 139
88 148
88 149
88 154
88 161
88 163
88 166
88 179
88 186
88 192
88 222
88 243
88 256
88 257
88 274
88 292
88 299
88 303
88 310
88 327
88 331
88 352
88 359
88 388
88 390
88 394
88 399
89 90
89 91
89 92
89 93
89 94
89 95
89 96
89 97
89 98
89 99
89 111
89 117
89 120
89 124
89 134
89 150
89 180
89 191
89 195
89 210
89 219
89 227
89 233
89 244
89 246
89 251
89 265
89 305
89 328
89 338
89 342
89 362
89 386
89 388
89 389
89 390
89 394
90 91
90 92
90 93
90 94
90 95
90 96
90 97
90 98
90 99
90 104
90 109
90 132
90 134
90 142
90 168
90 180
90 201
90 225
90 234
90 237
90 241
90 256
90 257
90 267
90 281
90 301
90 307
90 316
90 326
90 336
90 345
90 350
90 352
90 366
90 368
90 391
91 92
91 93
91 94
91 95
91 96
91 97
91 98
91 99
91 100
91 108
91 118
91 124
91 128
91 144
91 152
91 161
91 173
91 176
91 183
91 211
91 217
91 218
91 249
91 259
91 263
91 311
91 331
91 332
91 333
91 336
91 342
91 345
91 346
91 360
91 380
91 393
92 93
92 94
92 95
92 96
92 97
92 98
92 99
92 104
92 115
92 123
92 129
92 132
92 141
92 143
92 145
92 146
92 147
92 153
92 167
92 168
92 174
92 177
92 181
92 193
92 211
92 237
92 240
92 244
92 248
92 254
92 258
92 274
92 276
92 278
92 279
92 284
92 304
92 342
92 363
92 385
92 393
92 394
93 94
93 95
93 96
93 97
93 98
93 99
93 100
93 101
93 121
93 134
93 150
93 156
93 157
93 160
93 161
93 179
93 188
93 206
93 215
93 228
93 236
93 247
93 314
93 319
93 329
93 334
93 346
93 359
93 363
93 374
93 376
93 385
93 386
93 389
94 95
94 96
94 97
94 98
94 99
94 100
94 105
94 112
94 126
94 140
94 145
94 155
94 160
94 175
94 183
94 216
94 218
94 226
94 229
94 230
94 234
94 240
94 244
94 259
94 272
94 275
94 280
94 299
94 319
94 330
94 355
94 364
94 375
94 382
94 387
94 388
94 396
95 96
95 97
95 98
95 99
95 104
95 108
95 109
95 117
95 129
95 131
95 148
95 170
95 173
95 184
95 190
95 199
95 221
95 228
95 240
95 244
95 256
95 280
95 286
95 295
95 299
95 303
95 307
95 318
95 324
95 331
95 360
95 362
95 382
95 383
96 97
96 98
96 99
96 102
96 109
96 114
96 116
96 120
96 147
96 157
96 171
96 173
96 186
96 197
96 201
96 203
96 204
96 205
96 208
96 239
96 241
96 247
96 256
96 262
96 264
96 265
96 267
96 285
96 292
96 304
96 308
96 335
96 365
96 374
96 386
96 395
97 98
97 99
97 121
97 126
97 131
97 138
97 173
97 175
97 176
97 185
97 193
97 201
97 206
97 217
97 260
97 276
97 287
97 308
97 312
97 330
97 341
97 387
97 398
97 399
98 99
98 115
98 130
98 146
98 168
98 171
98 180
98 192
98 200
98 207
98 219
98 227
98 230
98 233
98 239
98 253
98 282
98 292
98 306
98 313
98 325
98 344
98 347
98 363
98 364
98 368
98 386
99 102
99 103
99 104
99 111
99 116
99 122
99 129
99 133
99 145
99 147
99 153
99 162
99 166
99 176
99 209
99 218
99 231
99 236
99 238
99 258
99 271
99 278
99 307
99 309
99 313
99 320
99 322
99 329
99 338
99 341
99 355
99 357
99 369
99 387
99 391
100 101
100 102
100 103
100 104
100 105
100 106
100 107
100 108
100 109
100 110
100 111
100 112
100 113
100 114
100 115
100 116
100 117
100 118
100 119
100 120
100 130
100 140
100 144
100 167
100 171
100 194
100 222
100 232
100 233
100 243
100 258
100 267
100 278
100 284
100 292
100 293
100 309
100 344
100 380
100 384
101 102
101 103
101 104
101 105
101 106
101 107
101 108
101 109
101 110
101 111
101 112
101 113
101 114
101 115
101 116
101 117
101 118
101 119
101 174
101 197
101 229
101 234
101 258
101 262
101 264
101 267
101 269
101 291
101 294
101 295
101 325
101 332
101 336
101 343
101 362
101 372
101 373
101 387
101 390
102 103
102 104
102 105
102 106
102 107
102 108
102 109
102 110
102 111
102 112
102 113
102 114
102 115
102 116
102 117
102 118
102 119
102 121
102 124
102 140
102 154
102 161
102 184
102 186
102 200
102 208
102 209
102 232
102 234
102 244
102 246
102 305
102 316
102 327
102 332
102 343
102 358
102 370
102 377
102 380
102 387
102 388
103 104
103 105
103 106
103 107
103 108
103 109
103 110
103 111
103 112
103 113
103 114
103 115
103 116
103 117
103 118
103 119
103 123
103 124
103 125
103 131
103 138
103 139
103 145
103 164
103 165
103 171
103 177
103 178
103 194
103 228
103 240
103 246
103 263
103 284
103 299
103 305
103 309
103 314
103 317
103 318
103 322
103 330
103 332
103 335
103 339
103 341
103 344
103 350
103 361
103 368
103 371
103 388
103 398
104 105
104 106
104 107
104 108
104 109
104 110
104 111
104 112
104 113
104 114
104 115
104 116
104 117
104 118
104 119
104 160
104 169
104 170
104 172
104 175
104 183
104 224
104 239
104 279
104 280
104 286
104 338
104 357
104 359
104 369
104 377
104 387
104 390
105 106
105 107
105 108
105 109
105 110
105 111
105 112
105 113
105 114
105 115
105 116
105 117
105 118
105 119
105 131
105 144
105 152
105 166
105 169
105 174
105 178
105 183
105 194
105 205
105 260
105 295
105 309
105 322
105 342
105 349
105 355
105 361
105 372
105 375
105 379
105 387
105 390
105 391
105 397
106 107
106 108
106 109
106 110
106 111
106 112
106 113
106 114
106 115
106 116
106 117
106 118
106 119
106 129
106 147
106 153
106 159
106 171
106 178
106 188
106 200
106 212
106 221
106 222
106 224
106 234
106 236
106 243
106 251
106 270
106 283
106 289
106 301
106 304
106 308
106 325
106 328
106 331
106 332
106 334
106 343
106 352
106 363
106 369
106 379
106 382
106 384
106 394
107 108
107 109
107 110
107 111
107 112
107 113
107 114
107 115
107 116
107 117
107 118
107 119
107 137
107 138
107 145
107 164
107 166
107 179
107 190
107 230
107 240
107 243
107 245
107 250
107 258
107 263
107 264
107 286
107 290
107 294
107 298
107 333
107 338
107 361
107 369
107 374
107 382
107 399
108 109
108 110
108 111
108 112
108 113
108 114
108 115
108 116
108 117
108 118
108 119
108 132
108 140
108 143
108 160
108 165
108 170
108 172
108 175
108 177
108 182
108 184
108 188
108 193
108 202
108 213
108 231
108 235
108 239
108 244
108 266
108 267
108 273
108 288
108 289
108 295
108 298
108 299
108 328
108 366
108 373
108 381
108 390
109 110
109 111
109 112
109 113
109 114
109 115
109 116
109 117
109 118
109 119
109 120
109 156
109 195
109 216
109 235
109 238
109 278
109 279
109 289
109 295
109 314
109 320
109 344
109 365
109 370
109 375
109 378
109 385
110 111
110 112
110 113
110 114
110 115
110 116
110 117
110 118
110 119
110 137
110 140
110 147
110 156
110 162
110 167
110 170
110 175
110 191
110 195
110 196
110 199
110 201
110 202
110 221
110 222
110 236
110 262
110 269
110 281
110 283
110 289
110 310
110 316
110 322
110 323
110 339
110 341
110 354
110 355
110 376
110 379
110 393
111 112
111 113
111 114
111 115
111 116
111 117
111 118
111 119
111 123
111 134
111 138
111 142
111 145
111 148
111 149
111 154
111 169
111 183
111 192
111 205
111 211
111 212
111 220
111 262
111 264
111 276
111 278
111 287
111 310
111 320
111 337
111 355
111 361
111 363
111 367
111 373
111 377
111 388
111 399
112 113
112 114
112 115
112 116
112 117
112 118
112 119
112 139
112 157
112 165
112 174
112 189
112 191
112 206
112 212
112 216
112 231
112 238
112 251
112 252
112 254
112 268
112 281
112 322
112 343
112 344
112 354
112 367
112 369
112 375
112 383
113 114
113 115
113 116
113 117
113 118
113 119
113 133
113 136
113 180
113 185
113 189
113 196
113 199
113 203
113 210
113 215
113 221
113 227
113 228
113 236
113 266
113 272
113 275
113 282
113 288
113 296
113 301
113 309
113 318
113 348
113 356
113 359
113 366
113 385
113 392
114 115
114 116
114 117
114 118
114 119
114 142
114 145
114 147
114 149
114 151
114 161
114 168
114 174
114 187
114 213
114 219
114 223
114 233
114 235
114 240
114 271
114 278
114 288
114 295
114 298
114 312
114 317
114 357
114 359
114 380
114 391
115 116
115 117
115 118
115 119
115 120
115 130
115 136
115 164
115 167
115 170
115 188
115 194
115 197
115 198
115 222
115 232
115 235
115 240
115 263
115 271
115 277
115 292
115 302
115 311
115 314
115 316
115 326
115 334
115 335
115 351
115 358
115 393
115 395
116 117
116 118
116 119
116 121
116 128
116 171
116 173
116 177
116 198
116 215
116 216
116 225
116 226
116 239
116 262
116 281
116 282
116 286
116 287
116 293
116 303
116 309
116 313
116 324
116 331
116 336
116 337
116 341
116 348
116 349
116 350
116 352
116 356
116 358
116 359
116 360
116 374
116 378
117 118
117 119
117 123
117 124
117 143
117 146
117 149
117 154
117 156
117 157
117 164
117 188
117 194
117 205
117 234
117 238
117 253
117 275
117 291
117 295
117 298
117 304
117 321
117 333
117 350
117 378
117 389
118 119
118 122
118 140
118 167
118 178
118 192
118 208
118 216
118 220
118 230
118 233
118 248
118 256
118 266
118 282
118 287
118 296
118 318
118 334
118 339
118 348
118 349
118 364
118 370
119 121
119 152
119 155
119 185
119 188
119 190
119 194
119 195
119 212
119 218
119 224
119 262
119 266
119 267
119 271
119 274
119 292
119 303
119 309
119 321
119 348
119 355
119 360
119 361
119 363
119 372
119 384
119 389
119 392
128 129
128 130
128 131
128 132
128 133
128 134
128 135
128 136
128 137
128 138
128 139
128 120
128 121
128 122
128 123
128 124
128 125
128 126
128 127
128 144
128 146
128 153
128 158
128 160
128 167
128 176
128 190
128 230
128 235
128 237
128 244
128 252
128 258
128 274
128 277
128 281
128 288
128 291
128 311
128 328
128 348
128 354
128 355
128 366
128 371
128 373
129 130
129 131
129 132
129 133
129 134
129 135
129 136
129 137
129 138
129 139
129 120
129 121
129 122
129 123
129 124
129 125
129 126
129 127
129 147
129 150
129 180
129 207
129 214
129 220
129 221
129 223
129 232
129 235
129 242
129 246
129 249
129 251
129 253
129 263
129 266
129 272
129 280
129 285
129 309
129 318
129 320
129 338
129 342
129 352
129 359
129 382
129 395
129 398
130 131
130 132
130 133
130 134
130 135
130 136
130 137
130 138
130 139
130 120
130 121
130 122
130 123
130 124
130 125
130 126
130 127
130 157
130 170
130 187
130 194
130 218
130 222
130 223
130 245
130 250
130 251
130 276
130 280
130 281
130 311
130 312
130 317
130 322
130 337
130 345
130 348
130 356
130 369
130 372
130 378
130 379
130 382
130 391
131 132
131 133
131 134
131 135
131 136
131 137
131 138
131 139
131 120
131 121
131 122
131 123
131 124
131 125
131 126
131 127
131 164
131 165
131 166
131 167
131 171
131 198
131 211
131 219
131 234
131 241
131 251
131 254
131 259
131 263
131 264
131 278
131 279
131 282
131 283
131 297
131 308
131 328
131 344
131 348
131 354
131 383
131 395
131 397
132 133
132 134
132 135
132 136
132 137
132 138
132 139
132 120
132 121
132 122
132 123
132 124
132 125
132 126
132 127
132 146
132 176
132 185
132 189
132 207
132 214
132 229
132 251
132 253
132 259
132 288
132 296
132 317
132 323
132 350
132 352
132 362
132 371
132 372
132 392
133 134
133 135
133 136
133 137
133 138
133 139
133 120
133 121
133 122
133 123
133 124
133 125
133 126
133 127
133 159
133 171
133 190
133 241
133 242
133 254
133 258
133 267
133 276
133 293
133 298
133 302
133 312
133 318
133 341
133 346
133 364
133 371
133 380
133 381
133 383
133 386
133 389
133 394
134 135
134 136
134 137
134 138
134 139
134 120
134 121
134 122
134 123
134 124
134 125
134 126
134 127
134 153
134 158
134 162
134 180
134 188
134 197
134 212
134 216
134 219
134 222
134 224
134 233
134 240
134 248
134 256
134 274
134 276
134 284
134 328
134 352
134 355
134 361
134 365
134 366
134 373
134 380
134 388
134 390
135 136
135 137
135 138
135 139
135 120
135 121
135 122
135 123
135 124
135 125
135 126
135 127
135 148
135 169
135 178
135 182
135 189
135 197
135 208
135 217
135 221
135 226
135 229
135 254
135 286
135 293
135 297
135 307
135 314
135 328
135 334
135 335
135 347
135 356
135 367
135 375
135 379
135 384
135 388
135 396
136 137
136 138
136 139
136 120
136 121
136 122
136 123
136 124
136 125
136 126
136 127
136 155
136 161
136 166
136 170
136 176
136 179
136 183
136 197
136 201
136 222
136 231
136 264
136 303
136 304
136 305
136 306
136 309
136 330
136 337
136 369
136 373
136 380
136 385
136 388
136 392
136 394
137 138
137 139
137 120
137 121
137 122
137 123
137 124
137 125
137 126
137 127
137 154
137 178
137 211
137 212
137 221
137 226
137 239
137 245
137 264
137 282
137 297
137 312
137 330
137 344
137 347
137 353
137 354
137 360
137 365
137 398
138 139
138 120
138 121
138 122
138 123
138 124
138 125
138 126
138 127
138 142
138 163
138 172
138 175
138 180
138 181
138 183
138 201
138 203
138 207
138 237
138 243
138 245
138 266
138 275
138 296
138 304
138 316
138 325
138 346
138 360
138 368
138 370
138 375
138 378
138 396
139 120
139 121
139 122
139 123
139 124
139 125
139 126
139 127
139 145
139 149
139 162
139 163
139 167
139 197
139 209
139 241
139 245
139 247
139 248
139 265
139 269
139 273
139 291
139 292
139 306
139 319
139 324
139 325
139 351
139 352
139 356
139 362
139 365
139 380
139 392
120 121
120 122
120 123
120 124
120 125
120 126
120 127
120 141
120 151
120 155
120 166
120 177
120 188
120 201
120 205
120 212
120 216
120 245
120 256
120 331
120 333
120 340
120 353
120 362
120 371
120 387
120 396
121 122
121 123
121 124
121 125
121 126
121 127
121 145
121 171
121 173
121 174
121 175
121 177
121 183
121 188
121 199
121 206
121 209
121 222
121 261
121 264
121 279
121 284
121 286
121 289
121 296
121 301
121 302
121 306
121 307
121 313
121 320
121 355
121 361
121 363
121 364
121 383
121 393
121 398
122 123
122 124
122 125
122 126
122 127
122 227
122 239
122 246
122 255
122 261
122 267
122 268
122 286
122 287
122 298
122 327
122 336
122 341
122 345
122 352
122 358
122 385
122 388
123 124
123 125
123 126
123 127
123 192
123 193
123 202
123 222
123 240
123 242
123 243
123 245
123 272
123 304
123 306
123 332
123 338
123 342
123 345
123 347
123 366
123 368
123 377
123 381
124 125
124 126
124 127
124 168
124 170
124 183
124 220
124 234
124 237
124 244
124 248
124 263
124 282
124 285
124 295
124 302
124 306
124 309
124 316
124 326
124 334
124 336
124 340
124 343
124 362
124 365
124 374
124 382
124 394
125 126
125 127
125 143
125 149
125 150
125 155
125 177
125 185
125 189
125 192
125 193
125 204
125 205
125 218
125 227
125 236
125 237
125 259
125 261
125 282
125 285
125 289
125 321
125 326
125 328
125 358
125 384
126 127
126 140
126 156
126 158
126 185
126 200
126 222
126 243
126 254
126 266
126 270
126 277
126 295
126 303
126 305
126 306
126 318
126 331
126 333
126 347
126 356
126 361
126 367
126 375
126 393
126 398
127 157
127 159
127 163
127 179
127 190
127 192
127 202
127 206
127 209
127 214
127 226
127 232
127 270
127 292
127 307
127 312
127 324
127 326
127 331
127 336
127 340
127 347
127 363
127 370
127 375
127 377
127 380
127 385
140 141
140 142
140 143
140 144
140 145
140 146
140 147
140 148
140 149
140 150
140 151
140 152
140 153
140 154
140 155
140 156
140 157
140 158
140 159
140 162
140 169
140 196
140 199
140 209
140 227
140 229
140 236
140 242
140 243
140 263
140 265
140 267
140 269
140 282
140 289
140 303
140 306
140 316
140 333
140 343
140 348
140 355
140 361
140 373
140 376
141 142
141 143
141 144
141 145
141 146
141 147
141 148
141 149
141 150
141 151
141 152
141 153
141 154
141 155
141 156
141 157
141 158
141 159
141 164
141 169
141 176
141 195
141 228
141 231
141 256
141 263
141 268
141 285
141 291
141 292
141 305
141 306
141 326
141 335
141 352
141 390
142 143
142 144
142 145
142 146
142 147
142 148
142 149
142 150
142 151
142 152
142 153
142 154
142 155
142 156
142 157
142 158
142 159
142 162
142 178
142 182
142 190
142 192
142 197
142 204
142 207
142 227
142 228
142 237
142 245
142 269
142 301
142 312
142 321
142 322
142 323
142 342
142 346
142 393
142 394
142 399
143 144
143 145
143 146
143 147
143 148
143 149
143 150
143 151
143 152
143 153
143 154
143 155
143 156
143 157
143 158
143 159
143 162
143 168
143 192
143 200
143 215
143 216
143 222
143 234
143 247
143 256
143 263
143 284
143 286
143 320
143 325
143 337
143 340
143 347
143 358
143 386
143 396
144 145
144 146
144 147
144 148
144 149
144 150
144 151
144 152
144 153
144 154
144 155
144 156
144 157
144 158
144 159
144 161
144 174
144 182
144 184
144 186
144 187
144 211
144 212
144 216
144 235
144 241
144 253
144 276
144 277
144 291
144 292
144 309
144 324
144 325
144 336
144 353
144 366
144 373
144 377
144 383
145 146
145 147
145 148
145 149
145 150
145 151
145 152
145 153
145 154
145 155
145 156
145 157
145 158
145 159
145 162
145 181
145 188
145 189
145 210
145 223
145 233
145 236
145 239
145 241
145 246
145 247
145 255
145 260
145 290
145 297
145 305
145 307
145 318
145 324
145 338
145 348
145 359
145 361
145 363
145 380
146 147
146 148
146 149
146 150
146 151
146 152
146 153
146 154
146 155
146 156
146 157
146 158
146 159
146 173
146 176
146 183
146 196
146 200
146 207
146 208
146 212
146 226
146 228
146 242
146 249
146 252
146 255
146 272
146 279
146 283
146 295
146 296
146 299
146 302
146 340
146 351
146 360
146 386
146 388
146 390
146 393
147 148
147 149
147 150
147 151
147 152
147 153
147 154
147 155
147 156
147 157
147 158
147 159
147 188
147 197
147 205
147 229
147 235
147 249
147 255
147 263
147 269
147 280
147 290
147 291
147 333
147 334
147 342
147 369
148 149
148 150
148 151
148 152
148 153
148 154
148 155
148 156
148 157
148 158
148 159
148 189
148 192
148 201
148 215
148 218
148 220
148 237
148 242
148 249
148 260
148 266
148 270
148 275
148 290
148 319
148 324
148 347
148 353
148 355
148 356
148 375
148 389
148 393
149 150
149 151
149 152
149 153
149 154
149 155
149 156
149 157
149 158
149 159
149 163
149 167
149 182
149 208
149 234
149 243
149 260
149 275
149 294
149 316
149 330
149 340
149 341
149 351
149 352
149 354
149 378
149 381
149 387
150 151
150 152
150 153
150 154
150 155
150 156
150 157
150 158
150 159
150 178
150 198
150 201
150 206
150 215
150 216
150 224
150 244
150 247
150 253
150 285
150 286
150 307
150 309
150 316
150 322
150 327
150 349
150 355
150 356
150 364
150 398
151 152
151 153
151 154
151 155
151 156
151 157
151 158
151 159
151 167
151 174
151 190
151 191
151 192
151 196
151 212
151 220
151 228
151 231
151 232
151 239
151 256
151 269
151 285
151 297
151 299
151 304
151 311
151 328
151 341
151 365
151 367
151 375
151 377
151 395
152 153
152 154
152 155
152 156
152 157
152 158
152 159
152 162
152 173
152 189
152 190
152 205
152 206
152 209
152 226
152 260
152 263
152 268
152 273
152 286
152 290
152 306
152 339
152 345
152 352
152 353
152 355
152 363
152 364
152 388
153 154
153 155
153 156
153 157
153 158
153 159
153 190
153 202
153 214
153 215
153 226
153 230
153 240
153 259
153 272
153 283
153 309
153 321
153 353
153 367
153 377
153 378
154 155
154 156
154 157
154 158
154 159
154 171
154 194
154 199
154 212
154 219
154 229
154 248
154 250
154 252
154 255
154 263
154 269
154 279
154 286
154 334
154 339
154 343
154 344
154 345
154 388
154 390
154 396
154 399
155 156
155 157
155 158
155 159
155 176
155 182
155 192
155 194
155 197
155 200
155 203
155 238
155 246
155 256
155 265
155 288
155 296
155 314
155 323
155 341
155 352
155 354
155 359
155 360
155 374
155 381
155 398
156 157
156 158
156 159
156 185
156 186
156 192
156 199
156 205
156 207
156 228
156 251
156 260
156 263
156 266
156 267
156 271
156 291
156 299
156 304
156 307
156 308
156 327
156 330
156 332
156 337
156 350
156 359
156 362
156 375
156 377
156 380
156 393
156 395
157 158
157 159
157 161
157 175
157 177
157 179
157 184
157 204
157 216
157 236
157 241
157 245
157 253
157 254
157 258
157 263
157 265
157 266
157 286
157 287
157 323
157 332
157 360
157 364
157 392
158 159
158 176
158 205
158 213
158 221
158 230
158 235
158 251
158 253
158 259
158 286
158 287
158 305
158 339
158 351
158 352
158 357
158 358
159 167
159 168
159 172
159 176
159 181
159 186
159 189
159 197
159 209
159 227
159 242
159 256
159 300
159 312
159 317
159 331
159 334
159 344
159 359
159 362
159 370
159 371
159 378
159 391
159 396
160 161
160 162
160 163
160 164
160 165
160 166
160 167
160 168
160 169
160 170
160 171
160 172
160 173
160 174
160 175
160 176
160 177
160 178
160 179
160 186
160 193
160 196
160 197
160 202
160 204
160 206
160 211
160 222
160 230
160 231
160 256
160 268
160 286
160 288
160 302
160 313
160 354
160 381
160 389
160 396
160 397
161 162
161 163
161 164
161 165
161 166
161 167
161 168
161 169
161 170
161 171
161 172
161 173
161 174
161 175
161 176
161 177
161 178
161 179
161 186
161 203
161 205
161 209
161 217
161 223
161 237
161 240
161 271
161 289
161 294
161 307
161 315
161 340
161 341
161 342
161 343
161 344
161 353
161 392
162 163
162 164
162 165
162 166
162 167
162 168
162 169
162 170
162 171
162 172
162 173
162 174
162 175
162 176
162 177
162 178
162 179
162 186
162 188
162 194
162 209
162 230
162 242
162 249
162 252
162 266
162 289
162 301
162 310
162 315
162 322
162 328
162 329
162 342
162 343
162 347
162 377
162 383
162 390
162 397
163 164
163 165
163 166
163 167
163 168
163 169
163 170
163 171
163 172
163 173
163 174
163 175
163 176
163 177
163 178
163 179
163 184
163 212
163 224
163 232
163 237
163 241
163 253
163 263
163 286
163 301
163 302
163 306
163 341
163 351
163 380
163 383
163 392
164 165
164 166
164 167
164 168
164 169
164 170
164 171
164 172
164 173
164 174
164 175
164 176
164 177
164 178
164 179
164 190
164 197
164 204
164 205
164 210
164 211
164 222
164 223
164 264
164 276
164 287
164 297
164 303
164 320
164 327
164 342
164 346
164 349
164 350
164 355
164 358
164 371
164 373
164 391
165 166
165 167
165 168
165 169
165 170
165 171
165 172
165 173
165 174
165 175
165 176
165 177
165 178
165 179
165 186
165 197
165 198
165 215
165 221
165 231
165 232
165 248
165 260
165 261
165 266
165 281
165 290
165 292
165 297
165 304
165 341
165 346
165 349
165 354
165 359
165 366
165 393
165 394
166 167
166 168
166 169
166 170
166 171
166 172
166 173
166 174
166 175
166 176
166 177
166 178
166 179
166 185
166 187
166 197
166 198
166 209
166 212
166 226
166 229
166 253
166 310
166 317
166 319
166 322
166 324
166 326
166 340
166 344
166 345
166 346
166 357
166 374
166 380
166 382
166 383
166 391
167 168
167 169
167 170
167 171
167 172
167 173
167 174
167 175
167 176
167 177
167 178
167 179
167 201
167 203
167 206
167 220
167 236
167 239
167 242
167 244
167 252
167 255
167 257
167 268
167 290
167 307
167 308
167 309
167 325
167 327
167 335
167 373
167 390
167 397
168 169
168 170
168 171
168 172
168 173
168 174
168 175
168 176
168 177
168 178
168 179
168 190
168 194
168 207
168 208
168 220
168 232
168 233
168 236
168 245
168 271
168 282
168 290
168 301
168 306
168 328
168 336
168 341
168 346
168 352
168 356
168 361
168 362
168 363
168 369
168 372
168 376
168 383
168 389
168 399
169 170
169 171
169 172
169 173
169 174
169 175
169 176
169 177
169 178
169 179
169 181
169 182
169 186
169 193
169 216
169 222
169 223
169 227
169 233
169 234
169 239
169 240
169 251
169 254
169 259
169 261
169 285
169 288
169 289
169 357
169 359
169 364
169 366
169 367
169 368
169 374
169 382
169 383
169 390
170 171
170 172
170 173
170 174
170 175
170 176
170 177
170 178
170 179
170 180
170 183
170 199
170 216
170 227
170 229
170 230
170 236
170 251
170 267
170 277
170 283
170 288
170 289
170 293
170 295
170 305
170 307
170 309
170 317
170 330
170 332
170 338
170 341
170 363
170 375
170 377
170 397
171 172
171 173
171 174
171 175
171 176
171 177
171 178
171 179
171 180
171 182
171 194
171 195
171 203
171 210
171 212
171 228
171 232
171 240
171 248
171 256
171 264
171 269
171 270
171 300
171 321
171 324
171 338
171 359
171 370
171 371
171 372
171 380
171 393
171 398
172 173
172 174
172 175
172 176
172 177
172 178
172 179
172 184
172 185
172 190
172 194
172 196
172 200
172 212
172 223
172 229
172 244
172 246
172 252
172 258
172 301
172 304
172 309
172 311
172 312
172 313
172 316
172 322
172 325
172 328
172 336
172 337
172 355
172 372
172 374
172 383
172 395
173 174
173 175
173 176
173 177
173 178
173 179
173 197
173 212
173 215
173 238
173 259
173 262
173 267
173 306
173 308
173 322
173 323
173 335
173 337
173 340
173 345
173 369
173 371
173 379
173 382
173 389
173 395
173 396
173 397
174 175
174 176
174 177
174 178
174 179
174 181
174 190
174 197
174 210
174 211
174 213
174 222
174 228
174 236
174 247
174 250
174 255
174 264
174 267
174 279
174 303
174 304
174 314
174 318
174 343
174 349
174 361
174 372
174 373
174 377
174 393
175 176
175 177
175 178
175 179
175 190
175 195
175 196
175 214
175 222
175 225
175 236
175 237
175 239
175 241
175 254
175 263
175 270
175 279
175 281
175 288
175 294
175 296
175 311
175 313
175 326
175 352
175 366
175 378
175 380
175 384
175 386
175 397
176 177
176 178
176 179
176 203
176 245
176 253
176 274
176 276
176 281
176 289
176 290
176 299
176 312
176 313
176 317
176 323
176 324
176 327
176 335
176 340
176 342
176 349
176 355
176 357
176 358
176 366
176 372
176 378
176 397
177 178
177 179
177 215
177 216
177 220
177 222
177 229
177 230
177 237
177 240
177 252
177 268
177 269
177 282
177 285
177 289
177 292
177 309
177 316
177 370
177 376
177 391
177 397
178 179
178 188
178 222
178 256
178 271
178 291
178 300
178 302
178 313
178 330
178 348
178 354
178 367
178 385
178 394
179 184
179 192
179 203
179 205
179 208
179 213
179 214
179 223
179 236
179 237
179 238
179 239
179 249
179 258
179 260
179 264
179 268
179 271
179 277
179 280
179 282
179 290
179 293
179 296
179 319
179 329
179 338
179 354
179 360
179 363
179 375
179 381
180 181
180 182
180 183
180 184
180 185
180 186
180 187
180 188
180 189
180 190
180 191
180 192
180 193
180 194
180 195
180 196
180 197
180 198
180 199
180 208
180 218
180 226
180 248
180 251
180 256
180 289
180 291
180 330
180 339
180 347
180 355
180 358
180 359
180 362
180 389
180 392
180 395
180 399
181 182
181 183
181 184
181 185
181 186
181 187
181 188
181 189
181 190
181 191
181 192
181 193
181 194
181 195
181 196
181 197
181 198
181 199
181 204
181 214
181 216
181 219
181 220
181 224
181 260
181 273
181 274
181 280
181 292
181 298
181 319
181 343
181 353
181 354
181 357
181 365
181 375
181 377
182 183
182 184
182 185
182 186
182 187
182 188
182 189
182 190
182 191
182 192
182 193
182 194
182 195
182 196
182 197
182 198
182 199
182 201
182 223
182 237
182 265
182 292
182 296
182 311
182 312
182 320
182 322
182 334
182 335
182 336
182 338
182 375
182 377
183 184
183 185
183 186
183 187
183 188
183 189
183 190
183 191
183 192
183 193
183 194
183 195
183 196
183 197
183 198
183 199
183 200
183 209
183 219
183 233
183 236
183 252
183 262
183 263
183 264
183 280
183 283
183 291
183 297
183 326
183 343
183 346
183 365
183 372
183 375
183 390
183 391
184 185
184 186
184 187
184 188
184 189
184 190
184 191
184 192
184 193
184 194
184 195
184 196
184 197
184 198
184 199
184 206
184 211
184 214
184 221
184 228
184 230
184 240
184 243
184 247
184 256
184 261
184 265
184 271
184 275
184 286
184 293
184 299
184 306
184 325
184 344
184 348
184 351
184 353
184 360
184 368
184 371
184 376
184 390
184 397
185 186
185 187
185 188
185 189
185 190
185 191
185 192
185 193
185 194
185 195
185 196
185 197
185 198
185 199
185 204
185 217
185 230
185 232
185 235
185 255
185 256
185 261
185 274
185 284
185 306
185 316
185 318
185 322
185 361
185 362
185 366
185 372
185 374
185 378
186 187
186 188
186 189
186 190
186 191
186 192
186 193
186 194
186 195
186 196
186 197
186 198
186 199
186 218
186 240
186 243
186 254
186 257
186 266
186 293
186 296
186 297
186 298
186 302
186 318
186 340
186 363
186 364
186 366
186 369
186 374
187 188
187 189
187 190
187 191
187 192
187 193
187 194
187 195
187 196
187 197
187 198
187 199
187 205
187 215
187 216
187 219
187 227
187 235
187 243
187 260
187 265
187 267
187 290
187 305
187 324
187 325
187 338
187 353
187 370
187 391
188 189
188 190
188 191
188 192
188 193
188 194
188 195
188 196
188 197
188 198
188 199
188 207
188 214
188 216
188 240
188 250
188 281
188 289
188 290
188 300
188 302
188 321
188 322
188 323
188 336
188 341
188 345
188 364
188 365
188 370
188 385
188 388
188 390
188 396
188 397
189 190
189 191
189 192
189 193
189 194
189 195
189 196
189 197
189 198
189 199
189 200
189 202
189 210
189 211
189 215
189 220
189 224
189 241
189 255
189 271
189 288
189 290
189 297
189 300
189 303
189 310
189 326
189 332
189 337
189 354
189 368
189 380
189 397
190 191
190 192
190 193
190 194
190 195
190 196
190 197
190 198
190 199
190 204
190 205
190 234
190 236
190 245
190 249
190 253
190 269
190 273
190 293
190 298
190 333
190 350
190 357
190 387
190 388
191 192
191 193
191 194
191 195
191 196
191 197
191 198
191 199
191 219
191 232
191 238
191 242
191 245
191 249
191 276
191 281
191 289
191 296
191 297
191 311
191 338
191 358
191 364
191 368
191 390
192 193
192 194
192 195
192 196
192 197
192 198
192 199
192 203
192 207
192 211
192 226
192 227
192 230
192 231
192 250
192 264
192 269
192 289
192 296
192 301
192 310
192 315
192 327
192 329
192 330
192 336
192 345
192 353
192 362
192 369
192 375
192 387
193 194
193 195
193 196
193 197
193 198
193 199
193 204
193 209
193 218
193 222
193 233
193 236
193 241
193 262
193 264
193 266
193 268
193 269
193 275
193 287
193 297
193 309
193 310
193 313
193 320
193 332
193 334
193 335
193 357
193 367
193 368
193 371
193 374
193 380
193 392
193 397
193 399
194 195
194 196
194 197
194 198
194 199
194 210
194 217
194 229
194 235
194 244
194 246
194 254
194 260
194 261
194 276
194 286
194 302
194 335
194 340
194 342
194 367
194 370
194 373
194 393
195 196
195 197
195 198
195 199
195 204
195 218
195 237
195 241
195 256
195 265
195 268
195 270
195 274
195 277
195 281
195 282
195 289
195 296
195 297
195 300
195 315
195 322
195 327
195 330
195 354
195 355
195 366
195 371
196 197
196 198
196 199
196 202
196 204
196 213
196 215
196 226
196 230
196 232
196 236
196 246
196 255
196 268
196 273
196 293
196 301
196 318
196 324
196 330
196 331
196 339
196 361
196 367
196 371
196 374
196 391
197 198
197 199
197 206
197 215
197 224
197 227
197 231
197 237
197 249
197 267
197 273
197 274
197 285
197 287
197 289
197 290
197 294
197 297
197 315
197 326
197 341
197 342
197 343
197 382
197 389
198 199
198 208
198 218
198 220
198 222
198 237
198 240
198 244
198 247
198 252
198 256
198 267
198 279
198 286
198 313
198 322
198 328
198 364
198 381
198 388
198 390
199 211
199 220
199 227
199 256
199 257
199 260
199 269
199 285
199 286
199 296
199 311
199 381
199 389
200 201
200 202
200 203
200 204
200 205
200 206
200 207
200 208
200 209
200 210
200 211
200 212
200 213
200 214
200 215
200 216
200 217
200 218
200 219
200 224
200 266
200 270
200 272
200 275
200 280
200 281
200 303
200 307
200 318
200 330
200 336
200 357
200 375
200 384
200 394
200 398
201 202
201 203
201 204
201 205
201 206
201 207
201 208
201 209
201 210
201 211
201 212
201 213
201 214
201 215
201 216
201 217
201 218
201 219
201 229
201 231
201 267
201 275
201 276
201 299
201 310
201 319
201 329
201 333
201 341
201 343
201 344
201 374
201 399
202 203
202 204
202 205
202 206
202 207
202 208
202 209
202 210
202 211
202 212
202 213
202 214
202 215
202 216
202 217
202 218
202 219
202 276
202 278
202 285
202 287
202 295
202 309
202 368
202 369
202 372
202 374
202 378
202 381
202 388
202 390
202 391
203 204
203 205
203 206
203 207
203 208
203 209
203 210
203 211
203 212
203 213
203 214
203 215
203 216
203 217
203 218
203 219
203 228
203 229
203 257
203 259
203 260
203 265
203 276
203 298
203 320
203 345
203 349
203 360
203 368
203 380
203 394
204 205
204 206
204 207
204 208
204 209
204 210
204 211
204 212
204 213
204 214
204 215
204 216
204 217
204 218
204 219
204 263
204 268
204 269
204 292
204 296
204 300
204 302
204 310
204 322
204 334
204 379
204 389
204 394
204 396
205 206
205 207
205 208
205 209
205 210
205 211
205 212
205 213
205 214
205 215
205 216
205 217
205 218
205 219
205 228
205 231
205 238
205 241
205 261
205 268
205 270
205 286
205 289
205 300
205 305
205 309
205 310
205 320
205 341
205 347
205 350
205 352
205 365
205 369
205 380
205 384
206 207
206 208
206 209
206 210
206 211
206 212
206 213
206 214
206 215
206 216
206 217
206 218
206 219
206 252
206 255
206 282
206 324
206 337
206 348
206 353
206 354
206 358
206 386
207 208
207 209
207 210
207 211
207 212
207 213
207 214
207 215
207 216
207 217
207 218
207 219
207 229
207 239
207 240
207 246
207 270
207 274
207 275
207 286
207 288
207 304
207 310
207 311
207 314
207 342
207 344
207 391
208 209
208 210
208 211
208 212
208 213
208 214
208 215
208 216
208 217
208 218
208 219
208 235
208 238
208 266
208 283
208 296
208 301
208 302
208 307
208 318
208 325
208 337
208 338
208 340
208 342
208 347
208 356
208 366
208 374
208 379
208 392
209 210
209 211
209 212
209 213
209 214
209 215
209 216
209 217
209 218
209 219
209 220
209 228
209 251
209 276
209 278
209 279
209 286
209 292
209 302
209 307
209 313
209 314
209 320
209 340
209 341
209 353
209 366
209 375
210 211
210 212
210 213
210 214
210 215
210 216
210 217
210 218
210 219
210 220
210 222
210 232
210 268
210 281
210 292
210 320
210 330
210 336
210 356
210 375
210 389
211 212
211 213
211 214
211 215
211 216
211 217
211 218
211 219
211 220
211 222
211 263
211 278
211 303
211 309
211 323
211 329
211 336
211 347
211 350
211 356
211 361
211 373
211 376
211 377
211 379
211 390
211 393
211 395
212 213
212 214
212 215
212 216
212 217
212 218
212 219
212 232
212 252
212 262
212 269
212 282
212 289
212 312
212 323
212 324
212 350
212 376
213 214
213 215
213 216
213 217
213 218
213 219
213 225
213 227
213 230
213 237
213 241
213 260
213 282
213 283
213 293
213 296
213 299
213 307
213 313
213 315
213 335
213 353
213 357
213 369
213 382
213 388
213 396
213 397
214 215
214 216
214 217
214 218
214 219
214 224
214 237
214 242
214 249
214 256
214 265
214 274
214 285
214 294
214 295
214 310
214 327
214 378
214 383
214 396
214 398
215 216
215 217
215 218
215 219
215 229
215 239
215 242
215 245
215 250
215 264
215 283
215 287
215 296
215 303
215 309
215 317
215 331
215 365
215 371
215 379
215 382
215 386
215 391
216 217
216 218
216 219
216 243
216 255
216 259
216 260
216 268
216 284
216 292
216 296
216 297
216 309
216 317
216 323
216 329
216 330
216 333
216 369
217 218
217 219
217 221
217 230
217 233
217 264
217 277
217 287
217 290
217 301
217 323
217 324
217 328
217 329
217 336
217 343
217 344
217 362
217 369
217 388
218 219
218 225
218 233
218 240
218 275
218 288
218 302
218 307
218 331
218 333
218 338
218 342
218 345
218 366
218 390
219 220
219 232
219 260
219 269
219 280
219 282
219 293
219 303
219 321
219 322
219 329
219 339
219 362
219 376
219 380
219 383
219 386
219 387
219 398
220 221
220 222
220 223
220 224
220 225
220 226
220 227
220 228
220 229
220 230
220 231
220 232
220 233
220 234
220 235
220 236
220 237
220 238
220 239
220 248
220 269
220 270
220 276
220 280
220 294
220 295
220 305
220 313
220 321
220 326
220 334
220 347
220 351
220 354
221 222
221 223
221 224
221 225
221 226
221 227
221 228
221 229
221 230
221 231
221 232
221 233
221 234
221 235
221 236
221 237
221 238
221 239
221 246
221 251
221 259
221 270
221 285
221 289
221 291
221 309
221 329
221 351
221 352
221 363
221 370
222 223
222 224
222 225
222 226
222 227
222 228
222 229
222 230
222 231
222 232
222 233
222 234
222 235
222 236
222 237
222 238
222 239
222 250
222 260
222 284
222 295
222 325
222 327
222 330
222 337
222 354
222 356
222 366
222 371
222 379
223 224
223 225
223 226
223 227
223 228
223 229
223 230
223 231
223 232
223 233
223 234
223 235
223 236
223 237
223 238
223 239
223 245
223 248
223 251
223 276
223 279
223 302
223 303
223 340
224 225
224 226
224 227
224 228
224 229
224 230
224 231
224 232
224 233
224 234
224 235
224 236
224 237
224 238
224 239
224 249
224 268
224 274
224 277
224 290
224 295
224 303
224 305
224 306
224 323
224 330
224 332
224 335
224 345
224 378
224 392
224 395
225 226
225 227
225 228
225 229
225 230
225 231
225 232
225 233
225 234
225 235
225 236
225 237
225 238
225 239
225 249
225 252
225 278
225 283
225 299
225 312
225 333
225 340
225 345
225 349
225 362
225 375
225 376
225 380
225 390
225 393
225 398
226 227
226 228
226 229
226 230
226 231
226 232
226 233
226 234
226 235
226 236
226 237
226 238
226 239
226 254
226 255
226 262
226 292
226 297
226 309
226 319
226 345
226 356
226 358
226 361
226 363
226 366
226 377
226 389
226 391
226 399
227 228
227 229
227 230
227 231
227 232
227 233
227 234
227 235
227 236
227 237
227 238
227 239
227 241
227 244
227 245
227 247
227 251
227 252
227 255
227 263
227 282
227 283
227 293
227 298
227 300
227 307
227 323
227 325
227 336
227 345
227 346
227 350
227 355
227 366
227 371
227 372
227 380
228 229
228 230
228 231
228 232
228 233
228 234
228 235
228 236
228 237
228 238
228 239
228 240
228 241
228 242
228 264
228 268
228 305
228 318
228 325
228 348
228 351
228 371
228 384
228 389
228 390
229 230
229 231
229 232
229 233
229 234
229 235
229 236
229 237
229 238
229 239
229 254
229 282
229 291
229 297
229 301
229 312
229 320
229 350
229 353
229 354
229 357
229 365
229 374
229 380
229 389
229 391
229 398
230 231
230 232
230 233
230 234
230 235
230 236
230 237
230 238
230 239
230 243
230 259
230 266
230 279
230 295
230 309
230 328
230 332
230 342
230 344
230 345
230 346
230 347
230 355
230 368
230 369
231 232
231 233
231 234
231 235
231 236
231 237
231 238
231 239
231 248
231 249
231 262
231 263
231 267
231 268
231 278
231 286
231 288
231 306
231 310
231 325
231 351
231 379
231 383
232 233
232 234
232 235
232 236
232 237
232 238
232 239
232 240
232 241
232 243
232 245
232 247
232 253
232 257
232 262
232 274
232 287
232 301
232 303
232 304
232 312
232 317
232 322
232 325
232 329
232 346
232 362
232 377
232 381
233 234
233 235
233 236
233 237
233 238
233 239
233 247
233 309
233 313
233 339
233 341
233 353
233 355
233 395
233 396
233 399
234 235
234 236
234 237
234 238
234 239
234 273
234 281
234 288
234 294
234 299
234 314
234 339
234 352
234 353
234 355
234 364
234 370
234 373
234 388
235 236
235 237
235 238
235 239
235 241
235 243
235 263
235 275
235 284
235 287
235 289
235 295
235 308
235 309
235 320
235 328
235 350
235 353
235 362
235 369
235 397
235 399
236 237
236 238
236 239
236 241
236 245
236 266
236 269
236 279
236 297
236 303
236 311
236 314
236 316
236 317
236 323
236 325
236 327
236 330
236 331
236 348
236 349
236 357
236 367
236 369
236 373
236 374
236 375
236 377
236 380
236 387
236 395
237 238
237 239
237 244
237 246
237 249
237 263
237 284
237 292
237 297
237 298
237 304
237 321
237 322
237 358
237 364
237 373
237 377
237 396
238 239
238 249
238 288
238 300
238 309
238 311
238 314
238 326
238 329
238 347
238 360
238 364
239 240
239 256
239 258
239 266
239 281
239 315
239 316
239 330
239 344
239 352
239 367
239 369
239 371
239 377
239 387
239 395
239 396
239 399
256 257
256 258
256 259
256 240
256 241
256 242
256 243
256 244
256 245
256 246
256 247
256 248
256 249
256 250
256 251
256 252
256 253
256 254
256 255
256 267
256 268
256 272
256 281
256 283
256 290
256 291
256 310
256 311
256 328
256 341
256 342
256 357
256 366
256 378
256 386
257 258
257 259
257 240
257 241
257 242
257 243
257 244
257 245
257 246
257 247
257 248
257 249
257 250
257 251
257 252
257 253
257 254
257 255
257 260
257 277
257 278
257 281
257 282
257 284
257 288
257 299
257 303
257 304
257 339
257 359
257 362
257 370
257 371
257 374
257 381
257 397
258 259
258 240
258 241
258 242
258 243
258 244
258 245
258 246
258 247
258 248
258 249
258 250
258 251
258 252
258 253
258 254
258 255
258 264
258 270
258 280
258 298
258 311
258 316
258 318
258 330
258 332
258 344
258 356
258 357
258 362
258 363
258 371
258 384
258 386
258 394
258 395
259 240
259 241
259 242
259 243
259 244
259 245
259 246
259 247
259 248
259 249
259 250
259 251
259 252
259 253
259 254
259 255
259 280
259 309
259 318
259 324
259 327
259 328
259 329
259 332
259 334
259 342
259 355
259 357
259 374
240 241
240 242
240 243
240 244
240 245
240 246
240 247
240 248
240 249
240 250
240 251
240 252
240 253
240 254
240 255
240 262
240 270
240 285
240 292
240 298
240 301
240 304
240 313
240 320
240 327
240 334
240 337
240 354
240 365
240 379
240 380
240 385
240 392
240 397
241 242
241 243
241 244
241 245
241 246
241 247
241 248
241 249
241 250
241 251
241 252
241 253
241 254
241 255
241 266
241 301
241 309
241 319
241 326
241 359
241 373
241 382
241 383
241 388
241 394
241 396
242 243
242 244
242 245
242 246
242 247
242 248
242 249
242 250
242 251
242 252
242 253
242 254
242 255
242 260
242 282
242 288
242 290
242 303
242 311
242 328
242 339
242 350
242 384
242 385
242 390
242 395
243 244
243 245
243 246
243 247
243 248
243 249
243 250
243 251
243 252
243 253
243 254
243 255
243 287
243 324
243 329
243 338
243 341
243 358
243 360
243 369
243 375
243 380
243 382
243 385
243 389
244 245
244 246
244 247
244 248
244 249
244 250
244 251
244 252
244 253
244 254
244 255
244 269
244 273
244 278
244 281
244 285
244 295
244 300
244 312
244 313
244 315
244 316
244 317
244 324
244 342
244 352
244 357
244 364
244 365
244 374
245 246
245 247
245 248
245 249
245 250
245 251
245 252
245 253
245 254
245 255
245 268
245 284
245 285
245 287
245 288
245 289
245 296
245 305
245 330
245 345
245 351
245 360
245 365
245 369
245 384
245 394
245 398
246 247
246 248
246 249
246 250
246 251
246 252
246 253
246 254
246 255
246 261
246 266
246 288
246 303
246 304
246 310
246 313
246 319
246 329
246 335
246 337
246 350
246 362
246 379
246 390
246 392
247 248
247 249
247 250
247 251
247 252
247 253
247 254
247 255
247 273
247 277
247 278
247 302
247 345
247 367
248 249
248 250
248 251
248 252
248 253
248 254
248 255
248 264
248 342
248 372
248 379
249 250
249 251
249 252
249 253
249 254
249 255
249 267
249 276
249 287
249 305
249 316
249 317
249 318
249 352
249 360
249 366
249 373
250 251
250 252
250 253
250 254
250 255
250 285
250 291
250 299
250 300
250 312
250 327
250 337
250 338
250 346
250 350
250 373
250 380
250 393
250 396
250 397
250 398
251 252
251 253
251 254
251 255
251 261
251 262
251 268
251 270
251 279
251 287
251 288
251 291
251 293
251 297
251 312
251 320
251 322
251 342
251 359
251 370
251 377
251 378
252 253
252 254
252 255
252 263
252 272
252 274
252 283
252 285
252 291
252 294
252 297
252 310
252 314
252 323
252 325
252 341
252 345
252 359
252 377
252 393
252 399
253 254
253 255
253 261
253 269
253 276
253 280
253 282
253 297
253 298
253 315
253 323
253 333
253 336
253 349
253 358
253 365
253 370
253 378
254 255
254 266
254 285
254 295
254 299
254 307
254 310
254 321
254 322
254 324
254 325
254 349
254 355
254 381
254 385
254 391
254 392
255 294
255 296
255 302
255 311
255 324
255 354
255 369
255 382
255 395
255 397
255 398
260 261
260 262
260 263
260 264
260 265
260 266
260 267
260 268
260 269
260 270
260 271
260 272
260 273
260 274
260 275
260 276
260 277
260 278
260 279
260 281
260 282
260 289
260 290
260 291
260 294
260 298
260 303
260 308
260 312
260 313
260 331
260 333
260 335
260 346
260 347
260 349
260 352
260 353
260 380
260 383
260 386
260 390
260 392
261 262
261 263
261 264
261 265
261 266
261 267
261 268
261 269
261 270
261 271
261 272
261 273
261 274
261 275
261 276
261 277
261 278
261 279
261 285
261 300
261 311
261 318
261 320
261 327
261 342
261 348
261 350
261 367
261 380
261 383
261 391
261 393
262 263
262 264
262 265
262 266
262 267
262 268
262 269
262 270
262 271
262 272
262 273
262 274
262 275
262 276
262 277
262 278
262 279
262 286
262 328
262 330
262 342
262 360
262 373
262 376
262 380
262 390
263 264
263 265
263 266
263 267
263 268
263 269
263 270
263 271
263 272
263 273
263 274
263 275
263 276
263 277
263 278
263 279
263 283
263 295
263 300
263 304
263 309
263 313
263 319
263 326
263 333
263 337
263 358
263 372
263 379
263 381
263 393
263 397
264 265
264 266
264 267
264 268
264 269
264 270
264 271
264 272
264 273
264 274
264 275
264 276
264 277
264 278
264 279
264 284
264 285
264 302
264 361
264 364
264 396
265 266
265 267
265 268
265 269
265 270
265 271
265 272
265 273
265 274
265 275
265 276
265 277
265 278
265 279
265 283
265 288
265 296
265 300
265 314
265 322
265 341
265 351
265 352
265 376
265 380
265 395
266 267
266 268
266 269
266 270
266 271
266 272
266 273
266 274
266 275
266 276
266 277
266 278
266 279
266 289
266 302
266 306
266 321
266 337
266 354
266 363
266 372
266 375
266 389
266 394
267 268
267 269
267 270
267 271
267 272
267 273
267 274
267 275
267 276
267 277
267 278
267 279
267 309
267 311
267 327
267 332
267 345
267 350
267 353
267 355
267 358
267 362
267 377
267 389
268 269
268 270
268 271
268 272
268 273
268 274
268 275
268 276
268 277
268 278
268 279
268 283
268 284
268 285
268 309
268 316
268 324
268 327
268 338
268 340
268 382
268 394
268 397
269 270
269 271
269 272
269 273
269 274
269 275
269 276
269 277
269 278
269 279
269 300
269 312
269 320
269 325
269 328
269 350
269 368
269 383
269 386
269 390
270 271
270 272
270 273
270 274
270 275
270 276
270 277
270 278
270 279
270 280
270 296
270 299
270 303
270 307
270 310
270 326
270 328
270 330
270 337
270 342
270 344
270 347
270 354
270 383
270 386
270 398
271 272
271 273
271 274
271 275
271 276
271 277
271 278
271 279
271 286
271 289
271 293
271 296
271 310
271 316
271 329
271 334
271 338
271 344
271 345
271 361
271 369
271 397
271 398
272 273
272 274
272 275
272 276
272 277
272 278
272 279
272 301
272 303
272 309
272 313
272 314
272 319
272 331
272 340
272 347
272 367
272 371
272 372
272 383
273 274
273 275
273 276
273 277
273 278
273 279
273 282
273 287
273 289
273 292
273 295
273 298
273 329
273 340
273 350
273 357
273 360
273 383
273 394
274 275
274 276
274 277
274 278
274 279
274 283
274 290
274 291
274 300
274 315
274 320
274 322
274 333
274 335
274 349
274 352
274 367
274 369
274 381
274 382
274 389
275 276
275 277
275 278
275 279
275 281
275 295
275 297
275 311
275 314
275 330
275 335
275 336
275 343
275 352
275 354
275 366
275 383
275 386
275 390
276 277
276 278
276 279
276 291
276 301
276 307
276 318
276 320
276 338
276 344
276 350
276 359
276 360
276 361
276 374
277 278
277 279
277 286
277 287
277 288
277 298
277 303
277 313
277 336
277 350
277 353
277 356
277 361
277 376
277 385
277 390
278 279
278 293
278 321
278 322
278 334
278 348
278 356
278 362
278 380
278 385
278 386
279 286
279 296
279 303
279 306
279 312
279 322
279 335
279 350
279 369
279 373
279 380
280 281
280 282
280 283
280 284
280 285
280 286
280 287
280 288
280 289
280 290
280 291
280 292
280 293
280 294
280 295
280 296
280 297
280 298
280 299
280 306
280 309
280 322
280 336
280 348
281 282
281 283
281 284
281 285
281 286
281 287
281 288
281 289
281 290
281 291
281 292
281 293
281 294
281 295
281 296
281 297
281 298
281 299
281 306
281 314
281 326
281 338
281 346
281 358
281 363
281 369
281 371
281 389
281 395
282 283
282 284
282 285
282 286
282 287
282 288
282 289
282 290
282 291
282 292
282 293
282 294
282 295
282 296
282 297
282 298
282 299
282 318
282 336
282 340
282 354
282 392
283 284
283 285
283 286
283 287
283 288
283 289
283 290
283 291
283 292
283 293
283 294
283 295
283 296
283 297
283 298
283 299
283 303
283 314
283 318
283 334
283 337
283 347
283 368
283 387
283 388
284 285
284 286
284 287
284 288
284 289
284 290
284 291
284 292
284 293
284 294
284 295
284 296
284 297
284 298
284 299
284 323
284 328
284 329
284 340
284 350
284 371
284 387
284 389
284 390
284 395
285 286
285 287
285 288
285 289
285 290
285 291
285 292
285 293
285 294
285 295
285 296
285 297
285 298
285 299
285 314
285 318
285 356
285 358
285 368
285 369
285 374
285 384
285 389
285 390
285 399
286 287
286 288
286 289
286 290
286 291
286 292
286 293
286 294
286 295
286 296
286 297
286 298
286 299
286 313
286 319
286 349
286 376
286 384
286 399
287 288
287 289
287 290
287 291
287 292
287 293
287 294
287 295
287 296
287 297
287 298
287 299
287 320
287 322
287 330
287 364
287 365
287 378
287 385
287 397
288 289
288 290
288 291
288 292
288 293
288 294
288 295
288 296
288 297
288 298
288 299
288 316
288 320
288 339
288 344
288 372
288 385
288 389
288 392
288 397
289 290
289 291
289 292
289 293
289 294
289 295
289 296
289 297
289 298
289 299
289 302
289 305
289 317
289 320
289 349
289 356
289 365
289 374
289 376
289 379
289 381
289 389
289 390
289 395
290 291
290 292
290 293
290 294
290 295
290 296
290 297
290 298
290 299
290 304
290 316
290 319
290 323
290 330
290 347
290 358
290 371
291 292
291 293
291 294
291 295
291 296
291 297
291 298
291 299
291 322
291 325
291 341
291 358
291 369
291 392
291 393
291 398
292 293
292 294
292 295
292 296
292 297
292 298
292 299
292 303
292 329
292 349
292 382
292 392
292 396
292 398
292 399
293 294
293 295
293 296
293 297
293 298
293 299
293 301
293 309
293 332
293 344
293 347
293 357
293 360
293 365
293 377
294 295
294 296
294 297
294 298
294 299
294 312
294 325
294 330
294 332
294 333
294 335
294 344
294 345
294 352
294 353
294 357
294 370
294 371
294 373
294 376
294 387
294 398
294 399
295 296
295 297
295 298
295 299
295 301
295 304
295 311
295 316
295 318
295 327
295 348
295 357
295 358
295 363
295 364
295 365
295 366
295 367
295 388
296 297
296 298
296 299
296 305
296 312
296 322
296 328
296 333
296 337
296 349
296 353
296 365
296 370
296 374
296 375
296 378
296 395
297 298
297 299
297 309
297 310
297 314
297 322
297 323
297 331
297 353
297 356
297 362
297 372
297 383
297 388
297 392
298 299
298 309
298 312
298 316
298 351
298 357
298 363
298 365
298 368
298 377
298 394
298 399
299 309
299 318
299 321
299 327
299 334
299 345
299 353
299 367
299 368
299 377
299 392
300 301
300 302
300 303
300 304
300 305
300 306
300 307
300 308
300 309
300 310
300 311
300 312
300 313
300 314
300 315
300 316
300 317
300 318
300 319
300 328
300 329
300 331
300 338
300 345
300 360
300 363
300 378
300 379
300 381
300 383
300 393
300 398
300 399
301 302
301 303
301 304
301 305
301 306
301 307
301 308
301 309
301 310
301 311
301 312
301 313
301 314
301 315
301 316
301 317
301 318
301 319
301 336
301 343
301 346
301 354
301 356
301 375
301 382
301 386
301 391
302 303
302 304
302 305
302 306
302 307
302 308
302 309
302 310
302 311
302 312
302 313
302 314
302 315
302 316
302 317
302 318
302 319
302 321
302 330
302 337
302 341
302 346
302 362
302 383
302 396
302 398
303 304
303 305
303 306
303 307
303 308
303 309
303 310
303 311
303 312
303 313
303 314
303 315
303 316
303 317
303 318
303 319
303 322
303 336
303 337
303 339
303 356
303 374
303 377
304 305
304 306
304 307
304 308
304 309
304 310
304 311
304 312
304 313
304 314
304 315
304 316
304 317
304 318
304 319
304 342
304 348
304 379
304 380
304 383
304 396
305 306
305 307
305 308
305 309
305 310
305 311
305 312
305 313
305 314
305 315
305 316
305 317
305 318
305 319
305 322
305 353
305 354
305 361
305 364
305 374
305 385
305 386
305 390
306 307
306 308
306 309
306 310
306 311
306 312
306 313
306 314
306 315
306 316
306 317
306 318
306 319
306 347
306 350
306 365
306 366
306 391
307 308
307 309
307 310
307 311
307 312
307 313
307 314
307 315
307 316
307 317
307 318
307 319
307 327
307 330
307 332
307 348
307 375
307 378
307 385
307 388
307 390
307 393
308 309
308 310
308 311
308 312
308 313
308 314
308 315
308 316
308 317
308 318
308 319
308 320
308 321
308 322
308 337
308 346
308 356
308 357
308 358
308 374
308 378
308 379
308 388
308 394
309 310
309 311
309 312
309 313
309 314
309 315
309 316
309 317
309 318
309 319
309 334
309 344
309 351
309 360
309 377
310 311
310 312
310 313
310 314
310 315
310 316
310 317
310 318
310 319
310 322
310 332
310 346
310 351
310 364
310 369
310 371
310 381
310 386
311 312
311 313
311 314
311 315
311 316
311 317
311 318
311 319
311 330
311 338
311 341
311 357
311 368
311 371
311 373
311 386
311 394
312 313
312 314
312 315
312 316
312 317
312 318
312 319
312 321
312 328
312 332
312 333
312 355
312 366
312 368
312 383
312 393
312 397
312 399
313 314
313 315
313 316
313 317
313 318
313 319
313 326
313 361
313 364
313 372
313 395
314 315
314 316
314 317
314 318
314 319
314 327
314 330
314 352
314 370
314 375
314 376
314 378
314 385
314 390
315 316
315 317
315 318
315 319
315 324
315 367
315 375
316 317
316 318
316 319
316 327
316 333
316 344
316 361
316 362
316 366
316 370
316 379
316 381
316 386
317 318
317 319
317 321
317 324
317 325
317 354
317 359
317 362
317 397
318 319
318 321
318 326
318 332
318 343
318 352
318 358
318 369
318 381
318 382
318 398
319 339
319 359
319 375
319 399
320 321
320 322
320 323
320 324
320 325
320 326
320 327
320 328
320 329
320 330
320 331
320 332
320 333
320 334
320 335
320 336
320 337
320 338
320 339
320 350
320 368
320 390
321 322
321 323
321 324
321 325
321 326
321 327
321 328
321 329
321 330
321 331
321 332
321 333
321 334
321 335
321 336
321 337
321 338
321 339
321 340
321 343
321 351
321 356
321 365
321 381
321 392
321 394
322 323
322 324
322 325
322 326
322 327
322 328
322 329
322 330
322 331
322 332
322 333
322 334
322 335
322 336
322 337
322 338
322 339
322 347
322 351
322 398
323 324
323 325
323 326
323 327
323 328
323 329
323 330
323 331
323 332
323 333
323 334
323 335
323 336
323 337
323 338
323 339
323 341
323 365
323 374
323 376
323 383
323 390
323 397
324 325
324 326
324 327
324 328
324 329
324 330
324 331
324 332
324 333
324 334
324 335
324 336
324 337
324 338
324 339
324 368
324 375
324 381
325 326
325 327
325 328
325 329
325 330
325 331
325 332
325 333
325 334
325 335
325 336
325 337
325 338
325 339
325 342
325 354
325 355
325 367
325 375
325 379
325 380
325 391
326 327
326 328
326 329
326 330
326 331
326 332
326 333
326 334
326 335
326 336
326 337
326 338
326 339
326 347
326 358
326 367
326 387
326 397
327 328
327 329
327 330
327 331
327 332
327 333
327 334
327 335
327 336
327 337
327 338
327 339
327 356
327 357
327 362
327 367
327 368
327 381
328 329
328 330
328 331
328 332
328 333
328 334
328 335
328 336
328 337
328 338
328 339
328 346
328 354
328 362
328 372
328 386
328 388
328 390
329 330
329 331
329 332
329 333
329 334
329 335
329 336
329 337
329 338
329 339
329 378
329 383
329 387
329 388
330 331
330 332
330 333
330 334
330 335
330 336
330 337
330 338
330 339
330 360
330 371
330 376
330 392
331 332
331 333
331 334
331 335
331 336
331 337
331 338
331 339
331 356
331 357
331 363
331 378
331 385
331 392
331 398
332 333
332 334
332 335
332 336
332 337
332 338
332 339
332 342
332 356
332 365
332 374
332 388
332 392
333 334
333 335
333 336
333 337
333 338
333 339
333 340
333 351
333 361
333 368
333 377
333 385
333 397
334 335
334 336
334 337
334 338
334 339
334 346
334 351
334 368
334 378
334 389
334 396
334 397
335 336
335 337
335 338
335 339
335 347
335 357
335 363
335 368
335 370
335 377
335 384
335 385
335 386
335 392
336 337
336 338
336 339
336 343
336 347
336 362
336 366
336 367
336 369
336 376
336 386
336 389
336 397
337 338
337 339
337 353
337 356
337 372
337 377
337 380
337 386
338 339
338 350
338 355
338 359
338 370
338 385
338 395
339 345
339 377
339 383
340 341
340 342
340 343
340 344
340 345
340 346
340 347
340 348
340 349
340 350
340 351
340 352
340 353
340 354
340 355
340 356
340 357
340 358
340 359
340 373
340 379
340 381
340 394
340 395
341 342
341 343
341 344
341 345
341 346
341 347
341 348
341 349
341 350
341 351
341 352
341 353
341 354
341 355
341 356
341 357
341 358
341 359
341 372
341 376
341 380
341 390
342 343
342 344
342 345
342 346
342 347
342 348
342 349
342 350
342 351
342 352
342 353
342 354
342 355
342 356
342 357
342 358
342 359
342 370
342 371
342 396
342 397
343 344
343 345
343 346
343 347
343 348
343 349
343 350
343 351
343 352
343 353
343 354
343 355
343 356
343 357
343 358
343 359
343 360
343 363
343 381
343 382
343 385
343 389
343 392
343 399
344 345
344 346
344 347
344 348
344 349
344 350
344 351
344 352
344 353
344 354
344 355
344 356
344 357
344 358
344 359
344 375
344 380
344 381
344 385
344 387
345 346
345 347
345 348
345 349
345 350
345 351
345 352
345 353
345 354
345 355
345 356
345 357
345 358
345 359
345 378
345 383
345 386
345 387
345 391
345 394
346 347
346 348
346 349
346 350
346 351
346 352
346 353
346 354
346 355
346 356
346 357
346 358
346 359
346 380
346 386
346 394
347 348
347 349
347 350
347 351
347 352
347 353
347 354
347 355
347 356
347 357
347 358
347 359
347 371
347 373
347 376
347 385
347 388
347 396
348 349
348 350
348 351
348 352
348 353
348 354
348 355
348 356
348 357
348 358
348 359
348 379
348 388
349 350
349 351
349 352
349 353
349 354
349 355
349 356
349 357
349 358
349 359
349 374
349 380
350 351
350 352
350 353
350 354
350 355
350 356
350 357
350 358
350 359
350 364
350 366
350 368
350 375
350 384
350 392
351 352
351 353
351 354
351 355
351 356
351 357
351 358
351 359
351 361
351 379
351 382
351 392
352 353
352 354
352 355
352 356
352 357
352 358
352 359
352 367
352 373
352 378
353 354
353 355
353 356
353 357
353 358
353 359
353 361
353 397
354 355
354 356
354 357
354 358
354 359
354 360
354 378
354 379
355 356
355 357
355 358
355 359
355 375
355 384
355 389
355 398
355 399
356 357
356 358
356 359
356 371
356 374
356 376
356 381
356 383
356 394
357 358
357 359
357 376
357 385
357 389
357 397
357 398
358 359
358 360
358 393
359 380
360 361
360 362
360 363
360 364
360 365
360 366
360 367
360 368
360 369
360 370
360 371
360 372
360 373
360 374
360 375
360 376
360 377
360 378
360 379
360 383
361 362
361 363
361 364
361 365
361 366
361 367
361 368
361 369
361 370
361 371
361 372
361 373
361 374
361 375
361 376
361 377
361 378
361 379
362 363
362 364
362 365
362 366
362 367
362 368
362 369
362 370
362 371
362 372
362 373
362 374
362 375
362 376
362 377
362 378
362 379
362 387
363 364
363 365
363 366
363 367
363 368
363 369
363 370
363 371
363 372
363 373
363 374
363 375
363 376
363 377
363 378
363 379
363 382
363 393
363 394
364 365
364 366
364 367
364 368
364 369
364 370
364 371
364 372
364 373
364 374
364 375
364 376
364 377
364 378
364 379
364 393
365 366
365 367
365 368
365 369
365 370
365 371
365 372
365 373
365 374
365 375
365 376
365 377
365 378
365 379
365 381
365 391
366 367
366 368
366 369
366 370
366 371
366 372
366 373
366 374
366 375
366 376
366 377
366 378
366 379
366 389
367 368
367 369
367 370
367 371
367 372
367 373
367 374
367 375
367 376
367 377
367 378
367 379
367 380
368 369
368 370
368 371
368 372
368 373
368 374
368 375
368 376
368 377
368 378
368 379
368 380
368 384
368 385
369 370
369 371
369 372
369 373
369 374
369 375
369 376
369 377
369 378
369 379
369 391
369 392
369 397
370 371
370 372
370 373
370 374
370 375
370 376
370 377
370 378
370 379
370 395
370 397
371 372
371 373
371 374
371 375
371 376
371 377
371 378
371 379
371 392
372 373
372 374
372 375
372 376
372 377
372 378
372 379
372 387
372 398
373 374
373 375
373 376
373 377
373 378
373 379
373 384
373 395
374 375
374 376
374 377
374 378
374 379
374 386
374 391
375 376
375 377
375 378
375 379
375 381
375 386
375 392
375 395
375 397
375 399
376 377
376 378
376 379
376 393
376 394
377 378
377 379
377 381
377 396
377 397
378 379
378 381
378 383
378 392
378 394
379 380
379 382
379 388
379 398
384 385
384 386
384 387
384 388
384 389
384 390
384 391
384 392
384 393
384 394
384 395
384 396
384 397
384 398
384 399
384 380
384 381
384 382
384 383
385 386
385 387
385 388
385 389
385 390
385 391
385 392
385 393
385 394
385 395
385 396
385 397
385 398
385 399
385 380
385 381
385 382
385 383
386 387
386 388
386 389
386 390
386 391
386 392
386 393
386 394
386 395
386 396
386 397
386 398
386 399
386 380
386 381
386 382
386 383
387 388
387 389
387 390
387 391
387 392
387 393
387 394
387 395
387 396
387 397
387 398
387 399
387 380
387 381
387 382
387 383
388 389
388 390
388 391
388 392
388 393
388 394
388 395
388 396
388 397
388 398
388 399
388 380
388 381
388 382
388 383
389 390
389 391
389 392
389 393
389 394
389 395
389 396
389 397
389 398
389 399
389 380
389 381
389 382
389 383
390 391
390 392
390 393
390 394
390 395
390 396
390 397
390 398
390 399
390 380
390 381
390 382
390 383
391 392
391 393
391 394
391 395
391 396
391 397
391 398
391 399
391 380
391 381
391 382
391 383
392 393
392 394
392 395
392 396
392 397
392 398
392 399
392 380
392 381
392 382
392 383
393 394
393 395
393 396
393 397
393 398
393 399
393 380
393 381
393 382
393 383
394 395
394 396
394 397
394 398
394 399
394 380
394 381
394 382
394 383
395 396
395 397
395 398
395 399
395 380
395 381
395 382
395 383
396 397
396 398
396 399
396 380
396 381
396 382
396 383
397 398
397 399
397 380
397 381
397 382
397 383
398 399
398 380
398 381
398 382
398 383
399 380
399 381
399 382
399 383
380 381
380 382
380 383
381 382
381 383
382 383
