# 6396 edges
0 1
0 2
0 3
0 4
0 5
0 6
0 7
0 8
0 9
0 10
0 11
0 12
0 13
0 14
0 52
0 62
0 68
0 76
0 83
0 96
0 107
0 123
0 126
0 132
0 146
0 151
0 155
0 172
0 173
0 181
0 184
0 189
0 190
0 196
0 197
0 222
0 233
0 245
0 270
0 277
0 285
1 2
1 3
1 4
1 5
1 6
1 7
1 8
1 9
1 10
1 11
1 12
1 13
1 14
1 16
1 32
1 92
1 112
1 116
1 119
1 126
1 130
1 139
1 149
1 196
1 197
1 214
1 218
1 221
1 227
1 231
1 235
1 244
1 249
1 252
1 270
1 274
1 280
1 286
1 295
2 3
2 4
2 5
2 6
2 7
2 8
2 9
2 10
2 11
2 12
2 13
2 14
2 21
2 26
2 40
2 51
2 55
2 62
2 99
2 105
2 132
2 135
2 152
2 155
2 157
2 165
2 186
2 191
2 206
2 224
2 226
2 230
2 243
2 249
2 253
2 257
2 262
2 264
2 267
2 269
2 272
3 4
3 5
3 6
3 7
3 8
3 9
3 10
3 11
3 12
3 13
3 14
3 19
3 48
3 79
3 86
3 106
3 123
3 146
3 149
3 160
3 168
3 176
3 213
3 221
3 237
3 240
3 241
3 251
3 259
3 261
3 263
3 264
3 297
4 5
4 6
4 7
4 8
4 9
4 10
4 11
4 12
4 13
4 14
4 26
4 31
4 39
4 67
4 76
4 99
4 104
4 113
4 131
4 137
4 144
4 163
4 167
4 175
4 176
4 192
4 207
4 227
4 232
4 234
4 237
4 239
4 245
4 274
5 6
5 7
5 8
5 9
5 10
5 11
5 12
5 13
5 14
5 22
5 26
5 49
5 52
5 59
5 78
5 95
5 104
5 109
5 115
5 129
5 135
5 141
5 145
5 153
5 181
5 202
5 209
5 220
5 233
5 241
5 271
5 287
5 289
5 294
6 7
6 8
6 9
6 10
6 11
6 12
6 13
6 14
6 23
6 42
6 48
6 59
6 63
6 67
6 77
6 80
6 82
6 93
6 108
6 128
6 133
6 141
6 143
6 146
6 149
6 151
6 169
6 179
6 182
6 194
6 198
6 202
6 208
6 211
6 212
6 216
6 235
6 250
6 254
6 259
6 260
6 261
6 263
6 271
6 272
6 281
6 294
6 296
7 8
7 9
7 10
7 11
7 12
7 13
7 14
7 38
7 43
7 44
7 51
7 56
7 66
7 68
7 76
7 82
7 85
7 90
7 118
7 152
7 156
7 161
7 163
7 175
7 179
7 188
7 194
7 203
7 204
7 209
7 215
7 224
7 234
7 267
7 273
8 9
8 10
8 11
8 12
8 13
8 14
8 18
8 37
8 49
8 51
8 59
8 63
8 72
8 86
8 105
8 107
8 126
8 127
8 132
8 138
8 146
8 151
8 160
8 167
8 178
8 183
8 228
8 249
8 253
8 257
8 259
8 264
8 284
8 288
8 292
8 296
9 10
9 11
9 12
9 13
9 14
9 19
9 24
9 45
9 46
9 67
9 70
9 87
9 92
9 113
9 116
9 117
9 171
9 174
9 212
9 232
9 240
9 246
9 270
9 271
9 273
9 282
9 296
9 298
10 11
10 12
10 13
10 14
10 35
10 40
10 46
10 64
10 74
10 77
10 84
10 89
10 115
10 119
10 122
10 141
10 157
10 162
10 166
10 177
10 193
10 195
10 203
10 207
10 211
10 220
10 241
10 242
10 246
10 248
10 253
10 257
10 269
10 271
10 278
10 282
10 286
10 292
11 12
11 13
11 14
11 18
11 37
11 41
11 43
11 55
11 58
11 75
11 89
11 96
11 97
11 100
11 102
11 123
11 136
11 159
11 167
11 183
11 192
11 198
11 209
11 210
11 214
11 221
11 225
11 226
11 259
11 263
11 273
12 13
12 14
12 45
12 46
12 50
12 60
12 61
12 62
12 63
12 71
12 78
12 86
12 87
12 93
12 100
12 117
12 131
12 139
12 141
12 155
12 185
12 223
12 229
12 239
12 279
12 284
12 286
13 14
13 18
13 21
13 26
13 58
13 63
13 78
13 86
13 102
13 110
13 134
13 143
13 148
13 152
13 183
13 198
13 202
13 205
13 208
13 212
13 221
13 252
13 265
13 269
13 270
13 273
14 16
14 18
14 19
14 33
14 34
14 49
14 50
14 51
14 55
14 63
14 77
14 79
14 89
14 107
14 114
14 122
14 151
14 152
14 158
14 162
14 168
14 172
14 176
14 213
14 223
14 242
14 250
14 260
14 269
14 290
14 294
14 296
14 298
15 16
15 17
15 18
15 19
15 20
15 21
15 22
15 23
15 24
15 25
15 26
15 27
15 28
15 29
15 55
15 62
15 70
15 76
15 83
15 103
15 107
15 117
15 153
15 163
15 164
15 201
15 202
15 204
15 208
15 211
15 217
15 224
15 229
15 231
15 233
15 237
15 242
15 245
15 250
15 260
15 266
15 279
15 283
15 292
16 17
16 18
16 19
16 20
16 21
16 22
16 23
16 24
16 25
16 26
16 27
16 28
16 29
16 32
16 51
16 52
16 54
16 61
16 68
16 75
16 82
16 101
16 108
16 114
16 116
16 117
16 119
16 121
16 135
16 144
16 182
16 185
16 186
16 224
16 241
16 245
16 251
16 255
16 265
16 270
16 290
16 299
17 18
17 19
17 20
17 21
17 22
17 23
17 24
17 25
17 26
17 27
17 28
17 29
17 31
17 36
17 53
17 84
17 92
17 108
17 120
17 138
17 140
17 141
17 146
17 177
17 204
17 205
17 206
17 207
17 211
17 222
17 227
17 229
17 234
17 270
18 19
18 20
18 21
18 22
18 23
18 24
18 25
18 26
18 27
18 28
18 29
18 42
18 59
18 65
18 66
18 71
18 96
18 106
18 115
18 116
18 122
18 125
18 136
18 140
18 142
18 145
18 161
18 167
18 169
18 177
18 193
18 200
18 203
18 207
18 243
18 257
18 277
18 280
18 283
18 290
18 293
18 299
19 20
19 21
19 22
19 23
19 24
19 25
19 26
19 27
19 28
19 29
19 30
19 37
19 63
19 75
19 84
19 89
19 90
19 91
19 106
19 108
19 114
19 119
19 121
19 137
19 163
19 181
19 190
19 199
19 219
19 232
19 244
19 246
19 248
19 272
19 289
20 21
20 22
20 23
20 24
20 25
20 26
20 27
20 28
20 29
20 40
20 42
20 46
20 56
20 60
20 87
20 88
20 104
20 121
20 147
20 154
20 187
20 194
20 198
20 224
20 227
20 232
20 233
20 276
20 277
20 283
20 284
20 287
21 22
21 23
21 24
21 25
21 26
21 27
21 28
21 29
21 30
21 32
21 33
21 42
21 58
21 63
21 67
21 74
21 93
21 101
21 131
21 164
21 171
21 172
21 197
21 201
21 203
21 231
21 234
21 257
21 261
21 263
21 278
21 282
21 287
21 294
22 23
22 24
22 25
22 26
22 27
22 28
22 29
22 31
22 40
22 49
22 50
22 52
22 58
22 61
22 69
22 73
22 77
22 83
22 108
22 112
22 115
22 130
22 132
22 141
22 150
22 151
22 152
22 154
22 155
22 168
22 170
22 181
22 185
22 204
22 212
22 230
22 233
22 240
22 242
22 248
22 252
22 258
22 259
22 261
22 268
22 289
22 298
23 24
23 25
23 26
23 27
23 28
23 29
23 30
23 41
23 57
23 71
23 81
23 84
23 89
23 113
23 125
23 130
23 133
23 134
23 136
23 153
23 160
23 179
23 186
23 192
23 235
23 237
23 242
23 245
23 249
23 253
23 271
23 275
23 286
24 25
24 26
24 27
24 28
24 29
24 41
24 46
24 60
24 64
24 79
24 88
24 91
24 94
24 114
24 124
24 160
24 168
24 171
24 185
24 189
24 190
24 196
24 263
24 267
24 268
24 288
24 289
25 26
25 27
25 28
25 29
25 38
25 40
25 49
25 56
25 74
25 77
25 85
25 104
25 118
25 128
25 165
25 242
25 254
25 255
26 27
26 28
26 29
26 52
26 68
26 70
26 72
26 79
26 80
26 82
26 87
26 88
26 93
26 105
26 122
26 124
26 126
26 149
26 164
26 177
26 215
26 235
26 242
26 263
26 284
26 293
26 294
27 28
27 29
27 33
27 71
27 79
27 85
27 123
27 138
27 151
27 155
27 167
27 180
27 188
27 192
27 194
27 198
27 217
27 233
27 248
27 252
27 258
27 261
27 280
27 283
27 290
27 294
28 29
28 30
28 32
28 37
28 39
28 40
28 58
28 62
28 68
28 69
28 72
28 73
28 78
28 87
28 90
28 108
28 109
28 115
28 116
28 117
28 134
28 142
28 145
28 163
28 185
28 193
28 195
28 215
28 219
28 230
28 231
28 242
28 262
28 273
28 274
28 275
28 276
28 280
28 286
28 296
29 57
29 71
29 76
29 82
29 87
29 92
29 107
29 113
29 117
29 120
29 127
29 128
29 133
29 136
29 137
29 161
29 165
29 176
29 179
29 199
29 219
29 221
29 253
29 265
29 266
29 283
29 298
32 33
32 34
32 35
32 36
32 37
32 38
32 39
32 40
32 41
32 42
32 43
32 44
32 30
32 31
32 49
32 71
32 84
32 94
32 98
32 106
32 109
32 112
32 129
32 133
32 138
32 146
32 158
32 172
32 178
32 179
32 190
32 198
32 205
32 207
32 245
32 257
32 270
32 288
32 291
33 34
33 35
33 36
33 37
33 38
33 39
33 40
33 41
33 42
33 43
33 44
33 30
33 31
33 49
33 57
33 75
33 76
33 78
33 85
33 90
33 93
33 99
33 100
33 105
33 114
33 120
33 121
33 138
33 147
33 148
33 171
33 176
33 182
33 214
33 217
33 220
33 245
33 258
33 271
33 278
33 291
33 299
34 35
34 36
34 37
34 38
34 39
34 40
34 41
34 42
34 43
34 44
34 30
34 31
34 45
34 71
34 79
34 84
34 85
34 110
34 115
34 120
34 134
34 143
34 154
34 156
34 181
34 189
34 204
34 223
34 224
34 240
34 245
34 255
34 261
34 263
34 275
34 285
34 290
35 36
35 37
35 38
35 39
35 40
35 41
35 42
35 43
35 44
35 30
35 31
35 45
35 52
35 70
35 73
35 74
35 77
35 83
35 95
35 99
35 108
35 113
35 116
35 129
35 137
35 153
35 160
35 167
35 172
35 174
35 182
35 187
35 199
35 200
35 205
35 222
35 242
35 248
35 250
35 253
35 256
35 262
35 268
35 269
35 271
35 293
35 298
36 37
36 38
36 39
36 40
36 41
36 42
36 43
36 44
36 30
36 31
36 48
36 63
36 64
36 75
36 107
36 119
36 143
36 151
36 160
36 166
36 195
36 208
36 213
36 247
36 249
36 259
36 262
36 263
36 271
36 278
36 282
36 288
36 290
36 299
37 38
37 39
37 40
37 41
37 42
37 43
37 44
37 30
37 31
37 56
37 63
37 91
37 97
37 106
37 125
37 128
37 143
37 164
37 172
37 185
37 203
37 219
37 223
37 235
37 245
37 250
37 256
37 259
37 268
37 278
37 286
37 292
37 294
37 296
37 299
38 39
38 40
38 41
38 42
38 43
38 44
38 30
38 31
38 47
38 88
38 91
38 94
38 100
38 125
38 135
38 150
38 160
38 187
38 189
38 207
38 217
38 218
38 224
38 226
38 229
38 236
38 269
38 273
39 40
39 41
39 42
39 43
39 44
39 30
39 31
39 54
39 61
39 63
39 64
39 74
39 84
39 117
39 137
39 151
39 156
39 157
39 194
39 200
39 224
39 233
39 242
39 256
39 260
39 261
39 263
39 266
39 279
39 280
39 286
39 293
39 299
40 41
40 42
40 43
40 44
40 30
40 31
40 46
40 53
40 57
40 63
40 67
40 68
40 73
40 76
40 85
40 89
40 90
40 92
40 103
40 115
40 126
40 155
40 161
40 164
40 169
40 178
40 188
40 215
40 225
40 232
40 234
40 250
40 263
40 269
40 289
41 42
41 43
41 44
41 30
41 31
41 51
41 58
41 59
41 64
41 74
41 77
41 87
41 131
41 136
41 147
41 166
41 167
41 179
41 203
41 218
41 225
41 231
41 238
41 250
41 252
41 267
41 279
42 43
42 44
42 30
42 31
42 46
42 49
42 53
42 96
42 110
42 128
42 132
42 136
42 149
42 172
42 195
42 201
42 212
42 218
42 224
42 238
42 243
42 250
42 256
42 293
43 44
43 30
43 31
43 59
43 64
43 66
43 71
43 77
43 99
43 110
43 113
43 115
43 117
43 124
43 147
43 157
43 162
43 169
43 186
43 205
43 208
43 214
43 221
43 222
43 247
43 249
43 254
43 275
43 279
43 284
44 30
44 31
44 78
44 85
44 89
44 92
44 93
44 104
44 114
44 124
44 128
44 136
44 161
44 164
44 176
44 191
44 192
44 210
44 211
44 224
44 238
44 242
44 247
44 260
44 262
44 269
44 273
44 284
30 31
30 57
30 58
30 63
30 71
30 104
30 110
30 125
30 131
30 134
30 147
30 163
30 187
30 193
30 199
30 215
30 218
30 220
30 221
30 223
30 230
30 233
30 235
30 237
30 244
30 255
30 265
30 269
30 274
30 278
30 295
30 299
31 50
31 54
31 56
31 58
31 61
31 65
31 76
31 83
31 87
31 92
31 100
31 102
31 115
31 135
31 139
31 162
31 163
31 165
31 166
31 173
31 183
31 192
31 193
31 199
31 208
31 213
31 219
31 232
31 239
31 242
31 262
31 272
31 274
31 286
45 46
45 47
45 48
45 49
45 50
45 51
45 52
45 53
45 54
45 55
45 56
45 57
45 58
45 59
45 68
45 69
45 75
45 78
45 88
45 93
45 97
45 102
45 107
45 110
45 114
45 129
45 133
45 145
45 149
45 171
45 180
45 188
45 189
45 193
45 219
45 229
45 235
45 243
45 245
45 255
45 281
45 282
46 47
46 48
46 49
46 50
46 51
46 52
46 53
46 54
46 55
46 56
46 57
46 58
46 59
46 86
46 87
46 91
46 100
46 110
46 117
46 122
46 135
46 143
46 156
46 161
46 163
46 187
46 199
46 228
46 230
46 232
46 236
46 262
46 284
46 294
47 48
47 49
47 50
47 51
47 52
47 53
47 54
47 55
47 56
47 57
47 58
47 59
47 60
47 70
47 73
47 94
47 97
47 102
47 107
47 124
47 125
47 150
47 174
47 188
47 192
47 201
47 207
47 211
47 212
47 242
47 248
47 254
47 278
47 282
47 283
47 289
47 293
48 49
48 50
48 51
48 52
48 53
48 54
48 55
48 56
48 57
48 58
48 59
48 111
48 114
48 124
48 126
48 127
48 134
48 139
48 140
48 165
48 168
48 169
48 201
48 203
48 221
48 228
48 229
48 249
48 251
48 281
48 283
49 50
49 51
49 52
49 53
49 54
49 55
49 56
49 57
49 58
49 59
49 76
49 84
49 96
49 107
49 132
49 134
49 141
49 145
49 146
49 180
49 188
49 195
49 218
49 232
49 243
49 244
49 259
49 262
49 263
49 277
50 51
50 52
50 53
50 54
50 55
50 56
50 57
50 58
50 59
50 72
50 74
50 75
50 79
50 80
50 95
50 104
50 121
50 123
50 131
50 137
50 168
50 190
50 195
50 205
50 229
50 243
50 254
50 262
50 270
51 52
51 53
51 54
51 55
51 56
51 57
51 58
51 59
51 63
51 79
51 81
51 83
51 85
51 88
51 91
51 145
51 150
51 168
51 184
51 199
51 221
51 222
51 225
51 235
51 253
51 264
51 272
51 279
51 280
51 282
51 287
52 53
52 54
52 55
52 56
52 57
52 58
52 59
52 69
52 74
52 79
52 93
52 114
52 125
52 132
52 133
52 149
52 158
52 159
52 168
52 169
52 177
52 183
52 200
52 228
52 229
52 264
52 280
52 285
52 292
53 54
53 55
53 56
53 57
53 58
53 59
53 81
53 92
53 117
53 137
53 139
53 143
53 152
53 166
53 170
53 174
53 192
53 194
53 198
53 205
53 209
53 213
53 215
53 217
53 225
53 248
53 255
53 259
53 264
53 283
54 55
54 56
54 57
54 58
54 59
54 62
54 63
54 79
54 90
54 94
54 108
54 131
54 135
54 137
54 143
54 144
54 145
54 147
54 151
54 153
54 158
54 161
54 171
54 183
54 190
54 191
54 195
54 207
54 236
54 248
54 253
54 256
54 258
54 260
54 264
54 268
54 270
54 296
55 56
55 57
55 58
55 59
55 64
55 69
55 80
55 89
55 94
55 101
55 149
55 156
55 184
55 196
55 206
55 222
55 225
55 226
55 244
55 249
55 250
55 258
55 272
55 284
55 299
56 57
56 58
56 59
56 66
56 69
56 82
56 85
56 97
56 109
56 115
56 117
56 128
56 140
56 167
56 173
56 179
56 184
56 188
56 222
56 223
56 234
56 241
56 248
56 253
56 255
56 258
56 272
56 276
56 286
56 287
56 288
56 293
57 58
57 59
57 63
57 86
57 96
57 104
57 129
57 135
57 154
57 156
57 163
57 166
57 186
57 187
57 188
57 206
57 219
57 222
57 223
57 232
57 236
57 238
57 244
57 257
57 277
57 284
57 286
57 288
57 289
58 59
58 74
58 76
58 93
58 107
58 123
58 142
58 155
58 165
58 176
58 181
58 191
58 207
58 229
58 238
58 240
58 243
58 248
58 258
58 260
58 279
58 285
58 288
58 298
59 66
59 74
59 97
59 105
59 126
59 127
59 138
59 144
59 170
59 179
59 187
59 196
59 208
59 212
59 215
59 219
59 227
59 241
59 243
59 246
59 260
59 268
59 278
59 280
59 285
59 299
64 65
64 66
64 67
64 68
64 69
64 70
64 71
64 72
64 73
64 74
64 60
64 61
64 62
64 63
64 92
64 97
64 105
64 114
64 121
64 122
64 123
64 139
64 142
64 144
64 145
64 153
64 154
64 176
64 200
64 208
64 213
64 218
64 219
64 220
64 233
64 249
64 257
64 260
64 269
64 273
64 274
64 281
64 285
64 286
65 66
65 67
65 68
65 69
65 70
65 71
65 72
65 73
65 74
65 60
65 61
65 62
65 63
65 76
65 83
65 110
65 123
65 125
65 126
65 128
65 131
65 159
65 162
65 163
65 171
65 177
65 180
65 185
65 187
65 189
65 198
65 217
65 225
65 230
65 243
65 251
65 254
65 258
65 262
65 263
65 284
65 287
66 67
66 68
66 69
66 70
66 71
66 72
66 73
66 74
66 60
66 61
66 62
66 63
66 78
66 80
66 82
66 83
66 89
66 114
66 130
66 131
66 136
66 139
66 153
66 167
66 179
66 187
66 188
66 198
66 225
66 257
66 264
66 268
66 270
66 274
66 275
66 292
66 294
66 298
67 68
67 69
67 70
67 71
67 72
67 73
67 74
67 60
67 61
67 62
67 63
67 99
67 107
67 112
67 117
67 124
67 126
67 130
67 134
67 140
67 150
67 171
67 175
67 177
67 193
67 229
67 241
67 243
67 249
67 270
67 276
67 286
67 291
67 296
68 69
68 70
68 71
68 72
68 73
68 74
68 60
68 61
68 62
68 63
68 91
68 107
68 109
68 119
68 149
68 153
68 155
68 157
68 179
68 202
68 205
68 230
68 237
68 242
68 244
68 245
68 250
68 258
68 259
68 265
68 266
68 272
68 280
68 284
69 70
69 71
69 72
69 73
69 74
69 60
69 61
69 62
69 63
69 113
69 116
69 127
69 139
69 147
69 151
69 163
69 165
69 175
69 178
69 183
69 184
69 185
69 215
69 229
69 230
69 236
69 239
69 267
69 277
69 279
69 288
69 298
70 71
70 72
70 73
70 74
70 60
70 61
70 62
70 63
70 115
70 122
70 125
70 126
70 142
70 147
70 148
70 150
70 152
70 157
70 172
70 175
70 179
70 189
70 193
70 199
70 200
70 233
70 235
70 240
70 244
70 248
70 255
70 260
70 286
70 293
71 72
71 73
71 74
71 60
71 61
71 62
71 63
71 87
71 94
71 110
71 112
71 130
71 137
71 147
71 148
71 150
71 152
71 156
71 159
71 179
71 191
71 192
71 195
71 209
71 213
71 218
71 221
71 226
71 235
71 248
71 252
71 255
71 257
71 260
71 263
71 272
71 284
71 285
71 289
71 291
72 73
72 74
72 60
72 61
72 62
72 63
72 96
72 97
72 106
72 121
72 142
72 164
72 167
72 177
72 182
72 200
72 210
72 232
72 233
72 244
72 248
72 252
72 288
72 291
72 294
73 74
73 60
73 61
73 62
73 63
73 76
73 80
73 83
73 88
73 99
73 106
73 115
73 129
73 138
73 139
73 144
73 152
73 154
73 159
73 162
73 184
73 197
73 211
73 227
73 231
73 234
73 244
73 273
73 281
73 287
73 294
74 60
74 61
74 62
74 63
74 76
74 92
74 96
74 97
74 100
74 113
74 131
74 140
74 156
74 164
74 167
74 170
74 171
74 178
74 181
74 190
74 203
74 229
74 243
74 248
74 253
74 280
74 292
74 293
74 299
60 61
60 62
60 63
60 77
60 84
60 91
60 92
60 94
60 107
60 116
60 125
60 129
60 139
60 149
60 154
60 161
60 165
60 172
60 191
60 196
60 198
60 203
60 214
60 219
60 241
60 261
60 263
60 271
60 279
60 293
60 295
61 62
61 63
61 75
61 77
61 84
61 86
61 105
61 125
61 133
61 134
61 158
61 159
61 167
61 169
61 179
61 181
61 184
61 186
61 198
61 207
61 240
61 245
61 250
61 257
61 265
61 267
61 268
61 273
62 63
62 83
62 100
62 103
62 119
62 120
62 122
62 126
62 146
62 149
62 151
62 158
62 159
62 160
62 164
62 168
62 182
62 184
62 188
62 191
62 195
62 203
62 204
62 212
62 219
62 225
62 233
62 246
62 262
62 289
63 84
63 88
63 106
63 116
63 121
63 126
63 129
63 153
63 155
63 157
63 159
63 181
63 184
63 185
63 192
63 201
63 204
63 235
63 243
63 249
63 253
63 255
63 256
63 265
63 273
63 279
63 289
63 294
75 76
75 77
75 78
75 79
75 80
75 81
75 82
75 83
75 84
75 85
75 86
75 87
75 88
75 89
75 105
75 129
75 134
75 140
75 142
75 149
75 150
75 168
75 172
75 173
75 178
75 181
75 183
75 189
75 201
75 205
75 228
75 230
75 232
75 238
75 248
75 251
75 260
75 265
75 266
75 274
75 281
75 283
76 77
76 78
76 79
76 80
76 81
76 82
76 83
76 84
76 85
76 86
76 87
76 88
76 89
76 110
76 111
76 114
76 122
76 127
76 140
76 158
76 180
76 187
76 197
76 203
76 206
76 214
76 216
76 234
76 235
76 264
76 285
76 290
77 78
77 79
77 80
77 81
77 82
77 83
77 84
77 85
77 86
77 87
77 88
77 89
77 101
77 104
77 113
77 122
77 132
77 134
77 182
77 184
77 188
77 196
77 201
77 209
77 222
77 224
77 234
77 277
77 283
77 284
77 292
78 79
78 80
78 81
78 82
78 83
78 84
78 85
78 86
78 87
78 88
78 89
78 95
78 114
78 121
78 124
78 125
78 128
78 141
78 152
78 155
78 161
78 170
78 180
78 201
78 204
78 209
78 211
78 217
78 241
78 249
78 259
78 261
78 270
78 272
78 278
78 297
79 80
79 81
79 82
79 83
79 84
79 85
79 86
79 87
79 88
79 89
79 104
79 109
79 112
79 125
79 141
79 145
79 146
79 148
79 155
79 165
79 168
79 181
79 191
79 194
79 221
79 229
79 233
79 234
79 235
79 254
79 266
79 270
79 279
79 291
80 81
80 82
80 83
80 84
80 85
80 86
80 87
80 88
80 89
80 90
80 104
80 118
80 150
80 158
80 159
80 187
80 213
80 227
80 229
80 231
80 239
80 277
80 292
81 82
81 83
81 84
81 85
81 86
81 87
81 88
81 89
81 98
81 102
81 104
81 115
81 128
81 140
81 141
81 158
81 160
81 170
81 179
81 200
81 203
81 213
81 236
81 238
81 244
81 257
81 266
81 271
81 288
81 295
82 83
82 84
82 85
82 86
82 87
82 88
82 89
82 97
82 101
82 112
82 114
82 123
82 126
82 130
82 136
82 138
82 144
82 159
82 170
82 177
82 182
82 191
82 195
82 202
82 222
82 245
82 246
82 265
82 266
82 269
82 277
82 281
83 84
83 85
83 86
83 87
83 88
83 89
83 98
83 122
83 132
83 135
83 142
83 143
83 148
83 154
83 157
83 162
83 163
83 186
83 188
83 208
83 221
83 223
83 226
83 228
83 229
83 260
83 268
83 282
83 288
84 85
84 86
84 87
84 88
84 89
84 118
84 133
84 153
84 165
84 170
84 181
84 214
84 224
84 227
84 235
84 237
84 241
84 257
84 288
85 86
85 87
85 88
85 89
85 100
85 107
85 114
85 130
85 137
85 144
85 179
85 201
85 231
85 251
85 272
85 273
85 274
85 283
85 291
85 292
85 294
85 296
85 299
86 87
86 88
86 89
86 121
86 127
86 152
86 154
86 161
86 198
86 211
86 220
86 225
86 236
86 238
86 244
86 254
86 270
86 271
86 273
86 284
86 285
87 88
87 89
87 102
87 139
87 150
87 159
87 165
87 172
87 186
87 208
87 220
87 229
87 234
87 241
87 260
87 262
87 266
87 269
88 89
88 98
88 99
88 101
88 105
88 121
88 162
88 167
88 178
88 186
88 192
88 203
88 206
88 212
88 220
88 228
88 250
88 272
88 279
88 280
88 283
88 293
89 90
89 92
89 98
89 111
89 113
89 120
89 136
89 149
89 151
89 152
89 159
89 178
89 184
89 195
89 205
89 209
89 213
89 221
89 226
89 230
89 242
89 249
89 254
89 263
89 266
89 291
89 297
89 298
96 97
96 98
96 99
96 100
96 101
96 102
96 103
96 104
96 90
96 91
96 92
96 93
96 94
96 95
96 116
96 125
96 152
96 157
96 167
96 175
96 178
96 180
96 194
96 196
96 207
96 211
96 212
96 231
96 241
96 244
96 266
96 278
96 287
96 294
97 98
97 99
97 100
97 101
97 102
97 103
97 104
97 90
97 91
97 92
97 93
97 94
97 95
97 120
97 122
97 125
97 127
97 132
97 140
97 158
97 175
97 192
97 201
97 223
97 244
97 289
97 293
97 296
97 297
98 99
98 100
98 101
98 102
98 103
98 104
98 90
98 91
98 92
98 93
98 94
98 95
98 108
98 114
98 121
98 133
98 138
98 144
98 163
98 167
98 171
98 173
98 180
98 193
98 198
98 205
98 209
98 223
98 252
98 280
98 291
99 100
99 101
99 102
99 103
99 104
99 90
99 91
99 92
99 93
99 94
99 95
99 111
99 147
99 148
99 156
99 157
99 171
99 180
99 191
99 204
99 211
99 221
99 226
99 230
99 237
99 244
99 246
99 251
99 254
99 258
99 259
99 291
99 295
99 298
100 101
100 102
100 103
100 104
100 90
100 91
100 92
100 93
100 94
100 95
100 109
100 120
100 124
100 147
100 150
100 163
100 164
100 175
100 185
100 195
100 197
100 202
100 204
100 222
100 250
100 261
100 273
100 281
100 289
101 102
101 103
101 104
101 90
101 91
101 92
101 93
101 94
101 95
101 118
101 126
101 129
101 145
101 159
101 174
101 179
101 182
101 191
101 202
101 209
101 247
101 262
101 273
101 298
101 299
102 103
102 104
102 90
102 91
102 92
102 93
102 94
102 95
102 120
102 148
102 149
102 155
102 166
102 172
102 175
102 181
102 199
102 200
102 212
102 213
102 214
102 217
102 221
102 230
102 234
102 236
102 256
102 260
102 270
102 275
102 288
102 292
103 104
103 90
103 91
103 92
103 93
103 94
103 95
103 116
103 118
103 124
103 144
103 146
103 158
103 159
103 171
103 185
103 192
103 198
103 201
103 203
103 207
103 239
103 254
103 269
103 272
103 287
103 288
103 293
104 90
104 91
104 92
104 93
104 94
104 95
104 108
104 117
104 120
104 162
104 163
104 191
104 198
104 203
104 208
104 217
104 222
104 229
104 233
104 251
104 254
104 258
104 259
104 263
104 280
104 285
104 288
104 290
104 292
90 91
90 92
90 93
90 94
90 95
90 119
90 125
90 129
90 149
90 193
90 195
90 201
90 204
90 218
90 222
90 250
90 275
90 279
90 280
90 282
90 296
91 92
91 93
91 94
91 95
91 107
91 124
91 129
91 130
91 143
91 162
91 168
91 183
91 186
91 201
91 214
91 230
91 241
91 243
91 244
91 255
91 258
91 264
91 268
91 279
91 298
92 93
92 94
92 95
92 121
92 122
92 125
92 136
92 145
92 147
92 153
92 154
92 177
92 202
92 208
92 234
92 251
92 286
92 287
93 94
93 95
93 116
93 120
93 138
93 147
93 172
93 173
93 205
93 208
93 246
93 250
93 252
93 256
93 271
93 279
93 293
94 95
94 108
94 114
94 117
94 125
94 127
94 128
94 136
94 145
94 149
94 172
94 173
94 189
94 209
94 233
94 252
94 259
94 260
94 267
94 274
94 295
94 299
95 122
95 123
95 127
95 147
95 151
95 155
95 157
95 168
95 181
95 183
95 212
95 228
95 231
95 233
95 256
95 262
95 278
95 280
95 294
95 297
105 106
105 107
105 108
105 109
105 110
105 111
105 112
105 113
105 114
105 115
105 116
105 117
105 118
105 119
105 121
105 128
105 129
105 149
105 150
105 157
105 159
105 205
105 206
105 216
105 245
105 252
105 259
105 271
105 276
105 278
105 280
105 288
105 299
106 107
106 108
106 109
106 110
106 111
106 112
106 113
106 114
106 115
106 116
106 117
106 118
106 119
106 134
106 136
106 158
106 175
106 177
106 182
106 189
106 190
106 195
106 203
106 223
106 245
106 256
106 285
107 108
107 109
107 110
107 111
107 112
107 113
107 114
107 115
107 116
107 117
107 118
107 119
107 121
107 132
107 143
107 156
107 159
107 162
107 165
107 179
107 181
107 193
107 201
107 227
107 239
107 245
107 254
107 260
107 263
107 266
107 288
107 293
108 109
108 110
108 111
108 112
108 113
108 114
108 115
108 116
108 117
108 118
108 119
108 130
108 158
108 173
108 178
108 188
108 206
108 231
108 259
108 262
108 296
109 110
109 111
109 112
109 113
109 114
109 115
109 116
109 117
109 118
109 119
109 141
109 144
109 161
109 167
109 176
109 180
109 186
109 208
109 211
109 243
109 260
109 261
109 269
109 273
109 280
109 281
109 283
109 297
110 111
110 112
110 113
110 114
110 115
110 116
110 117
110 118
110 119
110 122
110 139
110 145
110 156
110 157
110 165
110 179
110 202
110 211
110 214
110 217
110 228
110 249
110 256
110 270
110 281
111 112
111 113
111 114
111 115
111 116
111 117
111 118
111 119
111 125
111 136
111 138
111 141
111 144
111 148
111 150
111 152
111 167
111 176
111 186
111 207
111 208
111 212
111 226
111 234
111 239
111 253
111 256
111 270
111 274
111 280
111 294
111 295
111 297
112 113
112 114
112 115
112 116
112 117
112 118
112 119
112 121
112 139
112 150
112 158
112 166
112 171
112 173
112 181
112 191
112 196
112 199
112 239
112 254
112 263
112 277
112 292
112 296
113 114
113 115
113 116
113 117
113 118
113 119
113 121
113 127
113 145
113 164
113 167
113 174
113 181
113 203
113 210
113 215
113 235
113 242
113 258
113 260
113 267
113 289
113 292
113 293
113 296
113 297
114 115
114 116
114 117
114 118
114 119
114 121
114 134
114 135
114 145
114 149
114 165
114 167
114 169
114 195
114 200
114 203
114 221
114 233
114 237
114 239
114 256
114 258
114 276
114 279
114 285
114 294
115 116
115 117
115 118
115 119
115 141
115 179
115 195
115 208
115 215
115 217
115 228
115 238
115 241
115 244
115 245
115 254
115 255
115 257
115 267
115 276
115 283
116 117
116 118
116 119
116 124
116 129
116 133
116 135
116 145
116 159
116 175
116 194
116 210
116 211
116 225
116 227
116 234
116 236
116 242
116 281
116 297
117 118
117 119
117 138
117 157
117 181
117 227
117 237
117 239
117 243
117 260
117 265
117 268
117 292
118 119
118 140
118 161
118 187
118 217
118 220
118 228
118 232
118 237
118 258
119 129
119 134
119 151
119 154
119 162
119 167
119 187
119 197
119 210
119 224
119 234
119 242
119 256
119 257
119 272
119 277
119 299
128 129
128 130
128 131
128 132
128 133
128 134
128 120
128 121
128 122
128 123
128 124
128 125
128 126
128 127
128 140
128 143
128 148
128 162
128 166
128 173
128 182
128 185
128 214
128 243
128 253
128 254
128 262
128 290
128 291
129 130
129 131
129 132
129 133
129 134
129 120
129 121
129 122
129 123
129 124
129 125
129 126
129 127
129 153
129 182
129 212
129 213
129 215
129 231
129 249
129 253
129 282
129 286
129 287
129 299
130 131
130 132
130 133
130 134
130 120
130 121
130 122
130 123
130 124
130 125
130 126
130 127
130 136
130 149
130 158
130 182
130 196
130 210
130 222
130 246
130 252
130 274
131 132
131 133
131 134
131 120
131 121
131 122
131 123
131 124
131 125
131 126
131 127
131 143
131 160
131 173
131 206
131 219
131 222
131 223
131 233
131 234
131 249
131 257
131 263
131 264
131 269
131 270
131 276
131 285
131 293
132 133
132 134
132 120
132 121
132 122
132 123
132 124
132 125
132 126
132 127
132 143
132 149
132 150
132 168
132 169
132 171
132 173
132 182
132 188
132 199
132 201
132 215
132 223
132 225
132 226
132 232
132 243
132 269
132 272
132 276
132 290
133 134
133 120
133 121
133 122
133 123
133 124
133 125
133 126
133 127
133 154
133 155
133 163
133 181
133 200
133 205
133 210
133 211
133 217
133 232
133 242
133 248
133 287
133 292
134 120
134 121
134 122
134 123
134 124
134 125
134 126
134 127
134 141
134 146
134 147
134 150
134 162
134 165
134 168
134 176
134 187
134 199
134 212
134 219
134 233
134 235
134 238
134 242
134 258
134 261
134 264
134 277
134 293
134 295
134 298
120 121
120 122
120 123
120 124
120 125
120 126
120 127
120 146
120 159
120 163
120 169
120 172
120 178
120 179
120 184
120 195
120 197
120 198
120 213
120 231
120 239
120 240
120 252
120 278
121 122
121 123
121 124
121 125
121 126
121 127
121 143
121 146
121 174
121 190
121 200
121 225
121 229
121 237
121 246
121 250
121 253
121 257
121 282
121 285
121 298
122 123
122 124
122 125
122 126
122 127
122 136
122 148
122 155
122 160
122 161
122 183
122 186
122 192
122 208
122 215
122 226
122 228
122 230
122 236
122 244
122 250
122 265
122 272
122 278
123 124
123 125
123 126
123 127
123 156
123 180
123 181
123 187
123 189
123 190
123 211
123 214
123 228
123 248
123 259
123 260
123 262
123 268
123 276
123 283
123 288
123 298
124 125
124 126
124 127
124 158
124 164
124 168
124 193
124 200
124 218
124 224
124 233
124 234
124 248
124 267
124 279
124 283
124 288
124 289
125 126
125 127
125 136
125 155
125 166
125 177
125 189
125 199
125 206
125 215
125 216
125 245
125 248
125 250
125 255
125 257
125 259
125 260
125 267
125 278
125 279
125 289
125 292
125 293
125 295
126 127
126 135
126 136
126 141
126 143
126 156
126 169
126 170
126 173
126 176
126 181
126 188
126 189
126 195
126 215
126 217
126 238
126 241
126 267
126 270
126 284
127 136
127 162
127 171
127 179
127 184
127 201
127 210
127 221
127 226
127 227
127 242
127 245
127 263
127 281
127 287
135 136
135 137
135 138
135 139
135 140
135 141
135 142
135 143
135 144
135 145
135 146
135 147
135 148
135 149
135 166
135 172
135 173
135 182
135 195
135 196
135 198
135 200
135 214
135 223
135 224
135 229
135 236
135 238
135 241
135 254
135 261
135 267
135 297
136 137
136 138
136 139
136 140
136 141
136 142
136 143
136 144
136 145
136 146
136 147
136 148
136 149
136 168
136 181
136 182
136 199
136 217
136 224
136 228
136 235
136 252
136 256
136 277
136 284
137 138
137 139
137 140
137 141
137 142
137 143
137 144
137 145
137 146
137 147
137 148
137 149
137 163
137 165
137 169
137 174
137 186
137 192
137 195
137 199
137 209
137 225
137 255
137 266
137 270
137 285
137 294
138 139
138 140
138 141
138 142
138 143
138 144
138 145
138 146
138 147
138 148
138 149
138 152
138 158
138 169
138 171
138 176
138 190
138 230
138 253
138 263
138 267
138 287
139 140
139 141
139 142
139 143
139 144
139 145
139 146
139 147
139 148
139 149
139 161
139 163
139 164
139 165
139 169
139 179
139 184
139 207
139 209
139 217
139 243
139 255
139 276
140 141
140 142
140 143
140 144
140 145
140 146
140 147
140 148
140 149
140 150
140 159
140 162
140 166
140 181
140 182
140 192
140 206
140 226
140 232
140 241
140 251
140 261
140 270
140 275
140 277
140 291
140 293
141 142
141 143
141 144
141 145
141 146
141 147
141 148
141 149
141 166
141 175
141 183
141 193
141 199
141 203
141 219
141 227
141 236
141 248
141 251
141 258
141 286
141 292
141 293
142 143
142 144
142 145
142 146
142 147
142 148
142 149
142 174
142 184
142 188
142 236
142 256
142 257
142 258
142 261
142 267
142 270
142 271
142 285
143 144
143 145
143 146
143 147
143 148
143 149
143 155
143 168
143 179
143 190
143 198
143 204
143 207
143 216
143 218
143 220
143 221
143 222
143 228
143 242
143 243
143 249
143 252
143 256
143 268
143 286
144 145
144 146
144 147
144 148
144 149
144 162
144 165
144 169
144 173
144 179
144 183
144 199
144 201
144 203
144 204
144 209
144 229
144 267
144 288
145 146
145 147
145 148
145 149
145 160
145 168
145 169
145 175
145 176
145 196
145 209
145 225
145 231
145 232
145 235
145 236
145 254
145 263
145 281
145 290
146 147
146 148
146 149
146 153
146 161
146 172
146 239
146 244
146 254
146 259
146 271
146 284
146 288
146 299
147 148
147 149
147 151
147 160
147 161
147 164
147 175
147 180
147 187
147 201
147 215
147 220
147 230
147 235
147 250
147 258
147 291
147 293
148 149
148 151
148 154
148 155
148 159
148 165
148 169
148 184
148 197
148 200
148 205
148 224
148 244
148 255
148 280
148 289
149 150
149 157
149 162
149 163
149 171
149 179
149 183
149 184
149 192
149 204
149 206
149 223
149 245
149 248
149 259
149 265
149 274
149 296
160 161
160 162
160 163
160 164
160 150
160 151
160 152
160 153
160 154
160 155
160 156
160 157
160 158
160 159
160 177
160 181
160 190
160 200
160 210
160 214
160 237
160 241
160 264
160 292
161 162
161 163
161 164
161 150
161 151
161 152
161 153
161 154
161 155
161 156
161 157
161 158
161 159
161 167
161 168
161 178
161 193
161 202
161 213
161 219
161 227
161 228
161 244
161 279
162 163
162 164
162 150
162 151
162 152
162 153
162 154
162 155
162 156
162 157
162 158
162 159
162 180
162 184
162 254
162 277
163 164
163 150
163 151
163 152
163 153
163 154
163 155
163 156
163 157
163 158
163 159
163 174
163 179
163 203
163 207
163 209
163 212
163 214
163 236
163 239
163 240
163 270
163 277
163 281
163 288
164 150
164 151
164 152
164 153
164 154
164 155
164 156
164 157
164 158
164 159
164 172
164 182
164 183
164 197
164 200
164 211
164 214
164 230
164 244
164 251
164 274
164 276
164 290
164 298
164 299
150 151
150 152
150 153
150 154
150 155
150 156
150 157
150 158
150 159
150 168
150 180
150 184
150 196
150 220
150 226
150 235
150 239
150 243
150 247
150 258
150 264
150 271
151 152
151 153
151 154
151 155
151 156
151 157
151 158
151 159
151 165
151 167
151 187
151 188
151 207
151 214
151 219
151 221
151 225
151 252
151 262
151 276
151 278
151 291
152 153
152 154
152 155
152 156
152 157
152 158
152 159
152 167
152 171
152 173
152 174
152 175
152 178
152 209
152 211
152 217
152 226
152 232
152 234
152 235
152 237
152 255
152 262
152 274
152 278
153 154
153 155
153 156
153 157
153 158
153 159
153 170
153 200
153 209
153 221
153 230
153 256
153 261
153 266
153 273
154 155
154 156
154 157
154 158
154 159
154 173
154 175
154 176
154 185
154 193
154 201
154 206
154 217
154 260
154 276
154 287
155 156
155 157
155 158
155 159
155 173
155 177
155 195
155 206
155 252
155 263
155 264
155 280
155 295
156 157
156 158
156 159
156 176
156 198
156 201
156 210
156 222
156 230
156 237
156 249
156 257
156 260
156 263
156 269
156 283
157 158
157 159
157 177
157 187
157 201
157 208
157 220
157 239
157 242
157 258
157 259
157 263
157 281
157 297
157 298
157 299
158 159
158 171
158 176
158 182
158 189
158 193
158 205
158 207
158 213
158 222
158 226
158 236
158 269
158 278
158 291
158 296
158 298
159 183
159 196
159 203
159 232
159 234
159 238
159 245
159 247
159 254
159 263
159 266
159 280
159 282
159 294
165 166
165 167
165 168
165 169
165 170
165 171
165 172
165 173
165 174
165 175
165 176
165 177
165 178
165 179
165 202
165 204
165 214
165 216
165 275
165 286
165 297
166 167
166 168
166 169
166 170
166 171
166 172
166 173
166 174
166 175
166 176
166 177
166 178
166 179
166 182
166 193
166 208
166 220
166 227
166 230
166 237
166 238
166 253
166 254
166 255
166 261
166 268
166 269
166 275
166 294
166 295
167 168
167 169
167 170
167 171
167 172
167 173
167 174
167 175
167 176
167 177
167 178
167 179
167 181
167 187
167 188
167 204
167 238
167 250
167 256
167 273
167 294
168 169
168 170
168 171
168 172
168 173
168 174
168 175
168 176
168 177
168 178
168 179
168 189
168 195
168 199
168 204
168 207
168 208
168 212
168 220
168 222
168 225
168 229
168 231
168 234
168 240
168 251
168 258
168 261
168 278
168 288
169 170
169 171
169 172
169 173
169 174
169 175
169 176
169 177
169 178
169 179
169 210
169 219
169 220
169 222
169 225
169 233
169 274
169 289
170 171
170 172
170 173
170 174
170 175
170 176
170 177
170 178
170 179
170 209
170 210
170 216
170 268
170 287
170 289
170 299
171 172
171 173
171 174
171 175
171 176
171 177
171 178
171 179
171 187
171 197
171 200
171 221
171 234
171 242
171 256
171 259
171 264
171 268
171 273
171 284
171 295
172 173
172 174
172 175
172 176
172 177
172 178
172 179
172 230
172 265
172 279
172 292
173 174
173 175
173 176
173 177
173 178
173 179
173 192
173 199
173 205
173 211
173 222
173 225
173 229
173 237
173 240
173 241
173 247
173 259
173 277
173 283
173 289
174 175
174 176
174 177
174 178
174 179
174 181
174 188
174 198
174 210
174 222
174 231
174 232
174 234
174 244
174 246
174 253
174 261
174 280
174 293
174 299
175 176
175 177
175 178
175 179
175 191
175 194
175 198
175 215
175 218
175 221
175 222
175 224
175 233
175 242
175 253
175 259
175 269
175 272
175 274
175 284
176 177
176 178
176 179
176 187
176 188
176 195
176 214
176 216
176 229
176 240
176 280
176 290
176 293
176 295
177 178
177 179
177 180
177 188
177 193
177 194
177 216
177 220
177 224
177 228
177 263
177 268
177 291
177 299
178 179
178 184
178 192
178 209
178 222
178 230
178 233
178 250
178 255
178 260
178 262
178 265
178 267
178 272
178 274
178 278
178 283
178 292
179 183
179 201
179 205
179 209
179 214
179 236
179 237
179 243
179 258
179 259
179 265
179 268
179 269
179 298
192 193
192 194
192 180
192 181
192 182
192 183
192 184
192 185
192 186
192 187
192 188
192 189
192 190
192 191
192 201
192 204
192 208
192 215
192 220
192 226
192 232
192 233
192 241
192 271
192 277
192 280
192 287
192 293
193 194
193 180
193 181
193 182
193 183
193 184
193 185
193 186
193 187
193 188
193 189
193 190
193 191
193 196
193 201
193 209
193 218
193 248
193 256
193 259
193 266
193 285
193 292
194 180
194 181
194 182
194 183
194 184
194 185
194 186
194 187
194 188
194 189
194 190
194 191
194 217
194 220
194 222
194 224
194 226
194 236
194 243
194 249
194 262
194 288
194 294
194 298
180 181
180 182
180 183
180 184
180 185
180 186
180 187
180 188
180 189
180 190
180 191
180 231
180 238
180 246
180 255
180 265
181 182
181 183
181 184
181 185
181 186
181 187
181 188
181 189
181 190
181 191
181 196
181 235
181 256
181 275
181 278
182 183
182 184
182 185
182 186
182 187
182 188
182 189
182 190
182 191
182 213
182 214
182 224
182 230
182 249
182 255
182 279
183 184
183 185
183 186
183 187
183 188
183 189
183 190
183 191
183 195
183 200
183 205
183 208
183 215
183 247
183 250
183 257
183 266
183 272
183 277
183 280
183 285
184 185
184 186
184 187
184 188
184 189
184 190
184 191
184 196
184 200
184 201
184 204
184 206
184 207
184 226
184 227
184 241
184 267
184 274
184 286
184 288
184 294
185 186
185 187
185 188
185 189
185 190
185 191
185 210
185 216
185 222
185 223
185 239
185 241
185 254
185 255
185 276
185 279
185 293
186 187
186 188
186 189
186 190
186 191
186 198
186 209
186 213
186 217
186 220
186 223
186 224
186 229
186 244
186 258
186 267
186 280
186 286
186 287
186 295
187 188
187 189
187 190
187 191
187 232
187 234
187 246
187 248
187 257
187 280
187 290
188 189
188 190
188 191
188 202
188 220
188 226
188 228
188 232
188 238
188 242
188 253
188 264
188 284
189 190
189 191
189 197
189 205
189 214
189 229
189 231
189 246
189 252
189 256
189 271
189 278
189 291
189 292
189 294
190 191
190 203
190 216
190 257
190 278
190 279
190 289
191 197
191 199
191 205
191 213
191 243
191 246
191 290
191 295
191 299
195 196
195 197
195 198
195 199
195 200
195 201
195 202
195 203
195 204
195 205
195 206
195 207
195 208
195 209
195 218
195 220
195 225
195 256
195 263
195 273
195 280
195 283
195 297
196 197
196 198
196 199
196 200
196 201
196 202
196 203
196 204
196 205
196 206
196 207
196 208
196 209
196 212
196 252
196 254
196 275
196 286
196 295
197 198
197 199
197 200
197 201
197 202
197 203
197 204
197 205
197 206
197 207
197 208
197 209
197 215
197 221
197 249
197 252
197 255
197 273
197 279
197 282
197 283
198 199
198 200
198 201
198 202
198 203
198 204
198 205
198 206
198 207
198 208
198 209
198 217
198 227
198 230
198 235
198 258
198 266
198 272
198 287
198 297
199 200
199 201
199 202
199 203
199 204
199 205
199 206
199 207
199 208
199 209
199 216
199 219
199 221
199 231
199 239
199 240
199 256
199 263
199 298
200 201
200 202
200 203
200 204
200 205
200 206
200 207
200 208
200 209
200 210
200 216
200 223
200 266
200 268
200 272
200 293
201 202
201 203
201 204
201 205
201 206
201 207
201 208
201 209
201 220
201 221
201 230
201 231
201 244
201 267
201 286
201 287
201 291
201 292
201 298
202 203
202 204
202 205
202 206
202 207
202 208
202 209
202 218
202 224
202 228
202 239
202 246
202 251
202 252
202 256
202 263
202 264
202 265
202 267
202 271
202 273
202 274
202 275
202 289
202 293
203 204
203 205
203 206
203 207
203 208
203 209
203 228
203 229
203 248
203 251
203 254
203 259
203 261
203 262
203 269
203 293
203 299
204 205
204 206
204 207
204 208
204 209
204 220
204 249
204 253
204 268
204 290
205 206
205 207
205 208
205 209
205 216
205 220
205 223
205 229
205 246
205 258
205 275
206 207
206 208
206 209
206 213
206 224
206 237
206 255
206 282
206 293
207 208
207 209
207 217
207 233
207 241
207 245
207 255
207 258
207 273
207 281
207 291
208 209
208 217
208 222
208 231
208 253
208 269
208 274
208 283
208 284
208 299
209 215
209 246
209 277
209 280
210 224
210 211
210 212
210 213
210 214
210 215
210 216
210 217
210 218
210 219
210 220
210 221
210 222
210 223
210 235
210 238
210 240
210 244
210 245
210 262
210 268
210 274
224 211
224 212
224 213
224 214
224 215
224 216
224 217
224 218
224 219
224 220
224 221
224 222
224 223
224 232
224 233
224 242
224 262
224 280
224 282
224 283
224 285
211 212
211 213
211 214
211 215
211 216
211 217
211 218
211 219
211 220
211 221
211 222
211 223
211 237
211 241
211 242
211 246
211 249
211 267
211 278
211 284
211 296
212 213
212 214
212 215
212 216
212 217
212 218
212 219
212 220
212 221
212 222
212 223
212 248
212 255
212 260
212 261
212 263
212 272
212 284
212 289
212 292
213 214
213 215
213 216
213 217
213 218
213 219
213 220
213 221
213 222
213 223
213 226
213 236
213 240
213 251
213 262
213 273
213 286
213 290
213 297
214 215
214 216
214 217
214 218
214 219
214 220
214 221
214 222
214 223
214 226
214 255
214 266
215 216
215 217
215 218
215 219
215 220
215 221
215 222
215 223
215 266
215 268
215 275
215 288
215 297
216 217
216 218
216 219
216 220
216 221
216 222
216 223
216 231
216 247
216 256
216 265
216 291
216 293
216 294
216 295
216 297
217 218
217 219
217 220
217 221
217 222
217 223
217 228
217 233
217 244
217 251
217 254
217 267
218 219
218 220
218 221
218 222
218 223
218 231
218 234
218 249
218 254
218 256
218 259
218 266
218 271
218 272
218 276
218 277
218 283
218 290
219 220
219 221
219 222
219 223
219 250
219 256
219 258
219 259
219 278
219 288
219 293
220 221
220 222
220 223
221 222
221 223
221 232
221 244
221 251
221 260
221 266
221 272
221 273
221 291
221 292
222 223
222 228
222 257
222 266
222 271
222 275
222 282
222 288
223 240
223 243
225 226
225 227
225 228
225 229
225 230
225 231
225 232
225 233
225 234
225 235
225 236
225 237
225 238
225 239
225 252
225 284
225 286
226 227
226 228
226 229
226 230
226 231
226 232
226 233
226 234
226 235
226 236
226 237
226 238
226 239
226 252
226 258
226 262
226 265
226 267
226 286
226 288
226 297
227 228
227 229
227 230
227 231
227 232
227 233
227 234
227 235
227 236
227 237
227 238
227 239
227 241
227 288
227 290
228 229
228 230
228 231
228 232
228 233
228 234
228 235
228 236
228 237
228 238
228 239
228 243
228 280
228 294
228 297
229 230
229 231
229 232
229 233
229 234
229 235
229 236
229 237
229 238
229 239
229 244
229 248
229 263
229 282
229 285
229 295
230 231
230 232
230 233
230 234
230 235
230 236
230 237
230 238
230 239
230 242
230 246
230 249
230 256
230 266
230 274
230 276
230 280
230 283
231 232
231 233
231 234
231 235
231 236
231 237
231 238
231 239
231 242
231 245
231 254
231 262
231 274
231 283
231 289
231 290
231 295
232 233
232 234
232 235
232 236
232 237
232 238
232 239
232 257
232 265
232 269
232 272
232 273
232 284
232 285
232 298
233 234
233 235
233 236
233 237
233 238
233 239
233 247
233 256
233 257
233 279
233 281
234 235
234 236
234 237
234 238
234 239
234 242
234 245
234 249
234 281
234 286
234 288
235 236
235 237
235 238
235 239
235 258
235 284
236 237
236 238
236 239
236 240
236 256
236 258
236 285
237 238
237 239
237 240
237 262
237 283
237 294
238 239
238 246
238 250
238 257
238 275
238 283
238 285
238 286
238 298
239 251
239 253
239 267
239 276
239 281
239 287
239 295
240 241
240 242
240 243
240 244
240 245
240 246
240 247
240 248
240 249
240 250
240 251
240 252
240 253
240 254
240 268
240 273
240 292
240 294
240 298
241 242
241 243
241 244
241 245
241 246
241 247
241 248
241 249
241 250
241 251
241 252
241 253
241 254
241 269
241 280
241 282
241 292
241 296
241 299
242 243
242 244
242 245
242 246
242 247
242 248
242 249
242 250
242 251
242 252
242 253
242 254
242 259
242 271
242 277
243 244
243 245
243 246
243 247
243 248
243 249
243 250
243 251
243 252
243 253
243 254
243 270
243 292
244 245
244 246
244 247
244 248
244 249
244 250
244 251
244 252
244 253
244 254
244 262
244 267
244 279
244 281
244 286
244 291
244 295
245 246
245 247
245 248
245 249
245 250
245 251
245 252
245 253
245 254
245 257
245 273
245 280
245 285
245 287
245 290
245 295
246 247
246 248
246 249
246 250
246 251
246 252
246 253
246 254
246 269
246 271
246 278
246 283
246 285
246 292
247 248
247 249
247 250
247 251
247 252
247 253
247 254
247 256
247 270
248 249
248 250
248 251
248 252
248 253
248 254
248 265
248 270
248 272
248 279
248 287
248 293
249 250
249 251
249 252
249 253
249 254
249 264
249 267
249 271
249 278
249 281
250 251
250 252
250 253
250 254
250 256
250 273
250 293
250 299
251 252
251 253
251 254
251 255
251 266
251 271
251 273
252 253
252 254
252 262
252 265
252 295
253 254
253 277
253 284
253 290
253 291
253 293
254 257
254 260
254 267
254 271
254 274
254 276
254 278
254 288
254 291
254 297
256 257
256 258
256 259
256 260
256 261
256 262
256 263
256 264
256 265
256 266
256 267
256 268
256 269
256 255
256 274
256 283
256 285
257 258
257 259
257 260
257 261
257 262
257 263
257 264
257 265
257 266
257 267
257 268
257 269
257 255
257 273
257 277
257 287
257 294
258 259
258 260
258 261
258 262
258 263
258 264
258 265
258 266
258 267
258 268
258 269
258 255
258 287
259 260
259 261
259 262
259 263
259 264
259 265
259 266
259 267
259 268
259 269
259 255
259 270
259 273
259 292
260 261
260 262
260 263
260 264
260 265
260 266
260 267
260 268
260 269
260 255
260 275
260 292
260 299
261 262
261 263
261 264
261 265
261 266
261 267
261 268
261 269
261 255
261 293
261 297
261 298
262 263
262 264
262 265
262 266
262 267
262 268
262 269
262 255
262 290
262 295
262 296
263 264
263 265
263 266
263 267
263 268
263 269
263 255
263 291
263 295
263 296
264 265
264 266
264 267
264 268
264 269
264 255
264 296
264 297
265 266
265 267
265 268
265 269
265 255
265 272
265 277
265 292
266 267
266 268
266 269
266 255
266 270
266 273
266 281
266 294
266 297
267 268
267 269
267 255
267 273
267 274
267 277
267 286
268 269
268 255
268 289
268 290
268 291
268 292
268 296
269 255
269 293
255 275
255 280
270 271
270 272
270 273
270 274
270 275
270 276
270 277
270 278
270 279
270 280
270 281
270 282
270 283
270 284
270 291
270 299
271 272
271 273
271 274
271 275
271 276
271 277
271 278
271 279
271 280
271 281
271 282
271 283
271 284
271 299
272 273
272 274
272 275
272 276
272 277
272 278
272 279
272 280
272 281
272 282
272 283
272 284
272 291
273 274
273 275
273 276
273 277
273 278
273 279
273 280
273 281
273 282
273 283
273 284
273 286
273 289
273 294
273 298
273 299
274 275
274 276
274 277
274 278
274 279
274 280
274 281
274 282
274 283
274 284
274 298
274 299
275 276
275 277
275 278
275 279
275 280
275 281
275 282
275 283
275 284
275 287
275 288
276 277
276 278
276 279
276 280
276 281
276 282
276 283
276 284
276 287
276 298
277 278
277 279
277 280
277 281
277 282
277 283
277 284
278 279
278 280
278 281
278 282
278 283
278 284
278 288
279 280
279 281
279 282
279 283
279 284
279 289
279 293
279 299
280 281
280 282
280 283
280 284
281 282
281 283
281 284
281 298
282 283
282 284
282 295
282 297
283 284
283 291
288 289
288 290
288 291
288 292
288 293
288 294
288 295
288 296
288 297
288 298
288 299
288 285
288 286
288 287
289 290
289 291
289 292
289 293
289 294
289 295
289 296
289 297
289 298
289 299
289 285
289 286
289 287
290 291
290 292
290 293
290 294
290 295
290 296
290 297
290 298
290 299
290 285
290 286
290 287
291 292
291 293
291 294
291 295
291 296
291 297
291 298
291 299
291 285
291 286
291 287
292 293
292 294
292 295
292 296
292 297
292 298
292 299
292 285
292 286
292 287
293 294
293 295
293 296
293 297
293 298
293 299
293 285
293 286
293 287
294 295
294 296
294 297
294 298
294 299
294 285
294 286
294 287
295 296
295 297
295 298
295 299
295 285
295 286
295 287
296 297
296 298
296 299
296 285
296 286
296 287
297 298
297 299
297 285
297 286
297 287
298 299
298 285
298 286
298 287
299 285
299 286
299 287
285 286
285 287
286 287
