# 4173 edges
0 1
0 2
0 3
0 4
0 5
0 6
0 7
0 8
0 9
0 47
0 57
0 63
0 71
0 78
0 91
0 102
0 118
0 121
0 127
0 141
0 146
0 150
0 167
0 168
0 176
0 179
0 184
0 185
0 191
0 192
0 217
0 228
0 240
1 2
1 3
1 4
1 5
1 6
1 7
1 8
1 9
1 25
1 32
1 40
1 56
1 72
1 132
1 152
1 156
1 159
1 166
1 170
1 179
1 189
1 236
1 237
2 3
2 4
2 5
2 6
2 7
2 8
2 9
2 14
2 18
2 21
2 27
2 31
2 35
2 44
2 49
2 52
2 70
2 74
2 80
2 86
2 95
2 106
2 111
2 125
2 136
2 140
2 147
2 184
2 190
2 217
2 220
2 237
2 240
2 242
3 4
3 5
3 6
3 7
3 8
3 9
3 10
3 31
3 36
3 51
3 69
3 71
3 75
3 88
3 94
3 98
3 102
3 107
3 109
3 112
3 114
3 117
3 149
3 178
3 209
3 216
3 236
4 5
4 6
4 7
4 8
4 9
4 13
4 36
4 39
4 50
4 58
4 66
4 103
4 111
4 127
4 130
4 131
4 141
4 149
4 151
4 153
4 154
4 187
4 201
4 206
4 214
4 242
5 6
5 7
5 8
5 9
5 11
5 34
5 39
5 48
5 66
5 72
5 79
5 98
5 102
5 110
5 111
5 127
5 142
5 162
5 167
5 169
5 172
5 174
5 180
5 209
5 242
5 246
6 7
6 8
6 9
6 29
6 32
6 39
6 58
6 75
6 84
6 89
6 95
6 109
6 115
6 121
6 125
6 133
6 161
6 182
6 189
6 200
6 213
6 221
7 8
7 9
7 11
7 27
7 29
7 34
7 48
7 67
7 73
7 84
7 88
7 92
7 102
7 105
7 107
7 118
7 133
7 153
7 158
7 166
7 168
7 171
7 174
7 176
7 194
7 204
7 207
7 219
7 223
7 227
7 233
7 236
7 237
7 241
8 9
8 20
8 35
8 39
8 44
8 45
8 46
8 48
8 56
8 57
8 66
8 79
8 81
8 108
8 113
8 114
8 121
8 126
8 136
8 138
8 146
8 152
8 155
8 160
8 188
8 222
8 226
8 231
8 233
8 245
8 249
9 18
9 24
9 33
9 34
9 39
9 45
9 54
9 64
9 97
9 103
9 133
9 152
9 164
9 166
9 174
9 178
9 187
9 201
9 220
9 222
9 241
9 242
9 247
10 11
10 12
10 13
10 14
10 15
10 16
10 17
10 18
10 19
10 23
10 31
10 36
10 45
10 52
10 63
10 68
10 113
10 134
10 138
10 142
10 144
10 149
10 169
10 173
10 177
10 181
10 189
10 194
10 215
10 216
10 237
10 240
11 12
11 13
11 14
11 15
11 16
11 17
11 18
11 19
11 27
11 32
11 53
11 56
11 57
11 111
11 114
11 152
11 172
11 180
11 186
11 210
11 211
11 213
11 222
11 236
11 238
12 13
12 14
12 15
12 16
12 17
12 18
12 19
12 30
12 35
12 41
12 59
12 69
12 72
12 79
12 84
12 110
12 114
12 117
12 136
12 152
12 157
12 161
12 172
12 188
12 190
12 198
12 202
12 206
12 215
12 236
12 237
12 241
12 243
12 248
13 14
13 15
13 16
13 17
13 18
13 19
13 22
13 34
13 36
13 43
13 47
13 51
13 57
13 68
13 87
13 91
13 93
13 105
13 108
13 125
13 139
13 146
13 147
13 150
13 152
13 173
13 186
13 209
13 217
13 233
13 242
13 248
14 15
14 16
14 17
14 18
14 19
14 29
14 30
14 34
14 41
14 45
14 46
14 79
14 83
14 93
14 150
14 151
14 155
14 165
14 166
14 167
14 168
14 176
14 183
14 191
14 192
14 198
14 205
14 222
14 236
14 244
14 246
15 16
15 17
15 18
15 19
15 30
15 60
15 98
15 104
15 114
15 154
15 159
15 161
15 178
15 181
15 186
15 218
15 223
15 238
15 246
16 17
16 18
16 19
16 32
16 40
16 64
16 73
16 78
16 82
16 113
16 128
16 132
16 135
16 138
16 142
16 151
16 182
16 195
16 199
16 200
16 203
16 231
16 233
16 234
16 248
16 249
17 18
17 19
17 34
17 35
17 36
17 40
17 48
17 62
17 64
17 74
17 92
17 99
17 107
17 136
17 137
17 143
17 147
17 153
17 157
17 161
17 198
17 208
17 227
17 235
17 245
18 19
18 24
18 45
18 49
18 51
18 53
18 80
18 87
18 95
18 101
18 108
18 128
18 132
18 142
18 178
18 188
18 189
18 226
18 227
18 229
18 233
18 236
18 242
18 249
19 24
19 26
19 28
19 32
19 37
19 40
19 45
19 55
19 61
19 74
19 78
19 87
19 97
19 116
19 117
19 119
19 126
19 133
19 140
19 147
19 166
19 173
19 179
19 181
19 182
19 184
19 186
19 200
19 209
19 247
20 21
20 22
20 23
20 24
20 25
20 26
20 27
20 28
20 29
20 30
20 31
20 69
20 86
20 90
20 96
20 100
20 110
20 115
20 135
20 144
20 146
20 151
20 168
20 199
20 207
20 223
20 235
21 22
21 23
21 24
21 25
21 26
21 27
21 28
21 29
21 33
21 35
21 36
21 41
21 72
21 99
21 100
21 101
21 102
21 106
21 117
21 122
21 124
21 129
21 165
21 207
21 224
21 230
21 231
21 236
22 23
22 24
22 25
22 26
22 27
22 28
22 29
22 41
22 51
22 60
22 61
22 67
22 70
22 81
22 85
22 87
22 90
22 106
22 112
22 114
22 122
22 138
22 145
22 148
22 152
22 188
22 202
22 222
22 225
22 228
22 235
22 238
22 244
22 245
23 24
23 25
23 26
23 27
23 28
23 29
23 32
23 58
23 70
23 79
23 84
23 85
23 86
23 101
23 103
23 109
23 114
23 116
23 132
23 158
23 176
23 185
23 194
23 214
23 227
23 239
23 241
23 243
24 25
24 26
24 27
24 28
24 29
24 47
24 64
24 85
24 87
24 91
24 101
24 105
24 132
24 133
24 149
24 166
24 192
24 199
24 232
24 239
24 243
25 26
25 27
25 28
25 29
25 49
25 52
25 57
25 58
25 101
25 102
25 108
25 109
25 112
25 125
25 127
25 128
25 137
25 153
25 158
25 162
25 169
25 188
25 196
25 226
26 27
26 28
26 29
26 39
26 46
26 47
26 72
26 76
26 78
26 106
26 109
26 132
26 136
26 138
26 153
26 157
26 162
26 169
26 176
26 185
26 194
26 195
26 197
26 203
26 206
26 214
26 218
26 222
26 228
27 28
27 29
27 33
27 37
27 40
27 55
27 57
27 66
27 75
27 76
27 77
27 79
27 80
27 93
27 95
27 106
27 110
27 129
27 137
27 155
27 158
27 165
27 167
27 173
27 177
27 183
27 184
27 186
27 193
27 214
27 223
27 225
27 236
28 29
28 32
28 46
28 56
28 59
28 64
28 88
28 100
28 105
28 108
28 109
28 111
28 128
28 135
28 154
28 161
28 167
28 210
28 212
28 217
28 220
28 224
28 228
28 246
29 30
29 41
29 66
29 71
29 85
29 89
29 104
29 113
29 116
29 119
29 139
29 149
29 185
29 193
29 196
29 210
29 214
29 215
29 221
32 33
32 34
32 35
32 36
32 37
32 38
32 39
32 30
32 31
32 40
32 57
32 59
32 61
32 84
32 99
32 112
32 150
32 170
32 177
32 198
32 219
32 228
32 229
32 238
33 34
33 35
33 36
33 37
33 38
33 39
33 30
33 31
33 66
33 74
33 80
33 118
33 133
33 146
33 150
33 162
33 175
33 183
33 187
33 189
33 193
33 212
33 228
33 243
33 247
34 35
34 36
34 37
34 38
34 39
34 30
34 31
34 43
34 46
34 65
34 68
34 75
34 79
34 85
34 87
34 92
34 94
34 95
34 113
34 117
34 123
34 124
34 127
34 128
34 133
34 142
34 145
34 163
34 164
34 170
34 171
34 172
34 189
34 197
34 200
34 218
34 240
34 248
35 36
35 37
35 38
35 39
35 30
35 31
35 40
35 60
35 64
35 75
35 76
35 87
35 107
35 118
35 119
35 120
35 121
35 125
35 131
35 141
35 172
35 186
35 191
35 197
35 202
35 207
35 222
35 228
35 232
35 235
35 242
35 243
35 248
36 37
36 38
36 39
36 30
36 31
36 41
36 42
36 66
36 70
36 81
36 84
36 104
36 124
36 126
36 158
36 170
36 171
36 188
36 203
36 217
36 218
36 223
36 231
37 38
37 39
37 30
37 31
37 54
37 60
37 75
37 81
37 84
37 97
37 113
37 137
37 143
37 149
37 165
37 168
37 170
37 171
37 173
37 180
37 183
37 185
37 187
37 194
37 205
37 215
37 219
37 224
37 228
37 245
37 249
38 39
38 30
38 31
38 45
38 49
38 51
38 53
38 56
38 60
38 71
38 78
38 82
38 87
38 95
38 97
38 110
38 130
38 134
38 157
38 158
38 160
38 161
38 168
38 178
38 187
38 188
38 194
38 203
38 208
38 214
38 227
38 234
38 237
39 30
39 31
39 47
39 57
39 59
39 71
39 89
39 111
39 124
39 134
39 138
39 146
39 149
39 152
39 169
39 173
39 178
39 186
39 198
39 212
39 218
39 219
39 230
39 238
39 245
39 247
30 31
30 78
30 82
30 83
30 103
30 104
30 123
30 125
30 134
30 141
30 159
30 162
30 170
30 189
30 203
30 213
31 40
31 117
31 129
31 130
31 197
31 213
31 215
31 217
31 224
31 225
31 227
31 232
31 233
31 238
40 41
40 42
40 43
40 44
40 45
40 46
40 47
40 48
40 49
40 85
40 97
40 110
40 128
40 131
40 144
40 152
40 170
40 171
40 173
40 180
40 185
40 188
40 194
40 195
40 200
40 209
40 215
40 216
40 233
40 242
40 243
41 42
41 43
41 44
41 45
41 46
41 47
41 48
41 49
41 66
41 71
41 77
41 109
41 112
41 115
41 140
41 153
41 166
41 173
41 186
41 194
41 195
41 221
41 229
41 234
41 235
42 43
42 44
42 45
42 46
42 47
42 48
42 49
42 60
42 65
42 70
42 84
42 93
42 104
42 106
42 131
42 139
42 154
42 173
42 174
42 190
42 195
42 205
42 211
42 213
42 225
42 235
42 240
43 44
43 45
43 46
43 47
43 48
43 49
43 50
43 57
43 75
43 78
43 79
43 82
43 88
43 100
43 104
43 113
43 118
43 121
43 134
43 142
43 158
43 165
43 172
43 177
43 179
43 187
43 192
43 204
43 205
43 210
43 227
43 247
44 45
44 46
44 47
44 48
44 49
44 53
44 55
44 58
44 61
44 67
44 73
44 74
44 76
44 98
44 103
44 108
44 123
44 124
44 135
44 167
44 179
44 203
44 211
44 220
44 226
45 46
45 47
45 48
45 49
45 55
45 68
45 73
45 107
45 109
45 119
45 122
45 123
45 131
45 138
45 142
45 148
45 150
45 159
45 171
45 178
45 206
45 212
45 221
45 240
45 243
46 47
46 48
46 49
46 58
46 79
46 87
46 100
46 118
46 134
46 138
46 150
46 160
46 165
46 171
46 174
46 183
46 193
46 201
46 207
46 209
46 211
46 214
46 217
47 48
47 49
47 58
47 61
47 64
47 70
47 95
47 105
47 120
47 130
47 157
47 159
47 177
47 187
47 188
47 194
47 196
47 199
47 206
47 239
47 243
48 49
48 79
48 86
48 88
48 89
48 99
48 109
48 142
48 162
48 176
48 181
48 182
48 219
48 225
48 249
49 58
49 67
49 81
49 85
49 86
49 88
49 91
49 104
49 105
49 111
49 118
49 124
49 126
49 133
49 137
49 143
49 147
49 148
49 153
49 156
49 165
49 169
49 170
49 172
49 183
49 195
49 206
49 235
49 241
49 244
49 249
50 51
50 52
50 53
50 54
50 55
50 56
50 57
50 58
50 59
50 68
50 78
50 105
50 115
50 122
50 124
50 140
50 153
50 159
50 179
50 196
50 203
50 204
50 209
50 219
50 222
50 232
51 52
51 53
51 54
51 55
51 56
51 57
51 58
51 59
51 86
51 91
51 102
51 121
51 122
51 134
51 158
51 173
51 180
51 186
51 193
51 205
51 207
51 222
51 234
52 53
52 54
52 55
52 56
52 57
52 58
52 59
52 66
52 69
52 73
52 116
52 130
52 148
52 152
52 156
52 169
52 192
52 215
52 221
52 232
52 238
52 244
53 54
53 55
53 56
53 57
53 58
53 59
53 68
53 73
53 80
53 86
53 123
53 144
53 149
53 151
53 156
53 162
53 184
53 195
53 198
53 200
53 202
53 209
53 232
53 242
53 247
54 55
54 56
54 57
54 58
54 59
54 64
54 81
54 100
54 103
54 109
54 116
54 117
54 142
54 144
54 149
54 170
54 174
54 179
54 228
54 235
54 239
54 242
54 243
55 56
55 57
55 58
55 59
55 64
55 74
55 84
55 88
55 96
55 121
55 124
55 136
55 151
55 152
55 170
55 171
55 184
55 198
55 202
55 207
55 220
55 222
55 229
55 233
55 244
56 57
56 58
56 59
56 78
56 79
56 85
56 88
56 98
56 103
56 107
56 112
56 117
56 120
56 124
56 139
56 143
56 155
56 159
56 181
56 190
56 198
56 199
56 203
56 229
56 239
56 245
57 58
57 59
57 63
57 65
57 75
57 101
57 102
57 146
57 147
57 151
57 160
57 170
57 177
57 182
57 195
57 203
57 216
57 221
57 223
57 247
58 59
58 69
58 98
58 100
58 102
58 106
58 132
58 154
58 164
58 170
58 180
58 183
58 204
58 207
58 212
58 217
58 234
58 235
59 70
59 94
59 108
59 112
59 121
59 127
59 131
59 132
59 162
59 168
59 174
59 198
59 202
59 203
59 209
59 213
64 65
64 66
64 67
64 68
64 69
64 60
64 61
64 62
64 63
64 71
64 125
64 130
64 148
64 164
64 179
64 201
64 202
64 205
64 215
64 233
64 244
65 66
65 67
65 68
65 69
65 60
65 61
65 62
65 63
65 72
65 79
65 80
65 82
65 87
65 109
65 114
65 119
65 133
65 154
65 165
65 172
65 173
65 189
65 198
65 199
65 208
65 209
65 217
65 223
65 240
66 67
66 68
66 69
66 60
66 61
66 62
66 63
66 88
66 89
66 124
66 140
66 145
66 152
66 181
66 192
66 217
66 237
66 239
66 243
67 68
67 69
67 60
67 61
67 62
67 63
67 72
67 86
67 90
67 94
67 112
67 114
67 118
67 125
67 129
67 133
67 135
67 137
67 145
67 168
67 175
67 179
67 184
67 203
67 222
67 223
67 239
68 69
68 60
68 61
68 62
68 63
68 70
68 74
68 88
68 111
68 115
68 117
68 123
68 124
68 125
68 127
68 131
68 133
68 138
68 141
68 151
68 163
68 170
68 171
68 175
68 187
68 216
68 228
68 233
68 236
68 238
68 240
68 244
68 248
69 60
69 61
69 62
69 63
69 70
69 96
69 104
69 109
69 120
69 129
69 134
69 141
69 189
69 196
69 224
69 236
69 246
60 61
60 62
60 63
60 91
60 94
60 104
60 106
60 107
60 114
60 119
60 120
60 145
60 148
60 149
60 181
60 183
60 201
60 208
60 209
60 229
60 231
61 62
61 63
61 81
61 83
61 116
61 124
61 136
61 147
61 172
61 174
61 181
61 185
61 186
61 220
61 228
61 235
62 63
62 78
62 92
62 103
62 104
62 119
62 122
62 123
62 137
62 172
62 174
62 175
62 179
62 180
62 195
62 204
62 221
62 223
62 231
62 237
63 88
63 110
63 115
63 125
63 149
63 163
63 174
63 182
63 190
63 223
63 239
63 241
63 243
63 245
63 248
70 71
70 72
70 73
70 74
70 75
70 76
70 77
70 78
70 79
70 92
70 95
70 96
70 114
70 119
70 120
70 128
70 142
70 154
70 169
70 176
70 179
70 192
70 195
70 207
70 219
70 225
70 227
70 238
71 72
71 73
71 74
71 75
71 76
71 77
71 78
71 79
71 80
71 107
71 113
71 119
71 124
71 128
71 162
71 163
71 174
71 181
71 188
71 193
71 195
71 198
71 212
71 216
71 226
71 227
71 228
71 233
71 243
72 73
72 74
72 75
72 76
72 77
72 78
72 79
72 96
72 106
72 114
72 139
72 145
72 164
72 166
72 173
72 176
72 196
72 197
72 198
72 216
72 229
72 232
72 233
72 242
72 246
72 248
73 74
73 75
73 76
73 77
73 78
73 79
73 84
73 97
73 117
73 124
73 126
73 128
73 129
73 154
73 156
73 173
73 187
73 203
73 222
73 235
73 245
74 75
74 76
74 77
74 78
74 79
74 86
74 91
74 101
74 117
74 139
74 148
74 150
74 153
74 158
74 168
74 170
74 189
74 195
74 198
74 208
74 216
74 224
74 247
75 76
75 77
75 78
75 79
75 85
75 106
75 107
75 118
75 124
75 150
75 159
75 167
75 176
75 188
75 192
75 195
75 199
75 207
75 221
75 223
75 226
75 240
75 248
76 77
76 78
76 79
76 88
76 90
76 95
76 109
76 112
76 119
76 126
76 127
76 129
76 142
76 151
76 160
76 164
76 174
76 184
76 189
76 196
76 200
76 207
76 226
76 231
76 233
76 238
76 249
77 78
77 79
77 84
77 106
77 126
77 128
77 136
77 144
77 158
77 160
77 165
77 167
77 174
77 176
77 195
77 215
77 223
77 224
77 248
77 249
78 79
78 87
78 89
78 99
78 101
78 104
78 106
78 118
78 127
78 160
78 165
78 170
78 177
78 185
78 187
78 188
78 193
78 228
78 245
78 248
79 94
79 95
79 97
79 101
79 121
79 124
79 126
79 133
79 134
79 135
79 139
79 143
79 157
79 159
79 163
79 166
79 170
79 178
79 179
79 187
79 194
79 200
79 208
79 221
79 237
80 81
80 82
80 83
80 84
80 85
80 86
80 87
80 88
80 89
80 104
80 124
80 128
80 146
80 156
80 161
80 166
80 169
80 193
80 195
80 197
80 199
80 221
80 224
80 225
80 232
80 241
80 244
81 82
81 83
81 84
81 85
81 86
81 87
81 88
81 89
81 115
81 123
81 129
81 133
81 135
81 136
81 145
81 153
81 159
81 169
81 174
81 197
81 202
81 210
81 219
81 226
81 227
81 228
81 244
81 247
81 249
82 83
82 84
82 85
82 86
82 87
82 88
82 89
82 90
82 98
82 99
82 121
82 145
82 153
82 158
82 163
82 164
82 165
82 178
82 194
82 202
82 205
82 214
82 218
82 219
82 226
82 230
82 231
82 246
83 84
83 85
83 86
83 87
83 88
83 89
83 93
83 120
83 133
83 135
83 136
83 138
83 141
83 169
83 172
83 173
83 181
83 187
83 190
83 195
83 197
83 199
83 208
83 227
83 235
83 240
84 85
84 86
84 87
84 88
84 89
84 93
84 101
84 104
84 108
84 112
84 113
84 134
84 137
84 153
84 155
84 157
84 158
84 164
84 189
84 205
84 206
84 211
84 214
84 228
84 242
85 86
85 87
85 88
85 89
85 94
85 102
85 103
85 113
85 140
85 172
85 179
85 183
85 185
85 189
85 190
85 207
85 209
85 213
85 239
85 247
86 87
86 88
86 89
86 92
86 97
86 104
86 106
86 110
86 114
86 120
86 130
86 151
86 155
86 157
86 173
86 209
86 221
86 223
86 229
87 88
87 89
87 90
87 96
87 106
87 111
87 116
87 136
87 152
87 154
87 164
87 194
87 198
87 200
87 202
87 224
87 247
88 89
88 90
88 115
88 122
88 127
88 129
88 130
88 135
88 143
88 144
88 150
88 151
88 157
88 165
88 169
88 223
88 226
88 237
88 249
89 97
89 101
89 113
89 115
89 125
89 128
89 133
89 134
89 135
89 165
89 179
89 180
89 186
89 189
89 217
89 227
89 229
89 238
89 248
96 97
96 98
96 99
96 90
96 91
96 92
96 93
96 94
96 95
96 101
96 117
96 121
96 122
96 125
96 138
96 156
96 165
96 181
96 189
96 192
96 195
96 196
96 203
96 206
96 215
96 228
97 98
97 99
97 90
97 91
97 92
97 93
97 94
97 95
97 104
97 118
97 123
97 128
97 155
97 167
97 168
97 174
97 190
97 214
97 219
97 225
97 227
97 234
97 235
98 99
98 90
98 91
98 92
98 93
98 94
98 95
98 103
98 107
98 108
98 113
98 116
98 118
98 124
98 136
98 140
98 163
98 165
98 167
98 173
98 183
98 186
98 195
98 200
98 201
98 209
98 216
98 218
99 90
99 91
99 92
99 93
99 94
99 95
99 105
99 106
99 109
99 117
99 122
99 135
99 153
99 175
99 182
99 192
99 198
99 201
99 209
99 211
99 229
99 230
90 91
90 92
90 93
90 94
90 95
90 140
90 147
90 150
90 151
90 167
90 172
90 173
90 175
90 177
90 182
90 197
90 200
90 204
90 214
90 218
90 224
90 225
91 92
91 93
91 94
91 95
91 108
91 110
91 115
91 119
91 123
91 130
91 135
91 161
91 168
91 187
91 194
91 210
91 212
91 230
91 237
91 247
91 248
92 93
92 94
92 95
92 100
92 102
92 106
92 109
92 129
92 141
92 142
92 145
92 159
92 163
92 168
92 171
92 176
92 185
92 198
92 202
92 205
92 207
92 210
92 213
92 222
92 234
92 235
92 239
92 241
93 94
93 95
93 121
93 122
93 131
93 146
93 167
93 189
93 192
93 202
93 207
93 225
93 235
94 95
94 107
94 108
94 119
94 123
94 127
94 163
94 166
94 169
94 176
94 180
94 183
94 188
94 199
94 206
94 215
94 229
94 238
94 239
94 244
95 102
95 104
95 109
95 112
95 134
95 147
95 161
95 177
95 181
95 184
95 194
95 223
95 231
95 237
95 244
100 101
100 102
100 103
100 104
100 105
100 106
100 107
100 108
100 109
100 119
100 140
100 145
100 166
100 169
100 178
100 187
100 197
100 199
100 247
100 249
101 102
101 103
101 104
101 105
101 106
101 107
101 108
101 109
101 113
101 121
101 126
101 134
101 147
101 149
101 159
101 202
101 208
101 209
101 217
101 230
101 249
102 103
102 104
102 105
102 106
102 107
102 108
102 109
102 116
102 119
102 120
102 123
102 136
102 147
102 150
102 156
102 165
102 175
102 196
102 199
102 204
102 206
102 212
102 236
102 244
103 104
103 105
103 106
103 107
103 108
103 109
103 114
103 116
103 125
103 127
103 133
103 152
103 169
103 174
103 177
103 190
103 206
103 210
103 211
103 213
103 220
103 230
103 233
103 246
104 105
104 106
104 107
104 108
104 109
104 116
104 119
104 146
104 154
104 158
104 159
104 160
104 179
104 191
104 195
104 204
104 216
104 225
104 239
105 106
105 107
105 108
105 109
105 113
105 145
105 153
105 154
105 182
105 208
105 222
105 224
105 226
105 234
106 107
106 108
106 109
106 132
106 147
106 163
106 167
106 169
106 180
106 193
106 205
106 206
106 223
106 225
106 235
106 244
107 108
107 109
107 125
107 128
107 138
107 161
107 163
107 169
107 182
107 191
107 196
107 213
107 220
107 232
107 236
107 247
107 249
108 109
108 118
108 121
108 125
108 131
108 133
108 139
108 154
108 165
108 172
108 177
108 186
108 190
108 197
108 217
108 240
108 241
109 120
109 121
109 124
109 132
109 136
109 163
109 187
109 197
109 200
109 207
109 208
109 213
109 219
109 222
109 227
109 228
110 111
110 112
110 113
110 114
110 115
110 116
110 117
110 118
110 119
110 121
110 123
110 143
110 156
110 158
110 161
110 163
110 164
110 195
110 203
110 217
110 223
111 112
111 113
111 114
111 115
111 116
111 117
111 118
111 119
111 133
111 148
111 168
111 180
111 185
111 196
111 229
111 239
111 242
112 113
112 114
112 115
112 116
112 117
112 118
112 119
112 120
112 122
112 126
112 142
112 173
112 195
112 202
112 209
112 225
112 232
112 239
113 114
113 115
113 116
113 117
113 118
113 119
113 144
113 166
113 196
113 216
113 237
113 238
113 239
113 248
114 115
114 116
114 117
114 118
114 119
114 126
114 127
114 129
114 131
114 134
114 166
114 172
114 197
114 199
114 206
114 243
115 116
115 117
115 118
115 119
115 126
115 135
115 140
115 151
115 153
115 159
115 169
115 185
115 186
115 188
115 199
115 200
115 227
116 117
116 118
116 119
116 134
116 145
116 154
116 160
116 167
116 181
116 203
116 215
116 224
116 229
116 236
117 118
117 119
117 125
117 127
117 131
117 134
117 173
117 174
117 176
117 180
117 196
117 237
117 242
118 119
118 123
118 131
118 137
118 148
118 151
118 157
118 165
118 173
118 195
118 217
118 224
118 225
118 228
118 238
118 245
118 247
119 123
119 136
119 138
119 145
119 161
119 174
119 176
119 177
119 184
119 203
119 209
119 220
119 230
119 234
119 238
119 246
128 129
128 120
128 121
128 122
128 123
128 124
128 125
128 126
128 127
128 153
128 172
128 179
128 180
128 187
128 194
128 215
128 219
128 237
128 238
128 242
129 120
129 121
129 122
129 123
129 124
129 125
129 126
129 127
129 142
129 146
129 150
129 152
129 163
129 176
129 178
129 207
129 223
129 226
129 228
120 121
120 122
120 123
120 124
120 125
120 126
120 127
120 131
120 135
120 147
120 154
120 159
120 168
120 171
120 196
120 202
120 203
120 219
120 225
120 229
120 249
121 122
121 123
121 124
121 125
121 126
121 127
121 173
121 175
121 181
121 184
121 198
121 202
121 230
122 123
122 124
122 125
122 126
122 127
122 135
122 139
122 140
122 142
122 156
122 162
122 179
122 184
122 185
122 198
122 217
122 223
122 238
122 241
123 124
123 125
123 126
123 127
123 136
123 149
123 165
123 176
123 178
123 179
123 190
123 193
123 199
123 203
123 214
123 233
124 125
124 126
124 127
124 131
124 132
124 135
124 146
124 155
124 157
124 163
124 164
124 187
124 212
124 218
124 244
125 126
125 127
125 141
125 176
125 177
125 201
125 205
125 223
125 232
126 127
126 137
126 138
126 170
126 173
126 211
126 215
126 217
126 221
126 236
126 244
127 138
127 148
127 154
127 157
127 165
127 167
127 168
127 176
127 185
127 189
127 212
127 213
127 229
127 249
130 131
130 132
130 133
130 134
130 135
130 136
130 137
130 138
130 139
130 141
130 147
130 163
130 165
130 179
130 182
130 196
130 205
130 232
130 237
130 247
131 132
131 133
131 134
131 135
131 136
131 137
131 138
131 139
131 145
131 148
131 150
131 164
131 166
131 177
131 181
131 182
131 201
131 211
131 214
131 236
131 248
132 133
132 134
132 135
132 136
132 137
132 138
132 139
132 147
132 154
132 175
132 177
132 180
132 182
132 187
132 195
132 213
132 230
132 247
133 134
133 135
133 136
133 137
133 138
133 139
133 146
133 168
133 189
133 234
133 238
133 241
133 242
133 248
134 135
134 136
134 137
134 138
134 139
134 144
134 151
134 163
134 168
134 174
134 193
134 197
134 201
134 203
134 210
134 223
134 228
134 235
134 239
135 136
135 137
135 138
135 139
135 143
135 172
135 200
135 211
135 226
136 137
136 138
136 139
136 152
136 153
136 161
136 162
136 176
136 185
136 196
136 209
136 216
136 226
136 231
136 235
136 242
136 249
137 138
137 139
137 141
137 146
137 149
137 153
137 154
137 186
137 190
137 193
137 199
137 210
137 214
137 237
137 240
138 139
138 143
138 144
138 155
138 165
138 175
138 177
138 182
138 184
138 202
138 230
138 241
139 143
139 151
139 159
139 183
139 191
139 194
139 210
139 224
139 239
139 244
139 247
140 141
140 142
140 143
140 144
140 145
140 146
140 147
140 148
140 149
140 156
140 167
140 174
140 212
140 227
140 238
141 142
141 143
141 144
141 145
141 146
141 147
141 148
141 149
141 163
141 164
141 180
141 208
141 209
141 215
141 226
141 232
141 235
141 241
142 143
142 144
142 145
142 146
142 147
142 148
142 149
142 159
142 160
142 172
142 173
142 174
142 177
142 181
142 190
142 194
142 196
142 216
142 220
142 230
142 235
142 248
143 144
143 145
143 146
143 147
143 148
143 149
143 152
143 171
143 173
143 179
143 199
143 201
143 213
143 214
143 226
143 240
143 247
144 145
144 146
144 147
144 148
144 149
144 153
144 156
144 158
144 162
144 194
144 209
144 224
144 227
144 242
144 243
144 248
145 146
145 147
145 148
145 149
145 158
145 167
145 170
145 212
145 213
145 241
145 248
146 147
146 148
146 149
146 153
146 158
146 167
146 172
146 179
146 183
146 201
146 204
146 208
146 209
146 213
146 230
146 235
146 238
146 240
146 242
147 148
147 149
147 151
147 158
147 159
147 179
147 180
147 187
147 189
147 235
147 236
147 246
148 149
148 175
148 182
148 189
148 201
148 206
148 208
148 210
148 218
148 229
148 244
148 246
149 168
149 185
149 187
149 192
149 199
149 200
149 205
149 213
149 233
150 151
150 152
150 153
150 154
150 155
150 156
150 157
150 158
150 159
150 165
150 176
150 205
150 221
150 232
150 243
151 152
151 153
151 154
151 155
151 156
151 157
151 158
151 159
151 166
151 169
151 172
151 175
151 189
151 191
151 203
151 211
151 237
151 249
152 153
152 154
152 155
152 156
152 157
152 158
152 159
152 165
152 174
152 180
152 183
152 186
152 208
152 213
152 230
153 154
153 155
153 156
153 157
153 158
153 159
153 168
153 183
153 188
153 198
153 216
153 241
154 155
154 156
154 157
154 158
154 159
154 179
154 182
154 216
154 241
154 244
155 156
155 157
155 158
155 159
155 171
155 177
155 186
155 190
155 196
155 218
155 221
156 157
156 158
156 159
156 163
156 180
156 181
156 189
156 193
156 200
156 201
156 203
156 217
156 222
156 239
156 245
157 158
157 159
157 166
157 167
157 175
157 189
157 212
157 221
157 224
157 227
157 238
158 159
158 169
158 176
158 190
158 201
158 225
158 236
158 238
158 241
158 244
158 248
159 160
159 162
159 177
159 186
159 196
159 217
159 218
159 222
159 236
159 244
159 249
160 161
160 162
160 163
160 164
160 165
160 166
160 167
160 168
160 169
160 183
160 186
160 200
160 204
160 210
160 224
160 225
160 227
160 231
160 249
161 162
161 163
161 164
161 165
161 166
161 167
161 168
161 169
161 180
161 188
161 196
161 201
161 203
161 211
161 221
161 226
161 229
162 163
162 164
162 165
162 166
162 167
162 168
162 169
162 189
162 204
162 213
162 227
162 242
162 246
163 164
163 165
163 166
163 167
163 168
163 169
163 171
163 177
163 195
163 214
163 217
163 224
163 231
164 165
164 166
164 167
164 168
164 169
164 173
164 180
164 185
164 205
164 212
164 228
164 230
164 237
165 166
165 167
165 168
165 169
165 179
165 182
165 183
165 186
165 187
165 191
165 204
165 205
165 215
165 219
165 235
165 237
165 239
166 167
166 168
166 169
166 185
166 190
166 193
166 211
166 223
166 227
166 229
166 246
166 248
167 168
167 169
167 186
167 189
167 195
167 204
167 231
168 169
168 189
168 205
168 218
168 225
168 227
168 238
168 248
169 171
169 174
169 175
169 184
169 185
169 187
169 197
169 206
169 213
169 234
169 239
169 243
169 245
170 171
170 172
170 173
170 174
170 175
170 176
170 177
170 178
170 179
170 185
170 199
170 215
170 234
171 172
171 173
171 174
171 175
171 176
171 177
171 178
171 179
171 180
171 181
171 195
171 197
171 204
171 206
171 212
172 173
172 174
172 175
172 176
172 177
172 178
172 179
172 181
172 197
172 218
172 237
173 174
173 175
173 176
173 177
173 178
173 179
173 191
173 237
173 247
173 249
174 175
174 176
174 177
174 178
174 179
174 183
174 200
174 205
174 208
174 232
175 176
175 177
175 178
175 179
175 190
175 211
175 237
176 177
176 178
176 179
176 197
176 200
176 208
176 212
176 217
176 238
177 178
177 179
177 219
177 224
177 241
177 244
178 179
178 182
178 187
178 207
178 217
178 230
178 244
179 184
179 192
179 206
179 207
179 222
179 227
179 249
180 181
180 182
180 183
180 184
180 185
180 186
180 187
180 188
180 189
180 201
180 214
180 218
180 224
180 227
180 233
180 234
180 239
181 182
181 183
181 184
181 185
181 186
181 187
181 188
181 189
181 190
181 192
181 193
181 208
181 226
181 234
181 235
181 247
182 183
182 184
182 185
182 186
182 187
182 188
182 189
182 213
182 243
182 246
183 184
183 185
183 186
183 187
183 188
183 189
183 214
183 230
183 240
184 185
184 186
184 187
184 188
184 189
184 205
184 209
184 217
184 226
184 230
184 233
184 237
185 186
185 187
185 188
185 189
185 202
185 205
185 218
185 221
185 233
185 240
185 245
185 246
186 187
186 188
186 189
186 208
186 211
186 217
186 233
186 240
187 188
187 189
187 191
187 193
187 195
187 201
187 209
187 215
187 230
187 237
187 243
188 189
188 226
189 190
189 191
189 197
189 199
189 200
189 221
189 224
189 238
192 193
192 194
192 195
192 196
192 197
192 198
192 199
192 190
192 191
192 218
192 225
192 243
192 249
193 194
193 195
193 196
193 197
193 198
193 199
193 190
193 191
193 208
193 209
193 223
193 242
194 195
194 196
194 197
194 198
194 199
194 190
194 191
194 204
194 208
194 213
194 214
194 226
194 245
195 196
195 197
195 198
195 199
195 190
195 191
195 206
195 217
195 229
195 239
195 246
196 197
196 198
196 199
196 190
196 191
196 205
196 206
196 235
196 238
196 240
196 245
196 247
196 249
197 198
197 199
197 190
197 191
197 200
197 207
197 218
197 219
197 229
197 232
197 233
197 235
197 240
197 241
197 246
197 248
198 199
198 190
198 191
198 211
198 224
198 225
198 228
198 231
198 236
198 243
198 244
199 190
199 191
199 200
199 220
199 222
199 243
199 246
190 191
190 208
190 219
190 220
190 222
190 228
190 236
190 243
190 248
191 208
191 233
191 239
191 243
200 201
200 202
200 203
200 204
200 205
200 206
200 207
200 208
200 209
200 232
200 235
200 249
201 202
201 203
201 204
201 205
201 206
201 207
201 208
201 209
201 226
202 203
202 204
202 205
202 206
202 207
202 208
202 209
202 212
202 221
202 229
202 234
203 204
203 205
203 206
203 207
203 208
203 209
203 211
203 220
203 231
203 236
203 237
204 205
204 206
204 207
204 208
204 209
204 212
204 215
204 233
205 206
205 207
205 208
205 209
205 211
205 217
205 235
205 238
205 243
206 207
206 208
206 209
206 217
206 221
206 228
206 237
206 240
207 208
207 209
207 229
208 209
208 218
208 228
208 229
208 237
209 225
209 226
210 211
210 212
210 213
210 214
210 215
210 216
210 217
210 218
210 219
210 223
211 212
211 213
211 214
211 215
211 216
211 217
211 218
211 219
211 222
212 213
212 214
212 215
212 216
212 217
212 218
212 219
212 222
212 223
212 225
212 241
213 214
213 215
213 216
213 217
213 218
213 219
213 229
213 233
214 215
214 216
214 217
214 218
214 219
214 232
214 236
214 237
214 249
215 216
215 217
215 218
215 219
215 221
215 234
215 243
216 217
216 218
216 219
216 237
217 218
217 219
217 221
217 235
217 247
218 219
218 241
218 247
219 239
224 225
224 226
224 227
224 228
224 229
224 220
224 221
224 222
224 223
224 236
224 249
225 226
225 227
225 228
225 229
225 220
225 221
225 222
225 223
225 232
225 233
225 243
225 244
226 227
226 228
226 229
226 220
226 221
226 222
226 223
226 239
226 247
227 228
227 229
227 220
227 221
227 222
227 223
227 233
227 234
227 239
227 240
227 246
228 229
228 220
228 221
228 222
228 223
228 235
228 243
229 220
229 221
229 222
229 223
229 238
229 244
229 245
220 221
220 222
220 223
221 222
221 223
221 233
222 223
222 230
222 243
230 231
230 232
230 233
230 234
230 235
230 236
230 237
230 238
230 239
231 232
231 233
231 234
231 235
231 236
231 237
231 238
231 239
231 243
231 244
231 246
231 248
232 233
232 234
232 235
232 236
232 237
232 238
232 239
232 247
233 234
233 235
233 236
233 237
233 238
233 239
233 243
234 235
234 236
234 237
234 238
234 239
234 244
234 246
235 236
235 237
235 238
235 239
236 237
236 238
236 239
236 240
236 248
237 238
237 239
237 240
237 241
237 247
238 239
238 248
240 241
240 242
240 243
240 244
240 245
240 246
240 247
240 248
240 249
241 242
241 243
241 244
241 245
241 246
241 247
241 248
241 249
242 243
242 244
242 245
242 246
242 247
242 248
242 249
243 244
243 245
243 246
243 247
243 248
243 249
244 245
244 246
244 247
244 248
244 249
245 246
245 247
245 248
245 249
246 247
246 248
246 249
247 248
247 249
248 249
