# 10250 edges
0 1
0 2
0 3
0 4
0 5
0 6
0 7
0 8
0 9
0 16
0 19
0 21
0 23
0 29
0 44
0 45
0 47
0 49
0 53
0 57
0 58
0 59
0 61
0 62
0 63
0 65
0 66
0 67
0 69
0 71
0 77
0 78
0 82
0 83
0 88
0 89
0 90
0 91
0 99
0 102
0 103
0 112
0 113
0 114
0 118
0 120
0 121
0 127
0 128
0 130
0 133
0 135
0 136
0 138
0 141
0 144
0 146
0 150
0 151
0 156
0 157
0 166
0 167
0 168
0 176
0 179
0 184
0 185
0 187
0 189
0 191
0 192
0 194
0 200
0 213
0 216
0 217
0 218
0 219
0 226
0 227
0 228
0 234
0 238
0 240
0 241
0 243
0 245
0 247
1 2
1 3
1 4
1 5
1 6
1 7
1 8
1 9
1 16
1 18
1 20
1 22
1 25
1 29
1 32
1 33
1 35
1 36
1 39
1 40
1 54
1 56
1 57
1 63
1 64
1 68
1 72
1 74
1 76
1 78
1 89
1 92
1 93
1 97
1 108
1 119
1 122
1 129
1 131
1 132
1 133
1 135
1 138
1 140
1 143
1 144
1 147
1 148
1 152
1 154
1 156
1 157
1 158
1 159
1 161
1 165
1 166
1 168
1 170
1 173
1 174
1 177
1 179
1 181
1 182
1 188
1 189
1 201
1 205
1 209
1 222
1 227
1 229
1 230
1 231
1 236
1 237
1 238
1 243
1 246
2 3
2 4
2 5
2 6
2 7
2 8
2 9
2 11
2 13
2 14
2 18
2 21
2 27
2 28
2 30
2 31
2 34
2 35
2 39
2 43
2 44
2 47
2 49
2 50
2 51
2 52
2 55
2 57
2 58
2 59
2 60
2 61
2 67
2 70
2 74
2 77
2 80
2 86
2 89
2 93
2 94
2 95
2 99
2 101
2 104
2 106
2 111
2 115
2 117
2 121
2 122
2 125
2 129
2 132
2 133
2 136
2 140
2 141
2 143
2 147
2 156
2 164
2 169
2 177
2 180
2 183
2 184
2 185
2 187
2 190
2 191
2 207
2 209
2 212
2 214
2 217
2 218
2 220
2 226
2 237
2 240
2 241
2 242
2 244
2 249
3 4
3 5
3 6
3 7
3 8
3 9
3 10
3 31
3 34
3 35
3 36
3 39
3 43
3 50
3 51
3 54
3 55
3 59
3 60
3 66
3 69
3 71
3 72
3 74
3 75
3 77
3 79
3 81
3 83
3 85
3 88
3 94
3 95
3 98
3 101
3 102
3 107
3 109
3 112
3 114
3 117
3 130
3 136
3 143
3 145
3 148
3 149
3 151
3 156
3 158
3 178
3 182
3 183
3 189
3 190
3 192
3 203
3 209
3 211
3 216
3 219
3 220
3 226
3 227
3 235
3 236
3 237
3 242
3 246
4 5
4 6
4 7
4 8
4 9
4 10
4 13
4 14
4 19
4 20
4 21
4 30
4 31
4 34
4 35
4 36
4 39
4 42
4 47
4 48
4 50
4 52
4 53
4 58
4 60
4 63
4 64
4 66
4 74
4 77
4 80
4 84
4 86
4 88
4 91
4 93
4 98
4 101
4 103
4 108
4 110
4 111
4 118
4 121
4 124
4 127
4 130
4 131
4 134
4 141
4 142
4 149
4 151
4 153
4 154
4 155
4 156
4 162
4 163
4 167
4 179
4 186
4 187
4 195
4 196
4 200
4 201
4 202
4 204
4 206
4 207
4 214
4 218
4 219
4 222
4 224
4 234
4 242
4 245
4 247
4 249
5 6
5 7
5 8
5 9
5 10
5 11
5 16
5 30
5 34
5 37
5 39
5 48
5 55
5 57
5 58
5 59
5 65
5 66
5 72
5 77
5 78
5 79
5 81
5 96
5 97
5 98
5 100
5 102
5 110
5 111
5 112
5 113
5 115
5 119
5 124
5 127
5 128
5 129
5 130
5 139
5 142
5 144
5 145
5 152
5 155
5 157
5 158
5 159
5 161
5 162
5 167
5 168
5 169
5 172
5 174
5 180
5 195
5 200
5 202
5 205
5 206
5 209
5 219
5 223
5 226
5 227
5 233
5 237
5 238
5 241
5 242
5 243
5 246
6 7
6 8
6 9
6 13
6 14
6 19
6 22
6 29
6 32
6 33
6 35
6 36
6 37
6 39
6 42
6 46
6 47
6 53
6 54
6 55
6 56
6 57
6 58
6 64
6 65
6 69
6 70
6 71
6 75
6 80
6 84
6 87
6 89
6 94
6 95
6 107
6 108
6 109
6 114
6 115
6 121
6 122
6 123
6 125
6 129
6 133
6 137
6 142
6 143
6 148
6 151
6 154
6 155
6 161
6 164
6 167
6 175
6 177
6 179
6 182
6 184
6 186
6 189
6 193
6 196
6 198
6 200
6 208
6 209
6 211
6 213
6 216
6 217
6 219
6 221
6 224
6 226
6 230
6 233
6 237
6 241
6 243
6 244
6 246
7 8
7 9
7 10
7 11
7 21
7 25
7 27
7 29
7 30
7 34
7 37
7 38
7 40
7 48
7 51
7 62
7 65
7 67
7 73
7 78
7 79
7 84
7 86
7 88
7 91
7 92
7 94
7 96
7 102
7 105
7 107
7 108
7 112
7 118
7 124
7 128
7 133
7 135
7 144
7 153
7 154
7 155
7 158
7 162
7 165
7 166
7 168
7 171
7 174
7 176
7 177
7 181
7 186
7 189
7 190
7 193
7 194
7 197
7 202
7 203
7 204
7 207
7 208
7 209
7 211
7 219
7 220
7 222
7 223
7 225
7 227
7 231
7 233
7 235
7 236
7 237
7 241
7 243
8 9
8 14
8 18
8 20
8 21
8 29
8 31
8 35
8 36
8 39
8 44
8 45
8 46
8 48
8 49
8 54
8 56
8 57
8 66
8 72
8 79
8 81
8 89
8 93
8 94
8 102
8 103
8 107
8 108
8 110
8 111
8 113
8 114
8 117
8 118
8 120
8 121
8 126
8 129
8 130
8 132
8 136
8 138
8 140
8 144
8 146
8 147
8 152
8 153
8 155
8 160
8 169
8 172
8 173
8 176
8 180
8 181
8 183
8 186
8 188
8 192
8 193
8 203
8 211
8 220
8 222
8 223
8 226
8 231
8 233
8 236
8 237
8 244
8 245
8 249
9 11
9 13
9 18
9 19
9 23
9 24
9 31
9 33
9 34
9 36
9 39
9 41
9 45
9 49
9 50
9 51
9 52
9 54
9 55
9 58
9 64
9 78
9 81
9 86
9 87
9 89
9 91
9 93
9 97
9 99
9 102
9 103
9 107
9 110
9 116
9 118
9 120
9 122
9 124
9 126
9 131
9 133
9 134
9 137
9 145
9 146
9 147
9 152
9 153
9 154
9 161
9 164
9 166
9 174
9 178
9 180
9 184
9 187
9 200
9 201
9 204
9 208
9 212
9 216
9 220
9 222
9 224
9 226
9 236
9 241
9 242
9 244
9 245
9 247
10 11
10 12
10 13
10 14
10 15
10 16
10 17
10 18
10 19
10 21
10 23
10 31
10 36
10 39
10 40
10 45
10 46
10 48
10 50
10 52
10 63
10 66
10 68
10 73
10 83
10 91
10 98
10 99
10 100
10 105
10 107
10 108
10 110
10 113
10 115
10 116
10 134
10 137
10 138
10 141
10 142
10 144
10 145
10 148
10 149
10 150
10 154
10 158
10 165
10 167
10 169
10 171
10 173
10 177
10 179
10 180
10 181
10 186
10 189
10 190
10 194
10 195
10 199
10 208
10 210
10 213
10 215
10 216
10 229
10 231
10 233
10 237
10 240
10 243
10 248
11 12
11 13
11 14
11 15
11 16
11 17
11 18
11 19
11 23
11 27
11 32
11 35
11 36
11 38
11 46
11 47
11 52
11 53
11 56
11 57
11 60
11 62
11 64
11 67
11 75
11 77
11 82
11 85
11 90
11 104
11 111
11 113
11 114
11 117
11 119
11 122
11 124
11 126
11 131
11 133
11 137
11 144
11 152
11 162
11 167
11 172
11 173
11 180
11 186
11 189
11 191
11 193
11 198
11 202
11 203
11 204
11 206
11 207
11 210
11 211
11 213
11 218
11 221
11 222
11 223
11 224
11 227
11 231
11 235
11 236
11 238
11 245
11 246
11 248
12 13
12 14
12 15
12 16
12 17
12 18
12 19
12 20
12 23
12 24
12 25
12 30
12 32
12 35
12 41
12 44
12 45
12 48
12 49
12 53
12 55
12 57
12 58
12 59
12 60
12 61
12 62
12 65
12 69
12 72
12 73
12 75
12 79
12 84
12 96
12 98
12 102
12 104
12 106
12 109
12 110
12 113
12 114
12 117
12 118
12 120
12 121
12 123
12 124
12 125
12 132
12 134
12 136
12 138
12 145
12 147
12 151
12 152
12 157
12 158
12 161
12 162
12 172
12 180
12 183
12 184
12 188
12 190
12 192
12 193
12 195
12 198
12 200
12 202
12 204
12 206
12 207
12 214
12 215
12 218
12 219
12 222
12 232
12 233
12 235
12 236
12 237
12 239
12 241
12 243
12 247
12 248
13 14
13 15
13 16
13 17
13 18
13 19
13 22
13 25
13 29
13 34
13 35
13 36
13 37
13 38
13 41
13 43
13 44
13 46
13 47
13 51
13 54
13 57
13 66
13 68
13 71
13 72
13 73
13 77
13 87
13 91
13 93
13 98
13 101
13 105
13 106
13 108
13 123
13 125
13 127
13 132
13 138
13 139
13 142
13 143
13 146
13 147
13 150
13 152
13 154
13 156
13 157
13 166
13 169
13 173
13 181
13 184
13 186
13 191
13 197
13 198
13 203
13 205
13 209
13 217
13 219
13 222
13 223
13 225
13 228
13 229
13 230
13 233
13 235
13 242
13 248
13 249
14 15
14 16
14 17
14 18
14 19
14 20
14 24
14 29
14 30
14 34
14 38
14 39
14 41
14 42
14 43
14 45
14 46
14 50
14 55
14 68
14 71
14 72
14 75
14 76
14 79
14 83
14 93
14 98
14 99
14 107
14 108
14 109
14 110
14 111
14 126
14 139
14 141
14 143
14 145
14 147
14 149
14 150
14 151
14 155
14 157
14 160
14 162
14 165
14 166
14 167
14 168
14 169
14 172
14 176
14 183
14 189
14 191
14 192
14 195
14 196
14 197
14 198
14 202
14 204
14 205
14 206
14 215
14 216
14 218
14 221
14 222
14 224
14 225
14 236
14 237
14 244
14 246
14 248
15 16
15 17
15 18
15 19
15 23
15 25
15 30
15 32
15 40
15 50
15 51
15 52
15 60
15 61
15 70
15 72
15 83
15 86
15 97
15 98
15 102
15 103
15 104
15 110
15 114
15 116
15 119
15 123
15 124
15 129
15 133
15 137
15 139
15 144
15 145
15 152
15 154
15 159
15 161
15 168
15 172
15 178
15 180
15 181
15 186
15 189
15 191
15 192
15 193
15 196
15 205
15 206
15 208
15 218
15 220
15 223
15 224
15 229
15 231
15 233
15 238
15 242
15 245
15 246
15 249
16 17
16 18
16 19
16 21
16 32
16 35
16 36
16 38
16 40
16 63
16 64
16 66
16 72
16 73
16 76
16 78
16 80
16 82
16 87
16 88
16 90
16 95
16 106
16 108
16 113
16 122
16 126
16 128
16 132
16 135
16 138
16 141
16 142
16 146
16 151
16 152
16 153
16 154
16 162
16 172
16 174
16 178
16 179
16 182
16 185
16 191
16 193
16 195
16 199
16 200
16 203
16 206
16 210
16 213
16 217
16 218
16 231
16 232
16 233
16 234
16 240
16 241
16 242
16 248
16 249
17 18
17 19
17 24
17 28
17 34
17 35
17 36
17 40
17 41
17 45
17 48
17 52
17 54
17 60
17 62
17 64
17 74
17 83
17 84
17 86
17 87
17 91
17 92
17 93
17 96
17 99
17 101
17 102
17 103
17 107
17 109
17 110
17 112
17 117
17 124
17 130
17 134
17 135
17 136
17 137
17 141
17 143
17 147
17 153
17 154
17 156
17 157
17 161
17 162
17 163
17 177
17 182
17 187
17 198
17 205
17 208
17 213
17 214
17 215
17 221
17 227
17 228
17 233
17 235
17 236
17 239
17 245
18 19
18 21
18 23
18 24
18 27
18 32
18 38
18 42
18 45
18 48
18 49
18 50
18 51
18 53
18 56
18 57
18 62
18 73
18 78
18 80
18 87
18 89
18 91
18 95
18 101
18 107
18 108
18 109
18 115
18 117
18 118
18 122
18 123
18 128
18 130
18 131
18 132
18 135
18 137
18 138
18 140
18 142
18 143
18 146
18 149
18 152
18 158
18 165
18 166
18 167
18 172
18 174
18 178
18 183
18 188
18 189
18 190
18 192
18 195
18 198
18 200
18 201
18 213
18 216
18 217
18 226
18 227
18 229
18 233
18 235
18 236
18 240
18 242
18 245
18 247
18 248
18 249
19 22
19 23
19 24
19 26
19 28
19 29
19 32
19 37
19 40
19 42
19 44
19 45
19 46
19 51
19 52
19 55
19 61
19 63
19 70
19 73
19 74
19 76
19 77
19 78
19 82
19 87
19 97
19 102
19 109
19 112
19 116
19 117
19 119
19 121
19 126
19 133
19 138
19 139
19 140
19 147
19 148
19 150
19 152
19 153
19 155
19 158
19 161
19 164
19 166
19 170
19 173
19 176
19 179
19 181
19 182
19 184
19 186
19 195
19 196
19 198
19 200
19 201
19 204
19 206
19 209
19 216
19 219
19 223
19 225
19 230
19 232
19 234
19 235
19 240
19 246
19 247
19 249
20 21
20 22
20 23
20 24
20 25
20 26
20 27
20 28
20 29
20 30
20 31
20 41
20 45
20 47
20 48
20 49
20 52
20 58
20 63
20 65
20 69
20 78
20 79
20 86
20 90
20 93
20 94
20 96
20 99
20 100
20 107
20 110
20 115
20 116
20 117
20 125
20 128
20 131
20 135
20 139
20 140
20 144
20 146
20 151
20 153
20 156
20 160
20 164
20 168
20 169
20 173
20 174
20 181
20 185
20 194
20 196
20 199
20 207
20 209
20 210
20 222
20 223
20 227
20 234
20 235
20 237
20 243
20 245
20 248
21 22
21 23
21 24
21 25
21 26
21 27
21 28
21 29
21 32
21 33
21 34
21 35
21 36
21 37
21 41
21 42
21 44
21 55
21 59
21 68
21 72
21 77
21 92
21 93
21 96
21 99
21 100
21 101
21 102
21 106
21 117
21 122
21 124
21 125
21 129
21 131
21 134
21 137
21 145
21 151
21 152
21 164
21 165
21 170
21 177
21 179
21 181
21 182
21 183
21 191
21 204
21 206
21 207
21 210
21 213
21 219
21 224
21 225
21 226
21 228
21 229
21 230
21 231
21 232
21 236
21 239
21 241
21 244
22 23
22 24
22 25
22 26
22 27
22 28
22 29
22 33
22 41
22 45
22 48
22 51
22 53
22 54
22 59
22 60
22 61
22 62
22 66
22 67
22 70
22 71
22 73
22 77
22 78
22 81
22 85
22 87
22 88
22 90
22 95
22 99
22 103
22 104
22 106
22 110
22 111
22 112
22 114
22 118
22 122
22 123
22 124
22 130
22 138
22 139
22 143
22 145
22 147
22 148
22 149
22 152
22 164
22 165
22 171
22 180
22 183
22 188
22 193
22 197
22 202
22 215
22 216
22 222
22 225
22 228
22 231
22 235
22 238
22 242
22 244
22 245
22 249
23 24
23 25
23 26
23 27
23 28
23 29
23 31
23 32
23 36
23 37
23 45
23 47
23 51
23 53
23 58
23 61
23 65
23 68
23 70
23 72
23 79
23 83
23 84
23 85
23 86
23 87
23 96
23 97
23 101
23 103
23 109
23 114
23 116
23 120
23 129
23 132
23 134
23 136
23 144
23 145
23 158
23 163
23 167
23 173
23 176
23 180
23 185
23 191
23 194
23 196
23 201
23 204
23 208
23 209
23 214
23 217
23 224
23 227
23 228
23 236
23 238
23 239
23 241
23 243
24 25
24 26
24 27
24 28
24 29
24 32
24 47
24 53
24 64
24 73
24 75
24 78
24 81
24 82
24 84
24 85
24 86
24 87
24 91
24 92
24 93
24 95
24 101
24 104
24 105
24 111
24 118
24 127
24 132
24 133
24 136
24 142
24 149
24 158
24 159
24 160
24 161
24 166
24 171
24 182
24 187
24 192
24 193
24 196
24 197
24 198
24 199
24 203
24 207
24 213
24 215
24 218
24 222
24 224
24 229
24 232
24 233
24 236
24 239
24 243
24 244
24 246
25 26
25 27
25 28
25 29
25 32
25 49
25 51
25 52
25 56
25 57
25 58
25 62
25 63
25 79
25 89
25 91
25 101
25 102
25 105
25 108
25 109
25 111
25 112
25 116
25 117
25 119
25 125
25 127
25 128
25 135
25 137
25 139
25 143
25 145
25 153
25 158
25 162
25 166
25 168
25 169
25 171
25 177
25 178
25 188
25 192
25 195
25 196
25 197
25 206
25 207
25 210
25 211
25 216
25 224
25 225
25 226
25 237
25 247
26 27
26 28
26 29
26 34
26 37
26 39
26 42
26 46
26 47
26 49
26 52
26 56
26 60
26 72
26 76
26 77
26 78
26 79
26 80
26 82
26 88
26 104
26 105
26 106
26 109
26 113
26 120
26 121
26 124
26 126
26 127
26 132
26 136
26 138
26 148
26 149
26 151
26 152
26 153
26 157
26 162
26 164
26 167
26 169
26 171
26 176
26 182
26 184
26 185
26 186
26 187
26 190
26 194
26 195
26 197
26 202
26 203
26 206
26 207
26 211
26 214
26 218
26 222
26 225
26 228
26 232
26 233
26 234
26 235
26 240
26 241
27 28
27 29
27 33
27 37
27 40
27 41
27 44
27 45
27 48
27 50
27 55
27 57
27 64
27 65
27 66
27 75
27 76
27 77
27 79
27 80
27 82
27 89
27 91
27 93
27 94
27 95
27 103
27 105
27 106
27 110
27 111
27 113
27 116
27 118
27 122
27 125
27 126
27 127
27 129
27 135
27 137
27 143
27 147
27 149
27 150
27 151
27 152
27 154
27 155
27 158
27 161
27 163
27 165
27 167
27 173
27 177
27 178
27 180
27 181
27 183
27 184
27 186
27 187
27 188
27 189
27 191
27 192
27 193
27 194
27 200
27 202
27 206
27 208
27 214
27 216
27 220
27 223
27 225
27 229
27 232
27 233
27 236
27 238
27 243
27 244
27 246
27 247
28 29
28 32
28 36
28 42
28 46
28 47
28 48
28 53
28 54
28 56
28 58
28 59
28 64
28 65
28 80
28 82
28 85
28 88
28 90
28 93
28 99
28 100
28 103
28 105
28 108
28 109
28 110
28 111
28 112
28 114
28 115
28 119
28 122
28 128
28 131
28 132
28 133
28 135
28 136
28 140
28 144
28 148
28 151
28 154
28 158
28 160
28 161
28 163
28 167
28 169
28 170
28 173
28 175
28 176
28 177
28 188
28 194
28 195
28 197
28 200
28 206
28 207
28 210
28 212
28 217
28 218
28 220
28 224
28 225
28 226
28 227
28 228
28 229
28 230
28 231
28 238
28 240
28 245
28 246
28 247
28 248
29 30
29 32
29 39
29 41
29 46
29 47
29 63
29 65
29 66
29 70
29 71
29 78
29 79
29 85
29 87
29 89
29 92
29 93
29 94
29 97
29 104
29 111
29 113
29 116
29 117
29 118
29 119
29 120
29 122
29 125
29 129
29 130
29 133
29 138
29 139
29 142
29 144
29 147
29 149
29 151
29 161
29 182
29 184
29 185
29 193
29 195
29 196
29 199
29 206
29 208
29 209
29 210
29 213
29 214
29 215
29 218
29 220
29 221
29 222
29 224
29 235
29 237
29 247
32 33
32 34
32 35
32 36
32 37
32 38
32 39
32 30
32 31
32 40
32 42
32 51
32 57
32 59
32 60
32 61
32 75
32 76
32 77
32 78
32 81
32 83
32 84
32 87
32 91
32 99
32 103
32 112
32 129
32 138
32 139
32 144
32 150
32 152
32 153
32 160
32 165
32 166
32 170
32 173
32 174
32 175
32 177
32 190
32 192
32 198
32 210
32 211
32 213
32 214
32 219
32 220
32 228
32 229
32 238
32 244
33 34
33 35
33 36
33 37
33 38
33 39
33 30
33 31
33 41
33 45
33 54
33 56
33 61
33 66
33 73
33 74
33 79
33 80
33 81
33 92
33 93
33 94
33 99
33 107
33 111
33 114
33 118
33 121
33 122
33 124
33 127
33 132
33 133
33 135
33 140
33 141
33 142
33 143
33 146
33 148
33 150
33 154
33 156
33 162
33 165
33 175
33 181
33 183
33 187
33 189
33 192
33 193
33 194
33 197
33 199
33 204
33 205
33 207
33 212
33 213
33 217
33 224
33 226
33 228
33 229
33 236
33 240
33 242
33 243
33 247
33 248
33 249
34 35
34 36
34 37
34 38
34 39
34 30
34 31
34 41
34 43
34 44
34 46
34 50
34 64
34 65
34 66
34 67
34 68
34 71
34 72
34 75
34 79
34 83
34 85
34 87
34 92
34 94
34 95
34 97
34 99
34 109
34 110
34 113
34 115
34 116
34 117
34 120
34 123
34 124
34 127
34 128
34 131
34 132
34 133
34 134
34 141
34 142
34 145
34 148
34 159
34 163
34 164
34 165
34 166
34 170
34 171
34 172
34 177
34 181
34 184
34 185
34 186
34 187
34 189
34 190
34 192
34 194
34 197
34 200
34 203
34 204
34 206
34 210
34 213
34 216
34 218
34 220
34 224
34 226
34 229
34 230
34 232
34 235
34 240
34 246
34 248
35 36
35 37
35 38
35 39
35 30
35 31
35 40
35 43
35 46
35 50
35 51
35 53
35 54
35 56
35 57
35 60
35 64
35 70
35 75
35 76
35 87
35 94
35 105
35 107
35 108
35 109
35 110
35 111
35 115
35 116
35 117
35 118
35 119
35 120
35 121
35 125
35 127
35 128
35 131
35 134
35 136
35 137
35 138
35 140
35 141
35 143
35 144
35 145
35 147
35 148
35 153
35 166
35 167
35 168
35 169
35 172
35 176
35 177
35 178
35 180
35 185
35 186
35 189
35 191
35 197
35 202
35 207
35 216
35 218
35 220
35 222
35 226
35 228
35 232
35 234
35 235
35 239
35 242
35 243
35 246
35 248
36 37
36 38
36 39
36 30
36 31
36 41
36 42
36 45
36 47
36 53
36 54
36 63
36 66
36 70
36 75
36 81
36 83
36 84
36 87
36 88
36 92
36 104
36 112
36 115
36 124
36 126
36 130
36 131
36 138
36 142
36 143
36 158
36 160
36 164
36 165
36 170
36 171
36 178
36 181
36 184
36 185
36 186
36 188
36 191
36 196
36 200
36 203
36 205
36 211
36 213
36 217
36 218
36 219
36 220
36 221
36 223
36 231
36 232
36 233
36 241
36 246
37 38
37 39
37 30
37 31
37 46
37 51
37 54
37 60
37 62
37 68
37 70
37 73
37 75
37 81
37 84
37 85
37 86
37 88
37 97
37 101
37 108
37 111
37 113
37 118
37 119
37 125
37 126
37 133
37 137
37 141
37 143
37 149
37 150
37 161
37 165
37 168
37 170
37 171
37 173
37 174
37 180
37 182
37 183
37 185
37 187
37 194
37 199
37 205
37 214
37 215
37 218
37 219
37 222
37 224
37 225
37 226
37 227
37 228
37 234
37 235
37 240
37 244
37 245
37 249
38 39
38 30
38 31
38 41
38 43
38 45
38 46
38 47
38 49
38 51
38 53
38 56
38 57
38 58
38 60
38 68
38 70
38 71
38 72
38 76
38 77
38 78
38 82
38 85
38 87
38 90
38 95
38 96
38 97
38 106
38 107
38 109
38 110
38 113
38 116
38 121
38 123
38 129
38 130
38 134
38 137
38 138
38 139
38 143
38 144
38 145
38 147
38 155
38 157
38 158
38 160
38 161
38 166
38 168
38 176
38 178
38 179
38 187
38 188
38 191
38 194
38 196
38 203
38 204
38 207
38 208
38 209
38 211
38 214
38 215
38 226
38 227
38 234
38 236
38 237
38 241
38 243
38 247
39 30
39 31
39 43
39 47
39 57
39 59
39 60
39 63
39 64
39 67
39 71
39 80
39 85
39 88
39 89
39 90
39 93
39 95
39 97
39 99
39 101
39 111
39 115
39 121
39 123
39 124
39 126
39 127
39 129
39 130
39 131
39 134
39 138
39 139
39 141
39 142
39 143
39 146
39 148
39 149
39 152
39 161
39 169
39 170
39 171
39 173
39 175
39 178
39 183
39 186
39 194
39 196
39 198
39 211
39 212
39 216
39 217
39 218
39 219
39 221
39 225
39 227
39 228
39 230
39 231
39 232
39 235
39 238
39 239
39 241
39 245
39 247
30 31
30 47
30 58
30 63
30 70
30 74
30 78
30 82
30 83
30 85
30 88
30 94
30 103
30 104
30 106
30 107
30 123
30 125
30 130
30 134
30 137
30 139
30 141
30 142
30 144
30 145
30 148
30 152
30 155
30 159
30 162
30 166
30 170
30 175
30 177
30 179
30 189
30 191
30 193
30 198
30 203
30 207
30 210
30 212
30 213
30 215
30 219
30 220
30 221
30 234
30 239
30 241
30 244
30 246
30 248
30 249
31 40
31 41
31 47
31 50
31 52
31 58
31 63
31 66
31 68
31 69
31 73
31 74
31 93
31 95
31 100
31 104
31 105
31 111
31 117
31 119
31 120
31 125
31 129
31 130
31 131
31 134
31 139
31 140
31 154
31 159
31 173
31 174
31 176
31 178
31 181
31 182
31 186
31 197
31 206
31 210
31 213
31 215
31 216
31 217
31 218
31 219
31 220
31 224
31 225
31 227
31 228
31 229
31 230
31 232
31 233
31 234
31 238
31 246
31 249
40 41
40 42
40 43
40 44
40 45
40 46
40 47
40 48
40 49
40 53
40 54
40 73
40 78
40 80
40 85
40 94
40 97
40 104
40 109
40 110
40 111
40 113
40 114
40 117
40 118
40 124
40 128
40 131
40 134
40 135
40 137
40 139
40 142
40 144
40 152
40 153
40 170
40 171
40 173
40 175
40 176
40 180
40 185
40 187
40 188
40 194
40 195
40 198
40 199
40 200
40 208
40 209
40 210
40 212
40 215
40 216
40 229
40 232
40 233
40 235
40 237
40 239
40 242
40 243
40 247
41 42
41 43
41 44
41 45
41 46
41 47
41 48
41 49
41 53
41 65
41 66
41 69
41 70
41 71
41 72
41 76
41 77
41 80
41 83
41 87
41 93
41 95
41 99
41 102
41 103
41 106
41 109
41 112
41 115
41 117
41 122
41 131
41 134
41 140
41 143
41 147
41 150
41 153
41 156
41 160
41 166
41 167
41 173
41 174
41 175
41 178
41 181
41 185
41 186
41 194
41 195
41 209
41 210
41 213
41 217
41 219
41 221
41 224
41 225
41 226
41 229
41 234
41 235
41 238
41 239
41 242
41 244
41 245
42 43
42 44
42 45
42 46
42 47
42 48
42 49
42 51
42 53
42 60
42 65
42 70
42 72
42 73
42 74
42 76
42 84
42 87
42 93
42 104
42 106
42 107
42 111
42 120
42 121
42 131
42 132
42 134
42 138
42 139
42 142
42 144
42 151
42 154
42 169
42 171
42 173
42 174
42 178
42 179
42 190
42 192
42 193
42 195
42 196
42 202
42 205
42 207
42 209
42 211
42 212
42 213
42 216
42 219
42 224
42 225
42 235
42 239
42 240
42 243
42 248
43 44
43 45
43 46
43 47
43 48
43 49
43 50
43 55
43 57
43 63
43 65
43 72
43 75
43 78
43 79
43 80
43 82
43 83
43 85
43 88
43 89
43 92
43 94
43 95
43 97
43 100
43 104
43 107
43 108
43 109
43 110
43 112
43 113
43 118
43 121
43 125
43 126
43 129
43 130
43 133
43 134
43 137
43 140
43 142
43 144
43 152
43 158
43 159
43 162
43 163
43 165
43 167
43 168
43 170
43 172
43 177
43 179
43 180
43 183
43 187
43 192
43 197
43 203
43 204
43 205
43 207
43 210
43 212
43 217
43 218
43 224
43 227
43 229
43 230
43 234
43 241
43 247
44 45
44 46
44 47
44 48
44 49
44 53
44 54
44 55
44 58
44 61
44 67
44 70
44 71
44 73
44 74
44 76
44 77
44 78
44 95
44 98
44 102
44 103
44 108
44 111
44 113
44 118
44 120
44 123
44 124
44 126
44 130
44 134
44 135
44 144
44 145
44 148
44 150
44 153
44 154
44 156
44 160
44 161
44 167
44 171
44 175
44 179
44 180
44 181
44 190
44 192
44 193
44 195
44 199
44 203
44 209
44 211
44 214
44 217
44 220
44 222
44 223
44 226
44 234
44 236
45 46
45 47
45 48
45 49
45 55
45 60
45 68
45 69
45 70
45 72
45 73
45 87
45 89
45 95
45 97
45 98
45 101
45 102
45 107
45 109
45 119
45 120
45 122
45 123
45 129
45 131
45 132
45 136
45 138
45 139
45 142
45 148
45 150
45 154
45 156
45 157
45 159
45 162
45 167
45 171
45 178
45 179
45 187
45 189
45 191
45 192
45 195
45 196
45 202
45 203
45 204
45 206
45 212
45 215
45 219
45 221
45 224
45 226
45 231
45 234
45 240
45 242
45 243
45 245
45 246
46 47
46 48
46 49
46 53
46 54
46 58
46 60
46 66
46 69
46 70
46 71
46 76
46 77
46 78
46 79
46 80
46 81
46 85
46 87
46 91
46 100
46 102
46 103
46 104
46 105
46 106
46 112
46 118
46 119
46 120
46 121
46 124
46 129
46 134
46 138
46 139
46 140
46 144
46 145
46 146
46 149
46 150
46 151
46 160
46 165
46 171
46 173
46 174
46 178
46 183
46 185
46 187
46 193
46 198
46 199
46 201
46 203
46 206
46 207
46 209
46 211
46 213
46 214
46 217
46 221
46 222
46 227
46 228
46 231
46 234
46 238
46 240
46 247
47 48
47 49
47 54
47 58
47 59
47 61
47 64
47 68
47 70
47 73
47 77
47 84
47 89
47 95
47 101
47 104
47 105
47 112
47 118
47 119
47 120
47 121
47 123
47 130
47 134
47 146
47 148
47 150
47 152
47 155
47 157
47 159
47 173
47 174
47 176
47 177
47 183
47 185
47 187
47 188
47 189
47 191
47 193
47 194
47 196
47 198
47 199
47 206
47 214
47 215
47 217
47 219
47 226
47 231
47 233
47 236
47 237
47 239
47 243
48 49
48 52
48 54
48 56
48 57
48 68
48 77
48 79
48 80
48 81
48 86
48 88
48 89
48 96
48 97
48 99
48 103
48 105
48 108
48 109
48 114
48 123
48 126
48 129
48 131
48 133
48 139
48 142
48 145
48 148
48 152
48 153
48 155
48 162
48 166
48 175
48 176
48 181
48 182
48 186
48 194
48 196
48 197
48 198
48 201
48 202
48 205
48 206
48 211
48 216
48 219
48 225
48 234
48 239
48 249
49 58
49 59
49 61
49 65
49 67
49 68
49 74
49 78
49 81
49 85
49 86
49 87
49 88
49 89
49 90
49 91
49 96
49 102
49 104
49 105
49 108
49 111
49 112
49 114
49 117
49 118
49 123
49 124
49 126
49 131
49 133
49 134
49 137
49 143
49 146
49 147
49 148
49 149
49 150
49 151
49 152
49 153
49 156
49 159
49 160
49 163
49 165
49 168
49 169
49 170
49 172
49 175
49 180
49 182
49 183
49 185
49 186
49 189
49 194
49 195
49 200
49 205
49 206
49 208
49 215
49 219
49 226
49 228
49 233
49 234
49 235
49 236
49 241
49 244
49 247
49 249
50 51
50 52
50 53
50 54
50 55
50 56
50 57
50 58
50 59
50 63
50 65
50 68
50 69
50 70
50 75
50 78
50 81
50 83
50 89
50 90
50 93
50 103
50 105
50 114
50 115
50 121
50 122
50 124
50 125
50 134
50 135
50 136
50 140
50 141
50 143
50 145
50 147
50 148
50 150
50 151
50 153
50 155
50 156
50 159
50 160
50 165
50 167
50 168
50 170
50 171
50 177
50 179
50 180
50 182
50 189
50 194
50 196
50 202
50 203
50 204
50 208
50 209
50 213
50 217
50 219
50 220
50 222
50 228
50 232
50 239
50 246
50 247
50 248
51 52
51 53
51 54
51 55
51 56
51 57
51 58
51 59
51 61
51 66
51 68
51 71
51 86
51 87
51 91
51 101
51 102
51 104
51 107
51 108
51 112
51 119
51 121
51 122
51 123
51 124
51 127
51 132
51 134
51 135
51 139
51 146
51 147
51 158
51 164
51 167
51 169
51 170
51 173
51 175
51 177
51 180
51 182
51 186
51 193
51 196
51 205
51 207
51 209
51 211
51 222
51 226
51 228
51 234
51 239
51 241
51 248
51 249
52 53
52 54
52 55
52 56
52 57
52 58
52 59
52 63
52 66
52 69
52 73
52 85
52 91
52 96
52 104
52 115
52 116
52 118
52 125
52 127
52 128
52 130
52 131
52 133
52 147
52 148
52 149
52 150
52 152
52 154
52 156
52 158
52 169
52 170
52 171
52 174
52 176
52 181
52 189
52 191
52 192
52 194
52 197
52 201
52 204
52 210
52 213
52 215
52 221
52 223
52 230
52 232
52 238
52 243
52 244
52 247
53 54
53 55
53 56
53 57
53 58
53 59
53 68
53 73
53 74
53 80
53 81
53 84
53 86
53 87
53 89
53 90
53 92
53 105
53 109
53 111
53 112
53 113
53 114
53 115
53 118
53 123
53 125
53 128
53 131
53 136
53 137
53 139
53 142
53 144
53 149
53 151
53 154
53 156
53 158
53 159
53 161
53 162
53 163
53 165
53 166
53 168
53 171
53 173
53 184
53 195
53 197
53 198
53 200
53 202
53 209
53 212
53 218
53 219
53 221
53 223
53 232
53 240
53 242
53 247
54 55
54 56
54 57
54 58
54 59
54 61
54 63
54 64
54 67
54 78
54 80
54 81
54 86
54 98
54 99
54 100
54 101
54 103
54 109
54 112
54 113
54 116
54 117
54 134
54 139
54 142
54 144
54 147
54 148
54 149
54 151
54 156
54 160
54 164
54 166
54 170
54 174
54 179
54 182
54 187
54 193
54 200
54 202
54 204
54 205
54 206
54 210
54 212
54 215
54 218
54 219
54 228
54 230
54 234
54 235
54 238
54 239
54 242
54 243
54 245
55 56
55 57
55 58
55 59
55 62
55 64
55 73
55 74
55 75
55 76
55 82
55 84
55 85
55 88
55 93
55 96
55 101
55 110
55 112
55 113
55 121
55 124
55 127
55 132
55 136
55 151
55 152
55 154
55 160
55 161
55 166
55 170
55 171
55 175
55 176
55 178
55 184
55 188
55 189
55 198
55 202
55 207
55 215
55 220
55 222
55 229
55 231
55 233
55 234
55 241
55 244
56 57
56 58
56 59
56 63
56 65
56 66
56 67
56 71
56 73
56 78
56 79
56 82
56 85
56 88
56 90
56 93
56 96
56 97
56 98
56 101
56 102
56 103
56 104
56 106
56 107
56 109
56 111
56 112
56 116
56 117
56 120
56 124
56 133
56 139
56 143
56 144
56 151
56 155
56 156
56 158
56 159
56 160
56 165
56 169
56 181
56 189
56 190
56 198
56 199
56 200
56 201
56 203
56 211
56 212
56 213
56 215
56 217
56 227
56 228
56 229
56 230
56 239
56 240
56 243
56 245
57 58
57 59
57 61
57 63
57 65
57 66
57 68
57 73
57 75
57 79
57 80
57 82
57 85
57 86
57 89
57 91
57 93
57 101
57 102
57 103
57 110
57 112
57 113
57 114
57 116
57 117
57 120
57 131
57 133
57 136
57 137
57 139
57 146
57 147
57 149
57 150
57 151
57 155
57 157
57 159
57 160
57 162
57 170
57 171
57 174
57 176
57 177
57 182
57 195
57 203
57 206
57 207
57 208
57 211
57 216
57 218
57 221
57 223
57 224
57 225
57 226
57 228
57 230
57 232
57 233
57 235
57 241
57 244
57 247
57 249
58 59
58 62
58 67
58 69
58 79
58 83
58 84
58 86
58 89
58 98
58 100
58 102
58 106
58 108
58 117
58 122
58 124
58 126
58 132
58 134
58 136
58 154
58 156
58 160
58 164
58 165
58 170
58 177
58 180
58 183
58 195
58 196
58 199
58 204
58 207
58 208
58 211
58 212
58 217
58 219
58 230
58 232
58 234
58 235
58 237
58 243
58 247
59 66
59 70
59 73
59 74
59 77
59 79
59 86
59 94
59 96
59 104
59 107
59 108
59 109
59 112
59 114
59 119
59 120
59 121
59 127
59 131
59 132
59 134
59 135
59 139
59 143
59 144
59 146
59 147
59 162
59 166
59 168
59 174
59 181
59 183
59 187
59 197
59 198
59 199
59 202
59 203
59 209
59 212
59 213
59 215
59 219
59 221
59 222
59 223
59 231
59 232
59 233
59 248
64 65
64 66
64 67
64 68
64 69
64 60
64 61
64 62
64 63
64 71
64 75
64 77
64 93
64 96
64 97
64 105
64 108
64 110
64 115
64 119
64 122
64 124
64 125
64 127
64 130
64 132
64 135
64 139
64 140
64 141
64 145
64 148
64 156
64 157
64 158
64 159
64 164
64 167
64 170
64 174
64 178
64 179
64 180
64 183
64 188
64 189
64 191
64 195
64 197
64 198
64 200
64 201
64 202
64 205
64 209
64 211
64 215
64 219
64 220
64 222
64 226
64 232
64 233
64 234
64 244
64 245
64 248
65 66
65 67
65 68
65 69
65 60
65 61
65 62
65 63
65 72
65 73
65 74
65 75
65 79
65 80
65 82
65 87
65 97
65 99
65 103
65 109
65 112
65 114
65 117
65 119
65 133
65 135
65 138
65 146
65 148
65 150
65 151
65 153
65 154
65 157
65 159
65 161
65 164
65 165
65 169
65 170
65 171
65 172
65 173
65 176
65 177
65 182
65 189
65 192
65 193
65 198
65 199
65 207
65 208
65 209
65 211
65 217
65 218
65 219
65 223
65 224
65 228
65 239
65 240
66 67
66 68
66 69
66 60
66 61
66 62
66 63
66 78
66 83
66 84
66 88
66 89
66 95
66 97
66 98
66 100
66 104
66 117
66 124
66 135
66 139
66 140
66 142
66 145
66 146
66 148
66 152
66 153
66 162
66 175
66 179
66 181
66 187
66 192
66 194
66 198
66 201
66 209
66 210
66 213
66 214
66 215
66 217
66 228
66 235
66 237
66 239
66 241
66 243
66 249
67 68
67 69
67 60
67 61
67 62
67 63
67 72
67 77
67 86
67 89
67 90
67 93
67 94
67 97
67 103
67 105
67 106
67 107
67 112
67 114
67 115
67 118
67 120
67 121
67 125
67 126
67 129
67 132
67 133
67 135
67 137
67 143
67 145
67 151
67 152
67 156
67 158
67 161
67 162
67 165
67 168
67 171
67 173
67 175
67 179
67 180
67 181
67 184
67 186
67 194
67 198
67 203
67 204
67 210
67 214
67 218
67 222
67 223
67 224
67 226
67 239
67 241
68 69
68 60
68 61
68 62
68 63
68 70
68 72
68 74
68 79
68 80
68 82
68 83
68 85
68 86
68 88
68 91
68 95
68 97
68 103
68 106
68 109
68 111
68 112
68 113
68 115
68 117
68 120
68 123
68 124
68 125
68 127
68 131
68 133
68 134
68 136
68 138
68 139
68 141
68 147
68 151
68 158
68 162
68 163
68 165
68 168
68 170
68 171
68 172
68 175
68 179
68 187
68 194
68 208
68 210
68 216
68 218
68 219
68 221
68 225
68 227
68 228
68 233
68 236
68 237
68 238
68 239
68 240
68 243
68 244
68 245
68 246
68 247
68 248
69 60
69 61
69 62
69 63
69 70
69 77
69 85
69 86
69 89
69 92
69 93
69 95
69 96
69 97
69 103
69 104
69 109
69 115
69 116
69 117
69 118
69 120
69 122
69 127
69 128
69 129
69 133
69 134
69 141
69 153
69 154
69 156
69 157
69 159
69 170
69 188
69 189
69 196
69 201
69 206
69 207
69 213
69 214
69 224
69 226
69 231
69 236
69 246
69 249
60 61
60 62
60 63
60 71
60 75
60 76
60 79
60 80
60 82
60 83
60 86
60 91
60 94
60 104
60 106
60 107
60 110
60 111
60 113
60 114
60 116
60 119
60 120
60 122
60 125
60 132
60 133
60 136
60 137
60 138
60 139
60 145
60 148
60 149
60 152
60 154
60 156
60 158
60 165
60 167
60 168
60 170
60 174
60 176
60 181
60 182
60 183
60 185
60 189
60 190
60 195
60 196
60 200
60 201
60 202
60 206
60 207
60 208
60 209
60 218
60 219
60 222
60 226
60 229
60 231
60 236
60 242
60 243
60 245
60 247
61 62
61 63
61 70
61 71
61 74
61 75
61 76
61 79
61 81
61 83
61 94
61 99
61 100
61 106
61 108
61 112
61 116
61 117
61 119
61 120
61 124
61 125
61 128
61 132
61 133
61 135
61 136
61 141
61 145
61 146
61 147
61 149
61 150
61 156
61 161
61 165
61 171
61 172
61 174
61 180
61 181
61 185
61 186
61 188
61 189
61 191
61 200
61 220
61 226
61 227
61 228
61 235
61 239
61 240
62 63
62 71
62 75
62 76
62 78
62 87
62 92
62 103
62 104
62 107
62 117
62 119
62 122
62 123
62 124
62 134
62 137
62 144
62 147
62 151
62 155
62 166
62 167
62 168
62 172
62 174
62 175
62 178
62 179
62 180
62 189
62 190
62 191
62 195
62 198
62 204
62 215
62 220
62 221
62 222
62 223
62 224
62 225
62 231
62 232
62 237
62 239
62 244
62 249
63 79
63 84
63 85
63 88
63 91
63 92
63 93
63 94
63 97
63 101
63 110
63 112
63 113
63 115
63 121
63 122
63 125
63 126
63 129
63 130
63 133
63 137
63 145
63 146
63 148
63 149
63 160
63 163
63 168
63 170
63 173
63 174
63 182
63 184
63 185
63 186
63 190
63 194
63 195
63 205
63 207
63 208
63 213
63 220
63 223
63 232
63 239
63 241
63 243
63 245
63 246
63 248
63 249
70 71
70 72
70 73
70 74
70 75
70 76
70 77
70 78
70 79
70 87
70 92
70 95
70 96
70 114
70 115
70 116
70 119
70 120
70 122
70 123
70 125
70 127
70 128
70 129
70 130
70 131
70 135
70 137
70 142
70 143
70 144
70 145
70 151
70 153
70 154
70 161
70 162
70 167
70 169
70 175
70 176
70 177
70 178
70 179
70 182
70 187
70 189
70 192
70 193
70 195
70 200
70 201
70 202
70 207
70 209
70 211
70 212
70 215
70 219
70 225
70 226
70 227
70 231
70 234
70 238
70 239
70 242
70 249
71 72
71 73
71 74
71 75
71 76
71 77
71 78
71 79
71 80
71 87
71 88
71 90
71 105
71 107
71 108
71 110
71 113
71 115
71 119
71 120
71 124
71 125
71 126
71 128
71 131
71 141
71 144
71 149
71 153
71 157
71 162
71 163
71 164
71 167
71 174
71 179
71 180
71 181
71 183
71 185
71 188
71 191
71 193
71 195
71 198
71 204
71 208
71 212
71 214
71 216
71 218
71 226
71 227
71 228
71 233
71 242
71 243
71 244
71 249
72 73
72 74
72 75
72 76
72 77
72 78
72 79
72 82
72 84
72 96
72 98
72 106
72 112
72 114
72 115
72 116
72 126
72 128
72 131
72 134
72 136
72 139
72 140
72 142
72 143
72 145
72 152
72 153
72 164
72 166
72 170
72 171
72 172
72 173
72 174
72 176
72 177
72 181
72 187
72 190
72 196
72 197
72 198
72 216
72 218
72 223
72 227
72 229
72 232
72 233
72 236
72 242
72 243
72 246
72 247
72 248
73 74
73 75
73 76
73 77
73 78
73 79
73 82
73 84
73 85
73 86
73 94
73 97
73 100
73 101
73 103
73 108
73 112
73 114
73 116
73 117
73 122
73 124
73 126
73 127
73 128
73 129
73 135
73 136
73 138
73 139
73 146
73 149
73 151
73 154
73 156
73 158
73 163
73 165
73 166
73 169
73 172
73 173
73 174
73 176
73 178
73 186
73 187
73 190
73 194
73 202
73 203
73 209
73 214
73 215
73 216
73 219
73 222
73 223
73 225
73 228
73 232
73 235
73 239
73 243
73 245
74 75
74 76
74 77
74 78
74 79
74 84
74 86
74 88
74 91
74 97
74 98
74 99
74 101
74 105
74 107
74 109
74 117
74 119
74 121
74 126
74 127
74 134
74 139
74 144
74 145
74 148
74 150
74 153
74 155
74 158
74 160
74 165
74 166
74 167
74 168
74 170
74 174
74 179
74 186
74 189
74 192
74 195
74 198
74 203
74 205
74 208
74 210
74 216
74 218
74 221
74 224
74 225
74 230
74 231
74 237
74 238
74 241
74 247
74 249
75 76
75 77
75 78
75 79
75 80
75 85
75 87
75 93
75 96
75 101
75 103
75 104
75 106
75 107
75 109
75 114
75 118
75 124
75 126
75 128
75 137
75 139
75 142
75 143
75 144
75 148
75 149
75 150
75 152
75 153
75 158
75 159
75 167
75 170
75 175
75 176
75 184
75 185
75 186
75 188
75 192
75 195
75 198
75 199
75 201
75 204
75 207
75 210
75 218
75 221
75 222
75 223
75 224
75 226
75 229
75 234
75 236
75 238
75 240
75 241
75 246
75 248
76 77
76 78
76 79
76 80
76 81
76 82
76 84
76 85
76 86
76 88
76 89
76 90
76 95
76 101
76 103
76 109
76 110
76 112
76 115
76 116
76 119
76 123
76 126
76 127
76 129
76 130
76 137
76 138
76 140
76 142
76 143
76 145
76 146
76 151
76 154
76 157
76 160
76 164
76 169
76 174
76 176
76 178
76 179
76 184
76 188
76 189
76 193
76 196
76 200
76 201
76 202
76 203
76 207
76 208
76 210
76 211
76 215
76 222
76 226
76 227
76 228
76 231
76 233
76 235
76 238
76 241
76 242
76 249
77 78
77 79
77 82
77 83
77 84
77 89
77 93
77 101
77 106
77 122
77 126
77 128
77 134
77 136
77 144
77 149
77 151
77 154
77 155
77 157
77 158
77 160
77 161
77 165
77 166
77 167
77 169
77 173
77 174
77 176
77 177
77 180
77 181
77 182
77 185
77 187
77 194
77 195
77 203
77 205
77 212
77 213
77 215
77 219
77 223
77 224
77 230
77 231
77 247
77 248
77 249
78 79
78 82
78 85
78 86
78 87
78 89
78 90
78 93
78 99
78 101
78 104
78 105
78 106
78 118
78 122
78 127
78 136
78 139
78 140
78 144
78 148
78 155
78 157
78 158
78 160
78 165
78 166
78 167
78 169
78 170
78 177
78 185
78 187
78 188
78 193
78 201
78 203
78 204
78 213
78 216
78 219
78 223
78 225
78 226
78 228
78 229
78 231
78 235
78 237
78 240
78 243
78 245
78 246
78 248
79 80
79 82
79 85
79 94
79 95
79 97
79 101
79 111
79 113
79 116
79 118
79 121
79 124
79 126
79 133
79 134
79 135
79 139
79 143
79 148
79 152
79 157
79 158
79 159
79 163
79 166
79 169
79 170
79 178
79 179
79 184
79 186
79 187
79 194
79 196
79 198
79 200
79 201
79 206
79 207
79 208
79 213
79 215
79 217
79 218
79 221
79 222
79 226
79 233
79 237
79 239
79 241
79 243
79 245
79 246
80 81
80 82
80 83
80 84
80 85
80 86
80 87
80 88
80 89
80 91
80 95
80 97
80 104
80 106
80 111
80 124
80 128
80 129
80 130
80 132
80 133
80 134
80 137
80 140
80 146
80 148
80 156
80 161
80 165
80 166
80 169
80 170
80 179
80 181
80 187
80 188
80 190
80 193
80 194
80 195
80 196
80 197
80 199
80 200
80 202
80 210
80 211
80 212
80 215
80 216
80 221
80 224
80 225
80 229
80 232
80 236
80 241
80 243
80 244
80 247
81 82
81 83
81 84
81 85
81 86
81 87
81 88
81 89
81 103
81 105
81 106
81 114
81 115
81 118
81 119
81 123
81 124
81 128
81 129
81 132
81 133
81 135
81 136
81 137
81 143
81 145
81 148
81 149
81 153
81 154
81 156
81 159
81 161
81 162
81 164
81 165
81 169
81 170
81 171
81 174
81 181
81 183
81 189
81 193
81 196
81 197
81 201
81 202
81 204
81 205
81 209
81 210
81 213
81 215
81 218
81 219
81 223
81 226
81 227
81 228
81 233
81 240
81 244
81 245
81 247
81 249
82 83
82 84
82 85
82 86
82 87
82 88
82 89
82 90
82 98
82 99
82 103
82 108
82 110
82 111
82 113
82 116
82 120
82 121
82 124
82 126
82 130
82 138
82 142
82 145
82 146
82 149
82 153
82 155
82 158
82 163
82 164
82 165
82 169
82 171
82 176
82 178
82 180
82 181
82 182
82 188
82 189
82 190
82 192
82 194
82 197
82 202
82 203
82 205
82 208
82 211
82 213
82 214
82 218
82 219
82 226
82 230
82 231
82 237
82 238
82 239
82 242
82 243
82 245
82 246
83 84
83 85
83 86
83 87
83 88
83 89
83 92
83 93
83 100
83 101
83 102
83 113
83 120
83 121
83 124
83 131
83 132
83 133
83 135
83 136
83 137
83 138
83 141
83 142
83 149
83 152
83 162
83 164
83 169
83 170
83 172
83 173
83 174
83 181
83 187
83 188
83 189
83 190
83 195
83 197
83 199
83 200
83 208
83 215
83 218
83 219
83 220
83 227
83 232
83 235
83 237
83 239
83 240
83 241
83 244
84 85
84 86
84 87
84 88
84 89
84 92
84 93
84 98
84 101
84 104
84 107
84 108
84 112
84 113
84 115
84 118
84 119
84 122
84 133
84 134
84 137
84 141
84 142
84 143
84 153
84 155
84 157
84 158
84 164
84 167
84 174
84 179
84 181
84 187
84 189
84 191
84 194
84 205
84 206
84 208
84 211
84 214
84 217
84 219
84 222
84 228
84 229
84 240
84 241
84 242
85 86
85 87
85 88
85 89
85 91
85 94
85 96
85 102
85 103
85 106
85 108
85 112
85 113
85 118
85 124
85 133
85 135
85 139
85 140
85 142
85 148
85 156
85 157
85 164
85 171
85 172
85 176
85 178
85 179
85 183
85 185
85 189
85 190
85 194
85 203
85 205
85 207
85 208
85 209
85 213
85 219
85 221
85 226
85 232
85 234
85 239
85 241
85 242
85 247
86 87
86 88
86 89
86 91
86 92
86 97
86 104
86 106
86 110
86 114
86 117
86 120
86 128
86 130
86 138
86 140
86 145
86 151
86 155
86 157
86 163
86 166
86 173
86 175
86 176
86 177
86 188
86 198
86 199
86 202
86 205
86 209
86 211
86 221
86 223
86 229
86 246
86 247
87 88
87 89
87 90
87 92
87 93
87 96
87 99
87 101
87 103
87 105
87 106
87 111
87 113
87 116
87 130
87 131
87 133
87 136
87 137
87 138
87 139
87 152
87 153
87 154
87 156
87 161
87 164
87 168
87 171
87 173
87 177
87 182
87 184
87 189
87 194
87 198
87 199
87 200
87 202
87 211
87 218
87 224
87 233
87 235
87 239
87 240
87 241
87 244
87 247
88 89
88 90
88 96
88 99
88 104
88 107
88 112
88 113
88 115
88 116
88 119
88 122
88 126
88 127
88 129
88 130
88 135
88 138
88 140
88 143
88 144
88 145
88 146
88 150
88 151
88 154
88 155
88 157
88 162
88 163
88 165
88 169
88 174
88 178
88 179
88 186
88 194
88 195
88 198
88 199
88 213
88 214
88 215
88 217
88 223
88 226
88 227
88 231
88 236
88 237
88 244
88 249
89 91
89 93
89 97
89 99
89 101
89 113
89 115
89 118
89 119
89 120
89 125
89 126
89 128
89 133
89 134
89 135
89 139
89 142
89 150
89 152
89 165
89 171
89 179
89 180
89 181
89 182
89 185
89 186
89 189
89 196
89 204
89 209
89 217
89 225
89 227
89 229
89 238
89 248
96 97
96 98
96 99
96 90
96 91
96 92
96 93
96 94
96 95
96 100
96 101
96 102
96 104
96 107
96 111
96 112
96 113
96 117
96 121
96 122
96 123
96 125
96 128
96 131
96 132
96 134
96 138
96 146
96 156
96 161
96 163
96 165
96 167
96 168
96 169
96 170
96 171
96 173
96 176
96 177
96 179
96 181
96 184
96 189
96 192
96 195
96 196
96 201
96 203
96 206
96 211
96 215
96 219
96 228
96 229
96 231
96 233
96 239
96 248
96 249
97 98
97 99
97 90
97 91
97 92
97 93
97 94
97 95
97 102
97 104
97 106
97 108
97 109
97 110
97 114
97 115
97 116
97 118
97 119
97 123
97 125
97 128
97 129
97 131
97 133
97 137
97 139
97 143
97 146
97 155
97 157
97 165
97 167
97 168
97 174
97 175
97 178
97 184
97 190
97 192
97 193
97 214
97 219
97 220
97 225
97 227
97 229
97 234
97 235
97 236
98 99
98 90
98 91
98 92
98 93
98 94
98 95
98 103
98 104
98 107
98 108
98 113
98 116
98 118
98 124
98 127
98 136
98 140
98 144
98 150
98 153
98 154
98 158
98 163
98 165
98 166
98 167
98 173
98 178
98 182
98 183
98 186
98 187
98 189
98 193
98 195
98 199
98 200
98 201
98 202
98 209
98 216
98 218
98 223
98 227
98 231
98 233
98 235
98 237
98 239
98 240
99 90
99 91
99 92
99 93
99 94
99 95
99 105
99 106
99 107
99 109
99 110
99 112
99 115
99 117
99 118
99 122
99 130
99 133
99 134
99 135
99 138
99 141
99 146
99 147
99 152
99 153
99 155
99 164
99 167
99 170
99 171
99 175
99 182
99 184
99 187
99 188
99 189
99 190
99 192
99 198
99 201
99 203
99 206
99 209
99 210
99 211
99 212
99 215
99 221
99 223
99 224
99 229
99 230
99 234
99 242
90 91
90 92
90 93
90 94
90 95
90 102
90 108
90 115
90 124
90 125
90 127
90 135
90 137
90 138
90 140
90 144
90 146
90 147
90 150
90 151
90 157
90 167
90 170
90 172
90 173
90 175
90 177
90 182
90 196
90 197
90 198
90 200
90 204
90 209
90 214
90 215
90 218
90 220
90 223
90 224
90 225
90 226
90 228
90 237
90 241
90 245
90 248
91 92
91 93
91 94
91 95
91 102
91 108
91 110
91 111
91 113
91 115
91 119
91 123
91 127
91 129
91 130
91 131
91 135
91 141
91 142
91 146
91 147
91 156
91 159
91 160
91 161
91 163
91 164
91 168
91 172
91 176
91 184
91 187
91 192
91 194
91 195
91 210
91 212
91 213
91 215
91 217
91 218
91 223
91 230
91 232
91 237
91 241
91 244
91 247
91 248
92 93
92 94
92 95
92 100
92 102
92 106
92 109
92 113
92 116
92 118
92 119
92 120
92 129
92 132
92 139
92 141
92 142
92 143
92 145
92 147
92 150
92 151
92 157
92 159
92 163
92 164
92 168
92 171
92 176
92 177
92 179
92 180
92 181
92 185
92 189
92 198
92 202
92 204
92 205
92 207
92 208
92 210
92 213
92 218
92 222
92 224
92 231
92 233
92 234
92 235
92 239
92 241
92 242
92 246
92 248
93 94
93 95
93 100
93 101
93 106
93 112
93 114
93 118
93 121
93 122
93 123
93 126
93 131
93 139
93 142
93 143
93 146
93 147
93 149
93 153
93 154
93 155
93 159
93 167
93 170
93 172
93 174
93 184
93 187
93 189
93 192
93 196
93 198
93 202
93 206
93 207
93 208
93 214
93 219
93 221
93 224
93 225
93 226
93 227
93 231
93 232
93 235
93 243
93 245
93 246
93 247
93 248
94 95
94 100
94 101
94 103
94 107
94 108
94 119
94 122
94 123
94 127
94 128
94 131
94 132
94 158
94 162
94 163
94 165
94 166
94 169
94 171
94 172
94 176
94 180
94 182
94 183
94 185
94 187
94 188
94 189
94 199
94 202
94 203
94 206
94 209
94 212
94 215
94 220
94 222
94 226
94 229
94 230
94 238
94 239
94 240
94 244
95 102
95 104
95 107
95 109
95 110
95 112
95 114
95 116
95 119
95 125
95 130
95 132
95 133
95 134
95 135
95 136
95 137
95 138
95 140
95 141
95 143
95 146
95 147
95 148
95 152
95 158
95 161
95 164
95 172
95 173
95 177
95 180
95 181
95 184
95 189
95 192
95 194
95 195
95 196
95 211
95 222
95 223
95 227
95 229
95 231
95 233
95 234
95 235
95 237
95 241
95 244
100 101
100 102
100 103
100 104
100 105
100 106
100 107
100 108
100 109
100 114
100 118
100 119
100 123
100 125
100 131
100 140
100 141
100 145
100 149
100 152
100 161
100 163
100 166
100 168
100 169
100 174
100 176
100 178
100 187
100 189
100 193
100 197
100 199
100 202
100 205
100 210
100 211
100 214
100 218
100 233
100 234
100 237
100 238
100 241
100 242
100 246
100 247
100 249
101 102
101 103
101 104
101 105
101 106
101 107
101 108
101 109
101 111
101 113
101 120
101 121
101 126
101 132
101 133
101 134
101 135
101 140
101 144
101 147
101 149
101 152
101 159
101 162
101 166
101 168
101 172
101 174
101 175
101 179
101 186
101 187
101 188
101 191
101 193
101 195
101 200
101 201
101 202
101 208
101 209
101 211
101 217
101 228
101 230
101 232
101 233
101 237
101 245
101 249
102 103
102 104
102 105
102 106
102 107
102 108
102 109
102 110
102 116
102 119
102 120
102 121
102 123
102 128
102 134
102 136
102 147
102 150
102 154
102 155
102 156
102 159
102 165
102 171
102 173
102 175
102 179
102 183
102 191
102 193
102 196
102 199
102 201
102 202
102 204
102 206
102 212
102 223
102 230
102 231
102 236
102 237
102 241
102 244
102 248
102 249
103 104
103 105
103 106
103 107
103 108
103 109
103 112
103 114
103 116
103 125
103 127
103 130
103 133
103 136
103 149
103 152
103 157
103 158
103 161
103 169
103 173
103 174
103 176
103 177
103 180
103 181
103 183
103 190
103 191
103 193
103 200
103 201
103 206
103 207
103 210
103 211
103 212
103 213
103 215
103 220
103 221
103 224
103 227
103 230
103 232
103 233
103 234
103 235
103 237
103 241
103 246
104 105
104 106
104 107
104 108
104 109
104 112
104 116
104 119
104 122
104 124
104 127
104 128
104 132
104 138
104 146
104 150
104 151
104 154
104 156
104 158
104 159
104 160
104 163
104 179
104 184
104 188
104 191
104 193
104 195
104 196
104 199
104 204
104 207
104 216
104 219
104 222
104 225
104 227
104 228
104 230
104 239
104 246
104 247
104 248
105 106
105 107
105 108
105 109
105 113
105 117
105 118
105 119
105 121
105 128
105 132
105 141
105 145
105 153
105 154
105 158
105 164
105 166
105 171
105 174
105 176
105 177
105 179
105 182
105 189
105 190
105 195
105 196
105 202
105 206
105 208
105 212
105 213
105 215
105 219
105 222
105 224
105 225
105 226
105 227
105 234
105 237
105 248
106 107
106 108
106 109
106 111
106 113
106 122
106 132
106 135
106 138
106 144
106 146
106 147
106 156
106 163
106 164
106 165
106 167
106 169
106 176
106 179
106 180
106 188
106 189
106 193
106 197
106 198
106 200
106 205
106 206
106 207
106 208
106 210
106 216
106 218
106 223
106 225
106 233
106 234
106 235
106 243
106 244
106 245
106 246
107 108
107 109
107 111
107 117
107 123
107 125
107 128
107 129
107 133
107 135
107 138
107 139
107 150
107 161
107 163
107 169
107 177
107 178
107 180
107 182
107 184
107 185
107 191
107 194
107 196
107 197
107 198
107 199
107 205
107 212
107 213
107 214
107 220
107 225
107 230
107 232
107 234
107 236
107 241
107 243
107 245
107 246
107 247
107 249
108 109
108 118
108 119
108 121
108 124
108 125
108 129
108 131
108 133
108 136
108 139
108 143
108 144
108 153
108 154
108 156
108 158
108 165
108 168
108 172
108 176
108 177
108 178
108 181
108 182
108 184
108 186
108 187
108 190
108 191
108 196
108 197
108 205
108 206
108 210
108 213
108 216
108 217
108 221
108 231
108 235
108 236
108 239
108 240
108 241
108 246
108 249
109 111
109 112
109 120
109 121
109 123
109 124
109 132
109 133
109 134
109 135
109 136
109 140
109 142
109 159
109 161
109 163
109 168
109 171
109 174
109 175
109 180
109 181
109 187
109 188
109 189
109 192
109 197
109 199
109 200
109 202
109 203
109 204
109 207
109 208
109 210
109 213
109 219
109 222
109 227
109 228
109 236
109 238
109 241
109 248
110 111
110 112
110 113
110 114
110 115
110 116
110 117
110 118
110 119
110 121
110 123
110 124
110 126
110 129
110 135
110 143
110 148
110 149
110 151
110 152
110 153
110 156
110 158
110 160
110 161
110 163
110 164
110 172
110 173
110 174
110 175
110 178
110 179
110 185
110 191
110 192
110 195
110 197
110 198
110 200
110 203
110 204
110 217
110 221
110 222
110 223
110 224
110 234
110 236
110 238
110 243
110 245
110 247
110 248
110 249
111 112
111 113
111 114
111 115
111 116
111 117
111 118
111 119
111 122
111 123
111 125
111 131
111 132
111 133
111 134
111 139
111 140
111 143
111 147
111 148
111 150
111 154
111 156
111 157
111 158
111 163
111 165
111 168
111 172
111 173
111 175
111 178
111 180
111 185
111 192
111 196
111 201
111 204
111 206
111 212
111 219
111 222
111 228
111 229
111 230
111 232
111 235
111 236
111 239
111 240
111 242
111 244
111 245
112 113
112 114
112 115
112 116
112 117
112 118
112 119
112 120
112 122
112 124
112 126
112 127
112 128
112 131
112 137
112 138
112 142
112 146
112 149
112 151
112 173
112 177
112 182
112 185
112 195
112 196
112 202
112 203
112 209
112 210
112 212
112 213
112 218
112 219
112 223
112 225
112 226
112 232
112 239
112 249
113 114
113 115
113 116
113 117
113 118
113 119
113 124
113 127
113 132
113 137
113 140
113 144
113 145
113 147
113 149
113 155
113 157
113 166
113 170
113 175
113 178
113 183
113 185
113 187
113 189
113 190
113 191
113 196
113 201
113 202
113 216
113 218
113 233
113 237
113 238
113 239
113 240
113 244
113 248
113 249
114 115
114 116
114 117
114 118
114 119
114 125
114 126
114 127
114 129
114 131
114 134
114 138
114 141
114 145
114 147
114 152
114 160
114 166
114 169
114 172
114 174
114 179
114 180
114 184
114 190
114 193
114 195
114 197
114 199
114 201
114 206
114 207
114 211
114 223
114 227
114 233
114 236
114 237
114 239
114 242
114 243
115 116
115 117
115 118
115 119
115 120
115 125
115 126
115 127
115 128
115 135
115 136
115 139
115 140
115 149
115 150
115 151
115 153
115 155
115 158
115 159
115 163
115 169
115 172
115 177
115 181
115 184
115 185
115 186
115 188
115 189
115 199
115 200
115 206
115 208
115 211
115 212
115 217
115 218
115 221
115 227
115 229
115 244
116 117
116 118
116 119
116 122
116 125
116 128
116 130
116 132
116 134
116 141
116 145
116 146
116 147
116 154
116 160
116 161
116 165
116 167
116 171
116 177
116 181
116 190
116 192
116 197
116 203
116 213
116 215
116 217
116 218
116 221
116 222
116 223
116 224
116 226
116 227
116 228
116 229
116 234
116 235
116 236
116 241
116 243
116 245
116 246
116 249
117 118
117 119
117 122
117 125
117 127
117 128
117 131
117 132
117 134
117 136
117 146
117 157
117 161
117 162
117 164
117 165
117 167
117 172
117 173
117 174
117 176
117 180
117 181
117 184
117 187
117 188
117 194
117 196
117 197
117 201
117 206
117 209
117 212
117 216
117 217
117 218
117 224
117 225
117 229
117 233
117 237
117 242
117 247
118 119
118 123
118 125
118 129
118 131
118 134
118 137
118 142
118 145
118 147
118 148
118 149
118 150
118 151
118 153
118 155
118 157
118 160
118 161
118 165
118 170
118 173
118 175
118 177
118 178
118 184
118 185
118 190
118 191
118 192
118 194
118 195
118 198
118 205
118 206
118 213
118 216
118 217
118 224
118 225
118 227
118 228
118 232
118 238
118 242
118 244
118 245
118 247
118 249
119 123
119 124
119 125
119 127
119 128
119 132
119 136
119 138
119 145
119 146
119 157
119 161
119 164
119 168
119 174
119 176
119 177
119 181
119 184
119 188
119 192
119 197
119 203
119 206
119 209
119 215
119 216
119 218
119 220
119 223
119 224
119 228
119 230
119 234
119 238
119 242
119 243
119 246
128 129
128 120
128 121
128 122
128 123
128 124
128 125
128 126
128 127
128 134
128 137
128 142
128 153
128 156
128 164
128 166
128 167
128 169
128 172
128 176
128 177
128 179
128 180
128 181
128 182
128 185
128 187
128 188
128 189
128 191
128 194
128 197
128 202
128 203
128 207
128 209
128 213
128 215
128 219
128 225
128 235
128 237
128 238
128 242
128 245
128 248
128 249
129 120
129 121
129 122
129 123
129 124
129 125
129 126
129 127
129 136
129 138
129 140
129 141
129 142
129 146
129 147
129 148
129 150
129 152
129 155
129 163
129 164
129 165
129 166
129 171
129 176
129 177
129 178
129 183
129 189
129 196
129 204
129 207
129 208
129 209
129 216
129 223
129 226
129 228
129 231
129 232
129 233
129 237
129 240
129 249
120 121
120 122
120 123
120 124
120 125
120 126
120 127
120 130
120 131
120 134
120 135
120 136
120 137
120 141
120 147
120 149
120 150
120 154
120 156
120 157
120 159
120 160
120 161
120 166
120 168
120 171
120 176
120 177
120 178
120 182
120 184
120 185
120 188
120 190
120 196
120 201
120 202
120 203
120 204
120 205
120 212
120 219
120 223
120 225
120 227
120 229
120 233
120 237
120 238
120 241
120 242
120 249
121 122
121 123
121 124
121 125
121 126
121 127
121 130
121 133
121 137
121 152
121 154
121 155
121 159
121 161
121 164
121 173
121 175
121 181
121 182
121 184
121 185
121 195
121 198
121 199
121 202
121 203
121 205
121 208
121 215
121 219
121 225
121 228
121 230
121 233
121 239
121 245
121 248
121 249
122 123
122 124
122 125
122 126
122 127
122 131
122 133
122 135
122 136
122 139
122 140
122 142
122 146
122 150
122 154
122 156
122 162
122 164
122 169
122 170
122 176
122 179
122 184
122 185
122 186
122 189
122 190
122 193
122 194
122 198
122 204
122 209
122 217
122 220
122 223
122 227
122 230
122 233
122 236
122 238
122 240
122 241
122 246
123 124
123 125
123 126
123 127
123 130
123 133
123 134
123 136
123 137
123 139
123 141
123 149
123 150
123 162
123 165
123 167
123 176
123 178
123 179
123 180
123 181
123 188
123 190
123 192
123 193
123 196
123 199
123 203
123 206
123 209
123 211
123 214
123 217
123 225
123 232
123 233
123 234
123 238
123 242
123 243
123 245
123 249
124 125
124 126
124 127
124 131
124 132
124 135
124 142
124 146
124 150
124 151
124 154
124 155
124 157
124 158
124 162
124 163
124 164
124 165
124 166
124 170
124 173
124 176
124 177
124 187
124 190
124 192
124 206
124 209
124 212
124 214
124 215
124 218
124 228
124 230
124 234
124 235
124 239
124 244
124 248
125 126
125 127
125 133
125 140
125 141
125 145
125 150
125 151
125 158
125 160
125 162
125 166
125 175
125 176
125 177
125 179
125 183
125 187
125 188
125 189
125 201
125 205
125 209
125 210
125 214
125 220
125 223
125 224
125 232
125 235
125 243
125 244
126 127
126 136
126 137
126 138
126 150
126 159
126 166
126 167
126 168
126 170
126 171
126 173
126 190
126 191
126 206
126 211
126 215
126 216
126 217
126 218
126 221
126 223
126 225
126 228
126 232
126 236
126 238
126 244
126 246
126 247
127 130
127 132
127 135
127 138
127 139
127 144
127 147
127 148
127 150
127 151
127 152
127 154
127 157
127 165
127 166
127 167
127 168
127 176
127 182
127 185
127 187
127 188
127 189
127 192
127 201
127 203
127 207
127 212
127 213
127 215
127 216
127 221
127 229
127 232
127 241
127 244
127 247
127 249
130 131
130 132
130 133
130 134
130 135
130 136
130 137
130 138
130 139
130 141
130 147
130 150
130 152
130 156
130 158
130 159
130 163
130 165
130 169
130 179
130 182
130 184
130 191
130 193
130 196
130 198
130 204
130 205
130 206
130 210
130 211
130 212
130 230
130 232
130 237
130 244
130 245
130 246
130 247
130 248
131 132
131 133
131 134
131 135
131 136
131 137
131 138
131 139
131 143
131 145
131 146
131 148
131 150
131 153
131 156
131 157
131 163
131 164
131 165
131 166
131 168
131 171
131 172
131 177
131 180
131 181
131 182
131 184
131 185
131 187
131 200
131 201
131 208
131 209
131 211
131 214
131 218
131 219
131 220
131 225
131 228
131 229
131 230
131 233
131 236
131 248
132 133
132 134
132 135
132 136
132 137
132 138
132 139
132 142
132 147
132 150
132 154
132 161
132 166
132 167
132 169
132 170
132 171
132 175
132 176
132 177
132 178
132 179
132 180
132 182
132 184
132 187
132 191
132 195
132 205
132 210
132 212
132 213
132 214
132 226
132 227
132 228
132 230
132 231
132 236
132 239
132 243
132 244
132 245
132 246
132 247
133 134
133 135
133 136
133 137
133 138
133 139
133 146
133 147
133 148
133 151
133 152
133 153
133 158
133 163
133 164
133 168
133 169
133 172
133 179
133 180
133 183
133 189
133 194
133 198
133 207
133 211
133 219
133 221
133 222
133 224
133 226
133 232
133 234
133 238
133 240
133 241
133 242
133 244
133 247
133 248
133 249
134 135
134 136
134 137
134 138
134 139
134 141
134 142
134 144
134 151
134 155
134 160
134 162
134 163
134 167
134 168
134 170
134 172
134 174
134 180
134 186
134 188
134 193
134 197
134 201
134 203
134 204
134 205
134 210
134 220
134 221
134 223
134 228
134 231
134 234
134 235
134 236
134 239
134 243
134 246
134 249
135 136
135 137
135 138
135 139
135 140
135 142
135 143
135 144
135 145
135 147
135 154
135 159
135 162
135 170
135 172
135 173
135 174
135 175
135 182
135 184
135 186
135 190
135 194
135 198
135 200
135 201
135 205
135 210
135 211
135 214
135 217
135 226
135 228
135 229
135 232
135 241
135 246
136 137
136 138
136 139
136 142
136 144
136 152
136 153
136 157
136 161
136 162
136 163
136 165
136 170
136 171
136 174
136 176
136 180
136 182
136 184
136 185
136 189
136 192
136 196
136 208
136 209
136 212
136 214
136 216
136 217
136 225
136 226
136 227
136 229
136 231
136 235
136 236
136 242
136 248
136 249
137 138
137 139
137 141
137 143
137 145
137 146
137 149
137 150
137 153
137 154
137 163
137 170
137 177
137 181
137 182
137 184
137 186
137 190
137 193
137 194
137 199
137 203
137 204
137 205
137 207
137 209
137 210
137 213
137 214
137 216
137 217
137 219
137 220
137 231
137 232
137 233
137 237
137 240
137 246
138 139
138 140
138 142
138 143
138 144
138 145
138 153
138 155
138 156
138 165
138 168
138 169
138 170
138 171
138 173
138 174
138 175
138 177
138 180
138 182
138 183
138 184
138 193
138 202
138 205
138 206
138 209
138 214
138 216
138 217
138 219
138 223
138 224
138 230
138 234
138 236
138 238
138 239
138 241
138 245
139 141
139 143
139 148
139 151
139 152
139 153
139 159
139 162
139 164
139 165
139 169
139 172
139 177
139 183
139 184
139 187
139 188
139 191
139 194
139 199
139 210
139 216
139 219
139 220
139 221
139 223
139 224
139 226
139 227
139 231
139 233
139 235
139 238
139 239
139 241
139 243
139 244
139 247
139 249
140 141
140 142
140 143
140 144
140 145
140 146
140 147
140 148
140 149
140 155
140 156
140 157
140 160
140 161
140 167
140 171
140 174
140 175
140 178
140 195
140 199
140 200
140 208
140 212
140 214
140 218
140 226
140 227
140 229
140 230
140 234
140 235
140 238
140 240
140 243
141 142
141 143
141 144
141 145
141 146
141 147
141 148
141 149
141 156
141 163
141 164
141 168
141 169
141 176
141 178
141 180
141 182
141 183
141 186
141 187
141 190
141 193
141 200
141 201
141 202
141 206
141 208
141 209
141 212
141 213
141 215
141 218
141 225
141 226
141 232
141 235
141 236
141 240
141 241
141 242
141 246
141 249
142 143
142 144
142 145
142 146
142 147
142 148
142 149
142 157
142 159
142 160
142 161
142 165
142 168
142 171
142 172
142 173
142 174
142 177
142 180
142 181
142 190
142 194
142 196
142 200
142 203
142 206
142 207
142 210
142 216
142 220
142 221
142 226
142 230
142 235
142 237
142 241
142 246
142 247
142 248
142 249
143 144
143 145
143 146
143 147
143 148
143 149
143 150
143 152
143 153
143 159
143 161
143 163
143 171
143 173
143 174
143 178
143 179
143 183
143 187
143 188
143 191
143 193
143 195
143 198
143 199
143 201
143 213
143 214
143 215
143 223
143 226
143 232
143 237
143 240
143 243
143 247
144 145
144 146
144 147
144 148
144 149
144 153
144 155
144 156
144 158
144 161
144 162
144 169
144 186
144 189
144 190
144 191
144 194
144 195
144 197
144 202
144 203
144 206
144 209
144 210
144 211
144 217
144 224
144 227
144 230
144 231
144 233
144 235
144 242
144 243
144 244
144 246
144 248
145 146
145 147
145 148
145 149
145 151
145 154
145 155
145 158
145 163
145 164
145 167
145 170
145 172
145 177
145 178
145 179
145 185
145 186
145 193
145 194
145 195
145 197
145 198
145 199
145 200
145 206
145 212
145 213
145 217
145 226
145 238
145 239
145 240
145 241
145 246
145 248
146 147
146 148
146 149
146 153
146 156
146 158
146 159
146 161
146 166
146 167
146 172
146 179
146 181
146 183
146 184
146 187
146 188
146 190
146 193
146 196
146 199
146 201
146 204
146 208
146 209
146 211
146 213
146 215
146 223
146 230
146 233
146 235
146 237
146 238
146 240
146 242
146 249
147 148
147 149
147 151
147 158
147 159
147 163
147 170
147 171
147 172
147 176
147 179
147 180
147 181
147 183
147 185
147 187
147 189
147 192
147 196
147 201
147 203
147 206
147 208
147 210
147 213
147 215
147 218
147 223
147 224
147 226
147 234
147 235
147 236
147 242
147 246
148 149
148 157
148 161
148 164
148 168
148 171
148 175
148 177
148 178
148 182
148 189
148 192
148 201
148 206
148 208
148 209
148 210
148 211
148 214
148 218
148 219
148 223
148 224
148 227
148 229
148 230
148 235
148 237
148 243
148 244
148 245
148 246
148 247
148 248
148 249
149 152
149 153
149 154
149 156
149 157
149 165
149 166
149 168
149 169
149 173
149 180
149 181
149 183
149 184
149 185
149 187
149 192
149 199
149 200
149 202
149 204
149 205
149 212
149 213
149 215
149 219
149 222
149 228
149 232
149 233
149 235
149 240
149 245
149 246
149 247
150 151
150 152
150 153
150 154
150 155
150 156
150 157
150 158
150 159
150 162
150 165
150 168
150 173
150 176
150 179
150 184
150 185
150 186
150 190
150 196
150 204
150 205
150 209
150 219
150 220
150 221
150 224
150 230
150 232
150 235
150 239
150 243
150 244
150 248
151 152
151 153
151 154
151 155
151 156
151 157
151 158
151 159
151 162
151 166
151 168
151 169
151 172
151 175
151 177
151 178
151 181
151 184
151 189
151 191
151 194
151 195
151 197
151 203
151 204
151 206
151 207
151 211
151 219
151 225
151 230
151 233
151 237
151 245
151 249
152 153
152 154
152 155
152 156
152 157
152 158
152 159
152 161
152 162
152 165
152 166
152 171
152 174
152 180
152 182
152 183
152 184
152 186
152 191
152 192
152 193
152 197
152 198
152 201
152 208
152 212
152 213
152 214
152 222
152 230
152 234
152 236
152 239
152 241
152 244
153 154
153 155
153 156
153 157
153 158
153 159
153 168
153 171
153 174
153 175
153 177
153 178
153 183
153 184
153 186
153 187
153 188
153 193
153 195
153 198
153 200
153 202
153 206
153 211
153 214
153 216
153 218
153 219
153 225
153 228
153 240
153 241
153 243
153 244
153 245
154 155
154 156
154 157
154 158
154 159
154 160
154 161
154 165
154 171
154 172
154 176
154 179
154 182
154 195
154 202
154 208
154 216
154 219
154 231
154 235
154 239
154 241
154 242
154 244
154 245
154 247
154 249
155 156
155 157
155 158
155 159
155 165
155 168
155 170
155 171
155 174
155 177
155 178
155 183
155 186
155 189
155 190
155 191
155 196
155 200
155 210
155 212
155 213
155 216
155 218
155 221
155 226
155 227
155 230
155 231
155 237
155 242
155 247
156 157
156 158
156 159
156 161
156 163
156 173
156 180
156 181
156 185
156 186
156 189
156 193
156 194
156 198
156 200
156 201
156 203
156 207
156 209
156 217
156 220
156 222
156 224
156 228
156 230
156 239
156 240
156 245
156 247
157 158
157 159
157 162
157 163
157 166
157 167
157 171
157 173
157 175
157 177
157 178
157 184
157 186
157 187
157 189
157 191
157 192
157 205
157 206
157 207
157 209
157 210
157 212
157 214
157 221
157 224
157 227
157 233
157 234
157 238
157 244
158 159
158 163
158 169
158 170
158 176
158 178
158 190
158 193
158 199
158 201
158 203
158 204
158 205
158 206
158 208
158 209
158 210
158 225
158 236
158 237
158 238
158 241
158 243
158 244
158 248
159 160
159 161
159 162
159 168
159 169
159 176
159 177
159 184
159 186
159 196
159 197
159 206
159 211
159 214
159 215
159 216
159 217
159 218
159 222
159 229
159 234
159 235
159 236
159 237
159 242
159 244
159 249
160 161
160 162
160 163
160 164
160 165
160 166
160 167
160 168
160 169
160 176
160 179
160 182
160 183
160 186
160 189
160 193
160 196
160 199
160 200
160 204
160 205
160 208
160 210
160 211
160 213
160 224
160 225
160 227
160 231
160 235
160 239
160 240
160 246
160 249
161 162
161 163
161 164
161 165
161 166
161 167
161 168
161 169
161 172
161 176
161 179
161 180
161 184
161 188
161 191
161 193
161 196
161 198
161 200
161 201
161 203
161 205
161 206
161 209
161 211
161 212
161 216
161 219
161 221
161 225
161 226
161 229
161 233
161 234
161 236
161 243
161 247
162 163
162 164
162 165
162 166
162 167
162 168
162 169
162 171
162 183
162 185
162 189
162 190
162 194
162 204
162 205
162 206
162 213
162 215
162 218
162 220
162 227
162 231
162 242
162 246
162 248
163 164
163 165
163 166
163 167
163 168
163 169
163 171
163 172
163 177
163 179
163 180
163 184
163 191
163 195
163 200
163 205
163 209
163 210
163 212
163 214
163 215
163 217
163 219
163 224
163 231
163 235
163 239
163 248
164 165
164 166
164 167
164 168
164 169
164 173
164 177
164 178
164 180
164 183
164 185
164 188
164 189
164 200
164 201
164 204
164 205
164 206
164 210
164 211
164 212
164 213
164 217
164 222
164 228
164 230
164 233
164 237
164 240
165 166
165 167
165 168
165 169
165 170
165 171
165 174
165 179
165 181
165 182
165 183
165 186
165 187
165 191
165 192
165 193
165 204
165 205
165 214
165 215
165 219
165 230
165 235
165 237
165 239
165 246
166 167
166 168
166 169
166 171
166 173
166 177
166 179
166 183
166 184
166 185
166 186
166 190
166 193
166 196
166 198
166 202
166 204
166 206
166 210
166 211
166 215
166 223
166 227
166 228
166 229
166 232
166 242
166 244
166 246
166 248
167 168
167 169
167 172
167 173
167 178
167 179
167 185
167 186
167 189
167 193
167 195
167 199
167 203
167 204
167 205
167 210
167 223
167 226
167 231
167 234
167 239
167 241
167 243
167 244
167 248
168 169
168 171
168 172
168 177
168 189
168 192
168 202
168 205
168 211
168 216
168 218
168 225
168 227
168 228
168 235
168 238
168 241
168 243
168 248
168 249
169 170
169 171
169 173
169 174
169 175
169 176
169 178
169 183
169 184
169 185
169 186
169 187
169 189
169 192
169 195
169 197
169 200
169 203
169 206
169 211
169 213
169 219
169 228
169 229
169 232
169 233
169 234
169 235
169 239
169 243
169 245
170 171
170 172
170 173
170 174
170 175
170 176
170 177
170 178
170 179
170 180
170 184
170 185
170 187
170 188
170 190
170 191
170 195
170 199
170 201
170 209
170 210
170 214
170 215
170 216
170 221
170 227
170 228
170 231
170 234
170 238
170 240
170 244
170 246
170 248
170 249
171 172
171 173
171 174
171 175
171 176
171 177
171 178
171 179
171 180
171 181
171 185
171 195
171 197
171 201
171 204
171 206
171 209
171 212
171 215
171 227
171 229
171 236
171 238
171 239
171 243
171 244
171 246
172 173
172 174
172 175
172 176
172 177
172 178
172 179
172 181
172 182
172 186
172 187
172 192
172 195
172 197
172 201
172 205
172 213
172 217
172 218
172 223
172 226
172 228
172 229
172 236
172 237
172 242
172 243
172 246
173 174
173 175
173 176
173 177
173 178
173 179
173 184
173 187
173 191
173 192
173 194
173 204
173 212
173 217
173 222
173 228
173 231
173 237
173 247
173 248
173 249
174 175
174 176
174 177
174 178
174 179
174 183
174 184
174 193
174 198
174 200
174 205
174 208
174 211
174 218
174 220
174 221
174 222
174 226
174 227
174 231
174 232
174 238
174 242
174 243
174 244
174 247
175 176
175 177
175 178
175 179
175 186
175 190
175 199
175 204
175 207
175 211
175 218
175 219
175 231
175 233
175 235
175 236
175 237
175 239
175 240
176 177
176 178
176 179
176 180
176 181
176 183
176 185
176 187
176 191
176 194
176 196
176 197
176 200
176 208
176 209
176 212
176 213
176 217
176 220
176 225
176 226
176 227
176 228
176 231
176 233
176 235
176 238
176 240
176 241
176 248
177 178
177 179
177 180
177 182
177 189
177 191
177 197
177 201
177 206
177 207
177 216
177 217
177 219
177 221
177 224
177 225
177 226
177 229
177 241
177 244
177 248
178 179
178 182
178 183
178 187
178 190
178 191
178 197
178 203
178 207
178 215
178 217
178 224
178 225
178 228
178 230
178 235
178 237
178 241
178 244
179 184
179 185
179 191
179 192
179 196
179 197
179 200
179 206
179 207
179 212
179 216
179 222
179 224
179 226
179 227
179 235
179 238
179 243
179 245
179 248
179 249
180 181
180 182
180 183
180 184
180 185
180 186
180 187
180 188
180 189
180 192
180 194
180 197
180 201
180 214
180 216
180 218
180 220
180 224
180 227
180 229
180 233
180 234
180 239
180 244
181 182
181 183
181 184
181 185
181 186
181 187
181 188
181 189
181 190
181 192
181 193
181 199
181 201
181 208
181 212
181 221
181 226
181 227
181 234
181 235
181 238
181 243
181 246
181 247
182 183
182 184
182 185
182 186
182 187
182 188
182 189
182 190
182 193
182 205
182 213
182 221
182 223
182 224
182 243
182 246
182 249
183 184
183 185
183 186
183 187
183 188
183 189
183 190
183 191
183 197
183 208
183 211
183 214
183 217
183 230
183 239
183 240
183 245
184 185
184 186
184 187
184 188
184 189
184 194
184 205
184 209
184 210
184 214
184 216
184 217
184 218
184 226
184 230
184 231
184 233
184 236
184 237
184 239
184 240
184 241
184 242
184 248
185 186
185 187
185 188
185 189
185 193
185 194
185 195
185 196
185 198
185 199
185 202
185 205
185 208
185 209
185 211
185 217
185 218
185 220
185 221
185 230
185 233
185 234
185 236
185 239
185 240
185 244
185 245
185 246
185 249
186 187
186 188
186 189
186 191
186 201
186 203
186 207
186 208
186 211
186 216
186 217
186 219
186 227
186 230
186 233
186 240
186 243
186 249
187 188
187 189
187 190
187 191
187 193
187 195
187 200
187 201
187 209
187 211
187 215
187 219
187 228
187 230
187 236
187 237
187 238
187 241
187 243
188 189
188 199
188 202
188 204
188 213
188 214
188 216
188 219
188 225
188 226
188 227
188 228
188 230
188 236
189 190
189 191
189 193
189 197
189 199
189 200
189 201
189 206
189 207
189 208
189 209
189 213
189 215
189 220
189 221
189 224
189 232
189 235
189 238
189 248
189 249
192 193
192 194
192 195
192 196
192 197
192 198
192 199
192 190
192 191
192 200
192 206
192 215
192 218
192 221
192 222
192 224
192 225
192 232
192 233
192 234
192 238
192 240
192 242
192 243
192 248
192 249
193 194
193 195
193 196
193 197
193 198
193 199
193 190
193 191
193 200
193 204
193 208
193 209
193 212
193 214
193 219
193 222
193 223
193 225
193 234
193 235
193 237
193 240
193 242
193 245
194 195
194 196
194 197
194 198
194 199
194 190
194 191
194 202
194 204
194 208
194 213
194 214
194 216
194 222
194 226
194 245
195 196
195 197
195 198
195 199
195 190
195 191
195 206
195 212
195 214
195 217
195 221
195 227
195 229
195 231
195 239
195 246
195 248
196 197
196 198
196 199
196 190
196 191
196 205
196 206
196 208
196 209
196 214
196 215
196 224
196 226
196 230
196 232
196 235
196 238
196 239
196 240
196 243
196 245
196 246
196 247
196 248
196 249
197 198
197 199
197 190
197 191
197 200
197 206
197 207
197 209
197 214
197 218
197 219
197 229
197 232
197 233
197 234
197 235
197 239
197 240
197 241
197 242
197 246
197 248
198 199
198 190
198 191
198 203
198 205
198 208
198 211
198 216
198 223
198 224
198 225
198 226
198 228
198 231
198 233
198 236
198 240
198 243
198 244
198 247
199 190
199 191
199 200
199 206
199 208
199 211
199 212
199 220
199 222
199 225
199 239
199 243
199 246
199 249
190 191
190 201
190 204
190 205
190 208
190 213
190 216
190 218
190 219
190 220
190 221
190 222
190 225
190 228
190 236
190 238
190 241
190 243
190 248
191 204
191 207
191 208
191 210
191 215
191 218
191 219
191 233
191 236
191 238
191 239
191 243
191 245
191 247
200 201
200 202
200 203
200 204
200 205
200 206
200 207
200 208
200 209
200 213
200 218
200 229
200 230
200 231
200 232
200 234
200 235
200 239
200 246
200 249
201 202
201 203
201 204
201 205
201 206
201 207
201 208
201 209
201 216
201 218
201 220
201 224
201 226
201 228
201 234
201 240
201 246
202 203
202 204
202 205
202 206
202 207
202 208
202 209
202 211
202 212
202 215
202 218
202 221
202 224
202 229
202 231
202 234
202 245
202 247
203 204
203 205
203 206
203 207
203 208
203 209
203 211
203 213
203 217
203 218
203 220
203 225
203 229
203 231
203 234
203 236
203 237
203 243
204 205
204 206
204 207
204 208
204 209
204 212
204 215
204 216
204 223
204 233
204 234
204 235
204 238
204 239
204 244
204 245
205 206
205 207
205 208
205 209
205 211
205 212
205 217
205 218
205 220
205 221
205 224
205 225
205 230
205 233
205 235
205 237
205 238
205 241
205 243
205 245
205 246
206 207
206 208
206 209
206 213
206 214
206 217
206 220
206 221
206 225
206 226
206 228
206 231
206 237
206 240
206 243
206 245
206 248
207 208
207 209
207 216
207 218
207 223
207 227
207 229
207 237
207 241
207 242
208 209
208 210
208 215
208 218
208 222
208 223
208 228
208 229
208 233
208 237
208 244
208 246
209 210
209 218
209 225
209 226
209 227
209 234
209 235
209 236
209 240
209 245
209 248
210 211
210 212
210 213
210 214
210 215
210 216
210 217
210 218
210 219
210 220
210 223
210 224
210 225
210 229
210 235
210 239
210 240
210 241
210 245
211 212
211 213
211 214
211 215
211 216
211 217
211 218
211 219
211 220
211 222
211 232
211 233
211 234
211 237
211 243
211 245
212 213
212 214
212 215
212 216
212 217
212 218
212 219
212 222
212 223
212 225
212 226
212 228
212 229
212 230
212 237
212 241
212 245
213 214
213 215
213 216
213 217
213 218
213 219
213 224
213 229
213 232
213 233
213 235
213 241
213 247
214 215
214 216
214 217
214 218
214 219
214 221
214 222
214 227
214 228
214 232
214 234
214 236
214 237
214 238
214 242
214 244
214 246
214 249
215 216
215 217
215 218
215 219
215 221
215 222
215 223
215 227
215 233
215 234
215 235
215 243
216 217
216 218
216 219
216 221
216 224
216 226
216 237
216 240
216 246
216 248
217 218
217 219
217 220
217 221
217 224
217 228
217 230
217 235
217 241
217 243
217 247
218 219
218 228
218 230
218 237
218 240
218 241
218 242
218 243
218 247
219 220
219 221
219 234
219 239
219 241
219 246
224 225
224 226
224 227
224 228
224 229
224 220
224 221
224 222
224 223
224 233
224 236
224 240
224 248
224 249
225 226
225 227
225 228
225 229
225 220
225 221
225 222
225 223
225 232
225 233
225 234
225 239
225 243
225 244
225 247
226 227
226 228
226 229
226 220
226 221
226 222
226 223
226 233
226 235
226 239
226 244
226 246
226 247
227 228
227 229
227 220
227 221
227 222
227 223
227 230
227 232
227 233
227 234
227 235
227 236
227 237
227 239
227 240
227 246
227 249
228 229
228 220
228 221
228 222
228 223
228 231
228 235
228 239
228 240
228 243
228 246
229 220
229 221
229 222
229 223
229 232
229 237
229 238
229 243
229 244
229 245
229 247
229 249
220 221
220 222
220 223
220 230
220 232
220 237
220 240
220 241
220 248
221 222
221 223
221 233
221 239
221 242
221 243
222 223
222 230
222 237
222 239
222 243
222 244
222 248
223 230
223 231
223 235
223 244
223 248
223 249
230 231
230 232
230 233
230 234
230 235
230 236
230 237
230 238
230 239
230 240
230 244
231 232
231 233
231 234
231 235
231 236
231 237
231 238
231 239
231 240
231 243
231 244
231 246
231 248
231 249
232 233
232 234
232 235
232 236
232 237
232 238
232 239
232 247
232 249
233 234
233 235
233 236
233 237
233 238
233 239
233 242
233 243
233 246
234 235
234 236
234 237
234 238
234 239
234 244
234 245
234 246
235 236
235 237
235 238
235 239
235 243
235 244
235 249
236 237
236 238
236 239
236 240
236 241
236 242
236 248
237 238
237 239
237 240
237 241
237 247
238 239
238 243
238 248
239 240
239 244
239 245
239 248
239 249
240 241
240 242
240 243
240 244
240 245
240 246
240 247
240 248
240 249
241 242
241 243
241 244
241 245
241 246
241 247
241 248
241 249
242 243
242 244
242 245
242 246
242 247
242 248
242 249
243 244
243 245
243 246
243 247
243 248
243 249
244 245
244 246
244 247
244 248
244 249
245 246
245 247
245 248
245 249
246 247
246 248
246 249
247 248
247 249
248 249
