# 9413 edges
0 1
0 2
0 3
0 4
0 5
0 6
0 7
0 8
0 9
0 10
0 11
0 12
0 13
0 14
0 52
0 62
0 68
0 76
0 83
0 96
0 107
0 123
0 126
0 132
0 146
0 151
0 155
0 172
0 173
0 181
0 184
0 189
0 190
0 196
0 197
0 222
0 233
0 245
0 270
0 277
0 285
0 301
0 317
1 2
1 3
1 4
1 5
1 6
1 7
1 8
1 9
1 10
1 11
1 12
1 13
1 14
1 17
1 37
1 41
1 44
1 51
1 55
1 64
1 74
1 121
1 122
1 139
1 143
1 146
1 152
1 156
1 160
1 169
1 174
1 177
1 195
1 199
1 205
1 211
1 220
1 231
1 236
1 250
1 261
1 265
1 272
1 309
1 315
1 342
1 345
1 362
1 365
1 367
2 3
2 4
2 5
2 6
2 7
2 8
2 9
2 10
2 11
2 12
2 13
2 14
2 15
2 36
2 41
2 56
2 74
2 76
2 80
2 93
2 99
2 103
2 107
2 112
2 114
2 117
2 119
2 122
2 154
2 183
2 214
2 221
2 241
2 258
2 281
2 284
2 295
2 303
2 311
2 348
2 356
2 372
3 4
3 5
3 6
3 7
3 8
3 9
3 10
3 11
3 12
3 13
3 14
3 15
3 16
3 26
3 34
3 36
3 38
3 39
3 72
3 86
3 91
3 99
3 127
3 136
3 159
3 164
3 173
3 191
3 197
3 204
3 223
3 227
3 235
3 236
3 252
3 267
3 287
3 292
3 294
3 297
3 299
3 305
3 334
3 367
3 371
4 5
4 6
4 7
4 8
4 9
4 10
4 11
4 12
4 13
4 14
4 34
4 37
4 44
4 63
4 80
4 89
4 94
4 100
4 114
4 120
4 126
4 130
4 138
4 166
4 187
4 194
4 205
4 218
4 226
4 256
4 272
4 274
4 279
4 293
4 312
4 318
4 329
4 333
4 337
4 347
4 350
4 352
4 363
5 6
5 7
5 8
5 9
5 10
5 11
5 12
5 13
5 14
5 18
5 38
5 43
5 51
5 53
5 56
5 59
5 61
5 79
5 89
5 92
5 104
5 108
5 112
5 118
5 121
5 122
5 126
5 145
5 160
5 164
5 169
5 170
5 171
5 173
5 181
5 182
5 191
5 204
5 206
5 233
5 238
5 239
5 246
5 251
5 261
5 263
5 271
5 277
5 280
5 285
5 313
5 347
5 351
5 356
5 358
5 370
5 374
6 7
6 8
6 9
6 10
6 11
6 12
6 13
6 14
6 23
6 29
6 38
6 39
6 44
6 50
6 59
6 69
6 102
6 108
6 138
6 157
6 169
6 171
6 179
6 183
6 192
6 206
6 225
6 227
6 246
6 247
6 252
6 258
6 266
6 271
6 280
6 287
6 298
6 303
6 348
6 369
6 373
7 8
7 9
7 10
7 11
7 12
7 13
7 14
7 17
7 19
7 24
7 44
7 48
7 52
7 56
7 64
7 69
7 90
7 91
7 112
7 115
7 132
7 137
7 158
7 161
7 162
7 216
7 219
7 257
7 277
7 285
7 291
7 315
7 316
7 318
7 327
7 341
7 343
7 365
7 370
8 9
8 10
8 11
8 12
8 13
8 14
8 16
8 34
8 44
8 47
8 54
8 59
8 85
8 89
8 92
8 111
8 127
8 132
8 136
8 147
8 163
8 165
8 173
8 177
8 181
8 190
8 211
8 212
8 216
8 218
8 223
8 227
8 239
8 241
8 248
8 252
8 256
8 262
8 273
8 292
8 296
8 298
8 310
8 313
8 330
8 344
8 351
8 352
8 355
8 357
9 10
9 11
9 12
9 13
9 14
9 18
9 31
9 54
9 62
9 78
9 87
9 93
9 104
9 105
9 109
9 116
9 120
9 121
9 154
9 158
9 168
9 225
9 226
9 230
9 240
9 241
9 242
9 243
9 251
9 258
9 266
9 267
9 273
9 280
9 297
9 311
9 319
9 321
9 335
9 365
10 11
10 12
10 13
10 14
10 43
10 49
10 59
10 99
10 104
10 106
10 123
10 126
10 131
10 163
10 168
10 183
10 191
10 207
10 215
10 239
10 248
10 253
10 257
10 288
10 303
10 307
10 310
10 313
10 317
10 326
10 357
10 370
10 374
11 12
11 13
11 14
11 15
11 18
11 46
11 48
11 49
11 63
11 64
11 79
11 80
11 81
11 85
11 93
11 107
11 109
11 119
11 137
11 144
11 152
11 181
11 182
11 188
11 192
11 198
11 202
11 206
11 243
11 253
11 272
11 280
11 290
11 299
11 320
11 324
11 326
11 328
11 355
11 362
11 370
12 13
12 14
12 16
12 23
12 43
12 47
12 57
12 93
12 103
12 104
12 141
12 142
12 144
12 148
12 151
12 157
12 164
12 169
12 171
12 173
12 177
12 182
12 185
12 190
12 200
12 206
12 219
12 223
12 232
12 242
12 261
12 262
12 264
12 271
12 278
12 285
12 292
12 311
12 318
12 324
12 326
12 327
12 329
12 331
12 345
12 354
13 14
13 32
13 35
13 36
13 74
13 91
13 95
13 101
13 105
13 115
13 120
13 140
13 149
13 151
13 156
13 173
13 204
13 212
13 228
13 240
13 258
13 260
13 261
13 266
13 297
13 324
13 325
13 326
13 327
13 331
13 342
13 347
13 349
13 354
14 30
14 72
14 89
14 95
14 96
14 101
14 126
14 136
14 145
14 146
14 152
14 155
14 166
14 170
14 172
14 175
14 191
14 197
14 199
14 207
14 223
14 230
14 233
14 237
14 273
14 287
14 307
14 310
14 313
14 320
14 323
14 329
14 330
14 337
14 363
15 16
15 17
15 18
15 19
15 20
15 21
15 22
15 23
15 24
15 25
15 26
15 27
15 28
15 29
15 30
15 39
15 44
15 45
15 46
15 61
15 63
15 69
15 74
15 76
15 92
15 118
15 136
15 145
15 154
15 174
15 187
15 199
15 201
15 203
15 227
15 244
15 265
15 267
15 271
15 281
15 285
15 312
15 313
15 329
15 346
15 372
16 17
16 18
16 19
16 20
16 21
16 22
16 23
16 24
16 25
16 26
16 27
16 28
16 29
16 34
16 67
16 74
16 78
16 104
16 107
16 112
16 113
16 156
16 157
16 163
16 164
16 167
16 180
16 182
16 183
16 192
16 208
16 213
16 217
16 224
16 243
16 251
16 281
16 314
16 321
16 322
16 347
16 351
16 353
17 18
17 19
17 20
17 21
17 22
17 23
17 24
17 25
17 26
17 27
17 28
17 29
17 36
17 39
17 62
17 66
17 68
17 83
17 87
17 92
17 99
17 106
17 115
17 124
17 125
17 127
17 133
17 136
17 144
17 148
17 152
17 158
17 183
17 187
17 190
17 205
17 207
17 216
17 225
17 226
17 227
17 229
17 230
17 243
17 245
17 256
17 260
17 279
17 287
17 305
17 308
17 315
17 317
17 323
17 327
17 333
17 334
17 336
17 343
17 364
17 373
18 19
18 20
18 21
18 22
18 23
18 24
18 25
18 26
18 27
18 28
18 29
18 30
18 41
18 57
18 71
18 81
18 84
18 89
18 113
18 125
18 130
18 133
18 134
18 136
18 153
18 160
18 179
18 186
18 192
18 235
18 237
18 242
18 245
18 249
18 253
18 271
18 275
18 286
18 311
18 316
18 330
18 334
18 349
18 358
18 361
18 364
19 20
19 21
19 22
19 23
19 24
19 25
19 26
19 27
19 28
19 29
19 39
19 49
19 85
19 93
19 96
19 110
19 114
19 115
19 121
19 188
19 192
19 193
19 213
19 214
19 233
19 235
19 244
19 251
19 269
19 272
19 280
19 299
19 313
19 323
19 360
20 21
20 22
20 23
20 24
20 25
20 26
20 27
20 28
20 29
20 92
20 104
20 105
20 172
20 188
20 190
20 192
20 199
20 200
20 202
20 207
20 208
20 213
20 225
20 242
20 244
20 246
20 269
20 284
20 297
20 335
20 355
20 362
21 22
21 23
21 24
21 25
21 26
21 27
21 28
21 29
21 38
21 59
21 68
21 69
21 78
21 116
21 124
21 130
21 168
21 183
21 196
21 200
21 212
21 225
21 233
21 237
21 239
21 243
21 262
21 278
21 293
21 297
21 303
21 306
21 325
21 328
21 335
21 339
21 345
21 347
21 352
21 354
21 355
21 373
22 23
22 24
22 25
22 26
22 27
22 28
22 29
22 32
22 38
22 39
22 42
22 43
22 48
22 57
22 60
22 78
22 79
22 85
22 86
22 87
22 104
22 112
22 115
22 133
22 155
22 163
22 165
22 185
22 189
22 200
22 201
22 212
22 232
22 243
22 244
22 245
22 246
22 250
22 256
22 266
22 297
22 311
22 316
22 322
22 327
22 332
22 347
22 353
22 357
22 360
22 367
22 368
22 373
23 24
23 25
23 26
23 27
23 28
23 29
23 31
23 32
23 56
23 60
23 71
23 74
23 94
23 114
23 116
23 148
23 160
23 161
23 178
23 193
23 207
23 208
23 213
23 221
23 254
23 260
23 275
23 281
23 284
23 297
23 313
23 337
23 343
23 349
23 365
23 368
23 370
23 371
23 373
24 25
24 26
24 27
24 28
24 29
24 35
24 38
24 40
24 42
24 49
24 60
24 70
24 74
24 79
24 83
24 100
24 104
24 110
24 114
24 116
24 118
24 121
24 125
24 136
24 143
24 147
24 152
24 160
24 162
24 175
24 195
24 199
24 222
24 223
24 225
24 226
24 233
24 243
24 252
24 253
24 259
24 268
24 273
24 279
24 292
24 299
24 302
24 322
24 332
24 334
24 346
24 364
25 26
25 27
25 28
25 29
25 41
25 54
25 64
25 68
25 76
25 79
25 82
25 99
25 103
25 108
25 116
25 128
25 142
25 148
25 149
25 160
25 168
25 175
25 177
25 215
25 227
25 240
25 258
25 261
25 274
25 282
25 300
25 301
25 303
25 310
25 315
25 318
25 324
25 325
25 330
25 339
25 345
25 346
25 363
25 372
25 373
26 27
26 28
26 29
26 51
26 56
26 62
26 94
26 97
26 100
26 125
26 138
26 151
26 158
26 171
26 179
26 180
26 206
26 214
26 219
26 220
26 245
26 250
26 255
26 269
26 278
26 289
26 291
26 316
26 324
26 339
26 358
26 359
27 28
27 29
27 30
27 35
27 45
27 51
27 53
27 65
27 75
27 80
27 90
27 97
27 115
27 118
27 119
27 122
27 128
27 140
27 144
27 153
27 158
27 161
27 174
27 182
27 198
27 205
27 212
27 217
27 219
27 227
27 232
27 244
27 245
27 250
27 267
27 287
27 293
27 295
27 298
27 301
27 307
27 313
27 314
27 316
27 338
27 343
27 348
27 363
27 364
28 29
28 30
28 62
28 74
28 98
28 106
28 115
28 121
28 150
28 163
28 168
28 202
28 204
28 214
28 217
28 218
28 226
28 233
28 237
28 243
28 245
28 254
28 266
28 273
28 301
28 307
28 316
28 335
28 338
28 353
28 374
29 37
29 50
29 68
29 84
29 88
29 100
29 110
29 115
29 121
29 124
29 133
29 143
29 151
29 157
29 159
29 161
29 164
29 167
29 208
29 211
29 214
29 220
29 245
29 255
29 270
29 280
29 307
29 309
29 327
29 337
29 338
29 344
29 346
29 349
29 356
32 33
32 34
32 35
32 36
32 37
32 38
32 39
32 40
32 41
32 42
32 43
32 44
32 30
32 31
32 61
32 62
32 74
32 98
32 113
32 120
32 126
32 133
32 145
32 147
32 162
32 174
32 196
32 199
32 203
32 246
32 260
32 278
32 282
32 286
32 299
32 322
32 345
32 351
32 362
32 368
32 374
33 34
33 35
33 36
33 37
33 38
33 39
33 40
33 41
33 42
33 43
33 44
33 30
33 31
33 58
33 63
33 70
33 76
33 113
33 134
33 139
33 141
33 146
33 152
33 174
33 185
33 188
33 190
33 192
33 199
33 222
33 232
33 237
33 244
33 261
33 280
33 283
33 289
33 296
33 297
33 322
33 324
33 329
33 350
33 354
33 359
34 35
34 36
34 37
34 38
34 39
34 40
34 41
34 42
34 43
34 44
34 30
34 31
34 78
34 85
34 89
34 92
34 93
34 104
34 114
34 124
34 128
34 136
34 161
34 164
34 176
34 191
34 192
34 210
34 211
34 224
34 238
34 242
34 247
34 260
34 262
34 269
34 273
34 284
34 308
34 309
34 315
34 318
34 328
34 333
34 337
34 342
34 347
34 350
34 354
34 369
34 373
35 36
35 37
35 38
35 39
35 40
35 41
35 42
35 43
35 44
35 30
35 31
35 55
35 59
35 81
35 90
35 98
35 99
35 103
35 129
35 139
35 145
35 153
35 155
35 165
35 191
35 192
35 236
35 237
35 241
35 250
35 260
35 267
35 272
35 285
35 293
35 306
35 311
35 313
35 337
35 349
36 37
36 38
36 39
36 40
36 41
36 42
36 43
36 44
36 30
36 31
36 48
36 50
36 52
36 56
36 82
36 104
36 114
36 120
36 130
36 133
36 154
36 157
36 162
36 167
36 184
36 185
36 210
36 234
36 248
36 252
36 261
36 267
36 271
36 272
36 302
36 308
36 314
36 338
36 342
36 343
36 349
36 353
37 38
37 39
37 40
37 41
37 42
37 43
37 44
37 30
37 31
37 81
37 84
37 94
37 96
37 97
37 104
37 109
37 110
37 135
37 138
37 139
37 171
37 173
37 191
37 198
37 199
37 219
37 221
37 251
37 253
37 286
37 294
37 306
37 317
37 342
37 344
37 351
37 355
37 356
38 39
38 40
38 41
38 42
38 43
38 44
38 30
38 31
38 60
38 68
38 75
38 98
38 112
38 123
38 124
38 139
38 142
38 143
38 157
38 192
38 194
38 195
38 199
38 200
38 215
38 224
38 241
38 243
38 251
38 257
38 288
38 310
38 315
38 325
38 349
38 363
38 374
39 40
39 41
39 42
39 43
39 44
39 30
39 31
39 52
39 60
39 93
39 109
39 111
39 113
39 115
39 118
39 121
39 175
39 180
39 198
39 214
39 229
39 251
39 252
39 255
39 265
39 283
39 294
39 302
39 309
39 310
39 312
39 317
39 339
39 344
39 349
39 363
40 41
40 42
40 43
40 44
40 30
40 31
40 54
40 65
40 72
40 73
40 89
40 98
40 99
40 108
40 109
40 117
40 123
40 140
40 168
40 169
40 204
40 220
40 225
40 232
40 261
40 272
40 297
40 317
40 319
40 323
40 332
40 346
40 350
40 354
40 372
40 374
41 42
41 43
41 44
41 30
41 31
41 48
41 55
41 59
41 63
41 65
41 67
41 75
41 98
41 105
41 109
41 114
41 133
41 152
41 153
41 169
41 180
41 184
41 198
41 221
41 225
41 227
41 233
41 234
41 235
41 237
41 241
41 243
41 248
41 251
41 261
41 273
41 280
41 281
41 285
41 297
41 326
41 338
41 343
41 346
41 348
41 350
41 354
41 358
41 360
42 43
42 44
42 30
42 31
42 56
42 64
42 69
42 80
42 89
42 94
42 101
42 149
42 156
42 184
42 196
42 206
42 222
42 225
42 226
42 244
42 249
42 250
42 258
42 272
42 284
42 299
42 306
42 309
42 322
42 325
42 337
42 349
42 355
42 357
42 368
43 44
43 30
43 31
43 50
43 77
43 83
43 89
43 94
43 98
43 132
43 133
43 144
43 151
43 158
43 163
43 165
43 168
43 182
43 186
43 196
43 197
43 198
43 203
43 213
43 236
43 246
43 254
43 279
43 285
43 304
43 306
43 313
43 316
43 336
43 337
43 338
43 356
43 369
43 372
43 373
44 30
44 31
44 52
44 56
44 58
44 64
44 77
44 97
44 104
44 106
44 108
44 109
44 134
44 136
44 153
44 167
44 183
44 202
44 215
44 225
44 236
44 241
44 251
44 267
44 289
44 298
44 300
44 303
44 308
44 318
44 320
44 339
44 345
44 348
44 358
44 366
44 374
30 31
30 59
30 63
30 99
30 106
30 108
30 109
30 119
30 129
30 162
30 182
30 196
30 201
30 202
30 239
30 245
30 269
30 278
30 287
30 301
30 305
30 306
30 308
30 311
30 324
30 325
30 331
30 338
30 344
30 346
30 353
30 357
30 363
30 367
30 368
30 373
31 46
31 55
31 59
31 60
31 62
31 73
31 85
31 96
31 125
31 131
31 134
31 139
31 148
31 158
31 185
31 195
31 202
31 204
31 220
31 233
31 239
31 259
31 276
31 283
31 284
31 289
31 299
31 302
31 312
31 356
31 361
31 372
45 46
45 47
45 48
45 49
45 50
45 51
45 52
45 53
45 54
45 55
45 56
45 57
45 58
45 59
45 82
45 90
45 111
45 112
45 123
45 129
45 155
45 164
45 172
45 181
45 193
45 197
45 200
45 204
45 212
45 226
45 228
45 231
45 245
45 253
45 263
45 265
45 270
45 284
45 287
45 294
45 301
45 302
45 304
45 317
45 326
45 335
45 339
45 349
45 359
45 364
45 371
46 47
46 48
46 49
46 50
46 51
46 52
46 53
46 54
46 55
46 56
46 57
46 58
46 59
46 60
46 67
46 86
46 91
46 93
46 98
46 109
46 114
46 136
46 156
46 158
46 166
46 174
46 188
46 190
46 195
46 197
46 204
46 206
46 225
46 245
46 253
46 254
46 278
46 279
46 287
46 289
46 299
46 301
46 304
46 306
46 318
46 327
46 360
46 365
46 370
47 48
47 49
47 50
47 51
47 52
47 53
47 54
47 55
47 56
47 57
47 58
47 59
47 62
47 70
47 72
47 73
47 78
47 113
47 130
47 133
47 149
47 150
47 152
47 156
47 176
47 179
47 181
47 188
47 189
47 190
47 194
47 198
47 212
47 214
47 218
47 221
47 225
47 233
47 234
47 242
47 249
47 255
47 263
47 276
47 292
47 319
47 339
47 343
47 361
47 371
48 49
48 50
48 51
48 52
48 53
48 54
48 55
48 56
48 57
48 58
48 59
48 61
48 66
48 69
48 93
48 95
48 97
48 99
48 121
48 124
48 125
48 132
48 141
48 144
48 175
48 183
48 189
48 193
48 195
48 196
48 205
48 213
48 219
48 229
48 234
48 257
48 262
48 270
48 279
48 286
48 287
48 288
48 304
48 307
48 309
48 310
48 318
48 319
48 341
48 365
48 373
49 50
49 51
49 52
49 53
49 54
49 55
49 56
49 57
49 58
49 59
49 63
49 68
49 69
49 70
49 83
49 99
49 107
49 110
49 119
49 123
49 124
49 131
49 135
49 136
49 151
49 158
49 185
49 198
49 200
49 201
49 203
49 206
49 234
49 237
49 238
49 246
49 252
49 255
49 260
49 262
49 264
49 273
49 292
49 300
49 305
49 318
49 326
49 329
49 333
49 337
49 338
49 359
49 362
50 51
50 52
50 53
50 54
50 55
50 56
50 57
50 58
50 59
50 63
50 65
50 67
50 68
50 74
50 99
50 115
50 116
50 121
50 124
50 138
50 152
50 164
50 172
50 173
50 183
50 210
50 242
50 249
50 253
50 255
50 259
50 260
50 277
50 279
50 283
50 309
50 317
50 322
50 327
50 334
50 336
50 340
50 344
50 350
50 360
51 52
51 53
51 54
51 55
51 56
51 57
51 58
51 59
51 66
51 70
51 72
51 88
51 124
51 136
51 138
51 144
51 165
51 171
51 181
51 186
51 191
51 211
51 227
51 229
51 239
51 269
51 273
51 275
51 277
51 299
51 322
51 325
51 350
51 357
51 362
51 364
51 365
51 370
52 53
52 54
52 55
52 56
52 57
52 58
52 59
52 63
52 64
52 70
52 71
52 77
52 85
52 89
52 143
52 146
52 157
52 169
52 177
52 181
52 193
52 195
52 205
52 208
52 213
52 214
52 215
52 245
52 259
52 260
52 266
52 269
52 297
52 307
52 309
52 318
52 328
52 370
53 54
53 55
53 56
53 57
53 58
53 59
53 62
53 65
53 66
53 82
53 87
53 88
53 90
53 92
53 97
53 112
53 115
53 119
53 129
53 133
53 139
53 140
53 173
53 175
53 180
53 184
53 188
53 195
53 200
53 226
53 233
53 252
53 259
53 275
53 277
53 295
53 302
53 312
53 313
53 315
53 317
53 321
53 324
53 344
53 356
53 357
53 360
53 374
54 55
54 56
54 57
54 58
54 59
54 63
54 68
54 71
54 76
54 85
54 98
54 102
54 105
54 107
54 110
54 113
54 122
54 134
54 135
54 139
54 141
54 171
54 172
54 181
54 196
54 217
54 239
54 242
54 252
54 257
54 275
54 285
54 307
54 308
54 319
54 323
54 327
54 363
54 366
54 369
55 56
55 57
55 58
55 59
55 61
55 65
55 68
55 73
55 84
55 91
55 100
55 114
55 123
55 124
55 129
55 137
55 139
55 144
55 147
55 169
55 182
55 196
55 212
55 216
55 219
55 229
55 258
55 266
55 272
55 279
55 286
55 302
55 306
55 307
55 310
55 323
55 341
55 350
55 366
55 374
56 57
56 58
56 59
56 62
56 65
56 66
56 73
56 76
56 85
56 98
56 124
56 138
56 143
56 148
56 175
56 187
56 188
56 194
56 210
56 234
56 239
56 245
56 247
56 254
56 255
56 273
56 277
56 278
56 283
56 286
56 288
56 294
56 306
56 310
56 333
56 335
56 337
56 343
56 353
56 356
56 365
56 370
56 371
57 58
57 59
57 64
57 71
57 73
57 110
57 111
57 114
57 122
57 127
57 140
57 158
57 180
57 187
57 197
57 203
57 206
57 214
57 216
57 234
57 235
57 264
57 285
57 290
57 311
57 314
57 323
57 332
57 342
57 344
58 59
58 77
58 79
58 83
58 91
58 96
58 104
58 117
58 119
58 129
58 172
58 178
58 179
58 187
58 200
58 219
58 226
58 229
58 230
58 233
58 246
58 257
58 260
58 266
58 275
58 285
58 306
58 309
58 314
58 316
58 322
58 346
58 354
58 364
58 366
59 60
59 62
59 68
59 87
59 104
59 109
59 112
59 125
59 141
59 145
59 146
59 148
59 155
59 165
59 168
59 181
59 191
59 194
59 221
59 229
59 233
59 234
59 235
59 254
59 266
59 270
59 279
59 291
59 300
59 314
59 328
59 360
59 368
59 369
64 65
64 66
64 67
64 68
64 69
64 70
64 71
64 72
64 73
64 74
64 60
64 61
64 62
64 63
64 91
64 97
64 122
64 124
64 131
64 168
64 181
64 190
64 195
64 206
64 208
64 214
64 224
64 240
64 241
64 243
64 254
64 255
64 282
64 319
64 330
64 339
64 345
64 352
64 366
65 66
65 67
65 68
65 69
65 70
65 71
65 72
65 73
65 74
65 60
65 61
65 62
65 63
65 88
65 100
65 109
65 114
65 121
65 140
65 142
65 146
65 149
65 188
65 189
65 191
65 195
65 211
65 252
65 257
65 268
65 276
65 282
65 293
65 296
65 302
65 310
65 318
65 340
65 362
65 369
65 370
65 373
66 67
66 68
66 69
66 70
66 71
66 72
66 73
66 74
66 60
66 61
66 62
66 63
66 83
66 90
66 92
66 98
66 111
66 113
66 120
66 136
66 149
66 151
66 152
66 159
66 178
66 184
66 195
66 205
66 209
66 213
66 221
66 226
66 230
66 242
66 249
66 254
66 263
66 266
66 291
66 297
66 298
66 314
66 320
66 324
66 344
67 68
67 69
67 70
67 71
67 72
67 73
67 74
67 60
67 61
67 62
67 63
67 88
67 90
67 96
67 99
67 113
67 117
67 145
67 170
67 174
67 175
67 177
67 191
67 197
67 214
67 219
67 220
67 233
67 252
67 258
67 273
67 276
67 291
67 304
67 320
67 331
67 333
67 334
67 345
67 348
67 354
67 358
67 369
68 69
68 70
68 71
68 72
68 73
68 74
68 60
68 61
68 62
68 63
68 88
68 106
68 107
68 110
68 121
68 130
68 132
68 138
68 139
68 162
68 187
68 193
68 219
68 236
68 271
68 272
68 296
68 300
68 318
68 327
68 352
68 353
69 70
69 71
69 72
69 73
69 74
69 60
69 61
69 62
69 63
69 85
69 88
69 126
69 130
69 132
69 136
69 151
69 159
69 173
69 183
69 189
69 192
69 200
69 202
69 203
69 211
69 220
69 224
69 247
69 248
69 264
69 284
69 308
69 327
69 334
69 335
69 342
69 349
69 370
69 374
70 71
70 72
70 73
70 74
70 60
70 61
70 62
70 63
70 92
70 93
70 97
70 117
70 121
70 125
70 127
70 138
70 151
70 153
70 182
70 198
70 201
70 203
70 226
70 232
70 248
70 250
70 264
70 267
70 281
70 290
70 317
70 322
70 332
70 340
70 343
70 345
70 359
70 361
70 372
71 72
71 73
71 74
71 60
71 61
71 62
71 63
71 76
71 77
71 96
71 106
71 109
71 131
71 143
71 152
71 159
71 180
71 182
71 185
71 187
71 192
71 200
71 218
71 235
71 252
71 261
71 283
71 304
71 349
71 353
71 356
71 357
71 363
71 369
72 73
72 74
72 60
72 61
72 62
72 63
72 76
72 88
72 93
72 99
72 118
72 122
72 126
72 128
72 135
72 148
72 153
72 160
72 164
72 178
72 207
72 235
72 246
72 261
72 297
72 298
72 306
72 307
72 321
72 330
72 341
72 354
72 361
72 371
73 74
73 60
73 61
73 62
73 63
73 76
73 80
73 87
73 94
73 96
73 101
73 104
73 108
73 109
73 141
73 145
73 148
73 154
73 165
73 169
73 192
73 195
73 208
73 209
73 220
73 230
73 240
73 242
73 247
73 249
73 267
73 295
73 306
73 318
73 326
73 334
73 358
73 366
73 369
74 60
74 61
74 62
74 63
74 85
74 99
74 114
74 119
74 122
74 131
74 142
74 149
74 187
74 202
74 213
74 238
74 239
74 255
74 283
74 284
74 290
74 301
74 307
74 310
74 316
74 334
74 335
74 347
74 348
74 349
74 352
74 356
74 365
74 369
74 371
60 61
60 62
60 63
60 97
60 123
60 137
60 139
60 141
60 149
60 187
60 202
60 218
60 222
60 224
60 235
60 248
60 260
60 261
60 278
60 280
60 290
60 299
60 320
60 323
60 333
60 356
60 358
60 364
61 62
61 63
61 77
61 86
61 91
61 108
61 115
61 127
61 131
61 142
61 144
61 153
61 156
61 160
61 166
61 168
61 174
61 189
61 200
61 207
61 212
61 221
61 225
61 232
61 252
61 275
61 276
61 295
61 296
61 299
61 307
61 311
61 338
61 362
61 372
62 63
62 75
62 82
62 83
62 88
62 94
62 97
62 102
62 103
62 126
62 128
62 148
62 161
62 163
62 166
62 168
62 169
62 200
62 208
62 222
62 228
62 268
62 283
62 303
62 315
62 320
62 331
62 364
62 374
63 77
63 85
63 87
63 91
63 107
63 138
63 160
63 167
63 174
63 190
63 197
63 204
63 239
63 261
63 291
63 311
63 332
63 333
63 334
63 343
63 351
63 352
63 354
63 356
63 359
75 76
75 77
75 78
75 79
75 80
75 81
75 82
75 83
75 84
75 85
75 86
75 87
75 88
75 89
75 106
75 110
75 120
75 125
75 138
75 142
75 161
75 163
75 169
75 189
75 191
75 203
75 204
75 216
75 230
75 237
75 243
75 246
75 248
75 252
75 284
75 299
75 314
75 317
75 332
75 333
75 338
75 348
75 357
75 360
76 77
76 78
76 79
76 80
76 81
76 82
76 83
76 84
76 85
76 86
76 87
76 88
76 89
76 117
76 118
76 146
76 153
76 158
76 163
76 172
76 177
76 184
76 188
76 206
76 209
76 213
76 214
76 218
76 235
76 240
76 243
76 245
76 247
76 256
76 263
76 264
76 284
76 285
76 292
76 294
76 340
76 341
76 351
77 78
77 79
77 80
77 81
77 82
77 83
77 84
77 85
77 86
77 87
77 88
77 89
77 95
77 102
77 109
77 121
77 126
77 128
77 130
77 138
77 149
77 164
77 166
77 188
77 205
77 207
77 212
77 219
77 220
77 225
77 233
77 253
77 275
77 286
77 315
77 331
77 342
77 353
77 366
77 369
77 372
78 79
78 80
78 81
78 82
78 83
78 84
78 85
78 86
78 87
78 88
78 89
78 90
78 104
78 106
78 118
78 126
78 152
78 164
78 170
78 179
78 185
78 188
78 191
78 213
78 218
78 235
78 263
78 278
78 283
78 293
78 311
78 336
78 364
78 367
79 80
79 81
79 82
79 83
79 84
79 85
79 86
79 87
79 88
79 89
79 116
79 141
79 144
79 161
79 167
79 176
79 180
79 186
79 208
79 211
79 243
79 260
79 261
79 269
79 273
79 280
79 281
79 283
79 297
79 302
79 319
79 325
79 336
79 337
79 345
79 359
80 81
80 82
80 83
80 84
80 85
80 86
80 87
80 88
80 89
80 97
80 106
80 109
80 112
80 123
80 144
80 151
80 165
80 176
80 200
80 211
80 213
80 216
80 219
80 223
80 225
80 227
80 242
80 251
80 261
80 282
80 283
80 287
80 301
80 309
80 314
80 328
80 331
80 345
80 349
80 355
80 369
80 370
80 372
81 82
81 83
81 84
81 85
81 86
81 87
81 88
81 89
81 91
81 109
81 120
81 128
81 136
81 141
81 143
81 151
81 161
81 166
81 169
81 209
81 224
81 233
81 247
81 262
81 266
81 271
81 277
81 295
81 314
81 317
81 324
81 331
81 353
81 360
81 365
82 83
82 84
82 85
82 86
82 87
82 88
82 89
82 100
82 107
82 123
82 125
82 132
82 154
82 157
82 158
82 161
82 162
82 166
82 179
82 180
82 190
82 194
82 210
82 212
82 214
82 240
82 245
82 248
82 266
82 278
82 282
82 284
82 301
82 303
82 321
82 324
82 330
82 339
82 366
83 84
83 85
83 86
83 87
83 88
83 89
83 119
83 135
83 148
83 155
83 157
83 168
83 178
83 181
83 184
83 185
83 194
83 195
83 197
83 207
83 216
83 223
83 244
83 249
83 253
83 255
83 265
83 279
83 295
83 314
83 330
83 331
83 345
83 347
83 354
83 356
83 362
84 85
84 86
84 87
84 88
84 89
84 116
84 132
84 153
84 172
84 196
84 242
84 252
84 254
84 258
84 275
84 280
84 283
84 307
84 335
84 356
85 86
85 87
85 88
85 89
85 97
85 127
85 130
85 138
85 142
85 147
85 168
85 219
85 224
85 241
85 244
85 252
85 257
85 277
85 287
85 300
85 314
85 324
85 332
85 346
85 347
85 362
85 367
86 87
86 88
86 89
86 104
86 116
86 129
86 133
86 139
86 142
86 148
86 149
86 154
86 165
86 167
86 168
86 183
86 201
86 209
86 210
86 222
86 248
86 278
86 281
86 309
86 325
86 335
86 360
86 364
86 372
87 88
87 89
87 96
87 100
87 103
87 107
87 132
87 135
87 148
87 151
87 163
87 170
87 175
87 176
87 198
87 201
87 207
87 223
87 230
87 241
87 243
87 245
87 251
87 259
87 265
87 280
87 287
87 293
87 336
87 360
87 361
87 367
87 369
87 370
88 89
88 106
88 109
88 123
88 143
88 154
88 155
88 157
88 163
88 171
88 178
88 183
88 193
88 218
88 224
88 228
88 253
88 260
88 278
88 284
88 293
88 294
88 308
88 327
88 339
88 343
88 348
88 349
88 361
89 95
89 106
89 117
89 129
89 139
89 146
89 155
89 156
89 185
89 188
89 190
89 195
89 197
89 199
89 200
89 207
89 218
89 219
89 229
89 232
89 233
89 235
89 240
89 241
89 246
89 248
89 261
89 274
89 275
89 278
89 281
89 286
89 293
89 294
89 300
89 320
89 322
89 343
89 346
89 372
96 97
96 98
96 99
96 100
96 101
96 102
96 103
96 104
96 90
96 91
96 92
96 93
96 94
96 95
96 112
96 119
96 148
96 150
96 154
96 159
96 171
96 177
96 180
96 184
96 194
96 210
96 240
96 251
96 255
96 270
96 279
96 287
96 293
96 304
96 306
96 311
96 325
96 365
97 98
97 99
97 100
97 101
97 102
97 103
97 104
97 90
97 91
97 92
97 93
97 94
97 95
97 118
97 128
97 132
97 152
97 176
97 178
97 179
97 180
97 184
97 194
97 199
97 222
97 224
97 232
97 258
97 270
97 291
97 315
97 324
97 327
97 331
97 346
97 347
97 357
97 371
98 99
98 100
98 101
98 102
98 103
98 104
98 90
98 91
98 92
98 93
98 94
98 95
98 121
98 127
98 136
98 146
98 156
98 165
98 170
98 172
98 186
98 188
98 211
98 220
98 228
98 238
98 244
98 248
98 264
98 272
98 281
98 293
98 296
98 303
98 331
98 337
98 338
98 369
99 100
99 101
99 102
99 103
99 104
99 90
99 91
99 92
99 93
99 94
99 95
99 109
99 113
99 161
99 181
99 182
99 183
99 186
99 192
99 195
99 196
99 210
99 230
99 243
99 254
99 265
99 273
99 279
99 282
99 291
99 293
99 295
99 296
99 297
99 303
99 317
99 318
99 324
99 327
99 331
99 343
99 361
100 101
100 102
100 103
100 104
100 90
100 91
100 92
100 93
100 94
100 95
100 117
100 120
100 124
100 128
100 134
100 138
100 154
100 156
100 158
100 159
100 164
100 184
100 222
100 243
100 265
100 273
100 274
100 280
100 281
100 301
100 314
100 330
100 336
100 337
100 340
100 341
100 359
100 368
101 102
101 103
101 104
101 90
101 91
101 92
101 93
101 94
101 95
101 116
101 125
101 138
101 146
101 157
101 224
101 229
101 239
101 244
101 256
101 269
101 273
101 284
101 286
101 295
101 296
101 299
101 310
101 315
101 322
101 336
101 350
101 355
101 365
101 370
102 103
102 104
102 90
102 91
102 92
102 93
102 94
102 95
102 115
102 123
102 156
102 158
102 166
102 169
102 170
102 174
102 180
102 184
102 199
102 212
102 215
102 220
102 239
102 259
102 270
102 295
102 304
102 315
102 322
102 327
102 328
102 336
102 344
102 348
102 349
102 357
102 369
102 371
103 104
103 90
103 91
103 92
103 93
103 94
103 95
103 118
103 140
103 143
103 154
103 160
103 169
103 191
103 198
103 210
103 214
103 226
103 250
103 256
103 265
103 269
103 273
103 277
103 288
103 294
103 301
103 330
103 332
103 352
103 353
103 372
104 90
104 91
104 92
104 93
104 94
104 95
104 109
104 114
104 116
104 120
104 147
104 157
104 171
104 173
104 186
104 197
104 201
104 203
104 204
104 205
104 208
104 239
104 241
104 247
104 256
104 262
104 264
104 265
104 267
104 285
104 292
104 304
104 308
104 335
104 365
104 374
90 91
90 92
90 93
90 94
90 95
90 105
90 119
90 136
90 162
90 171
90 179
90 184
90 201
90 210
90 221
90 226
90 227
90 242
90 245
90 263
90 281
90 287
90 305
90 308
90 313
90 327
90 331
90 338
90 347
90 350
91 92
91 93
91 94
91 95
91 109
91 138
91 148
91 149
91 157
91 185
91 186
91 213
91 242
91 272
91 273
91 275
91 291
91 309
91 313
91 342
91 346
91 347
91 359
91 361
91 374
92 93
92 94
92 95
92 113
92 137
92 151
92 165
92 177
92 201
92 207
92 229
92 263
92 280
92 293
92 326
92 339
92 342
92 343
92 353
92 354
92 369
93 94
93 95
93 107
93 113
93 114
93 119
93 120
93 126
93 135
93 143
93 158
93 164
93 165
93 183
93 184
93 186
93 188
93 197
93 203
93 214
93 216
93 230
93 238
93 240
93 241
93 247
93 258
93 284
93 287
93 291
93 305
93 334
93 335
93 343
93 361
94 95
94 110
94 115
94 120
94 121
94 127
94 142
94 152
94 158
94 197
94 202
94 216
94 221
94 222
94 225
94 237
94 240
94 243
94 251
94 262
94 274
94 287
94 294
94 308
94 310
94 313
94 317
94 333
94 336
94 339
94 352
94 368
94 370
94 373
95 121
95 127
95 128
95 137
95 150
95 151
95 153
95 155
95 169
95 178
95 179
95 184
95 191
95 193
95 196
95 209
95 216
95 222
95 252
95 273
95 286
95 287
95 304
95 322
95 329
95 333
95 340
95 357
95 361
105 106
105 107
105 108
105 109
105 110
105 111
105 112
105 113
105 114
105 115
105 116
105 117
105 118
105 119
105 131
105 140
105 166
105 171
105 176
105 183
105 218
105 220
105 221
105 230
105 238
105 246
105 251
105 262
105 305
105 321
105 332
105 353
105 357
106 107
106 108
106 109
106 110
106 111
106 112
106 113
106 114
106 115
106 116
106 117
106 118
106 119
106 120
106 131
106 177
106 188
106 189
106 205
106 220
106 236
106 258
106 261
106 270
106 282
106 290
106 297
106 309
106 317
106 320
106 323
106 329
106 343
106 372
107 108
107 109
107 110
107 111
107 112
107 113
107 114
107 115
107 116
107 117
107 118
107 119
107 127
107 141
107 148
107 160
107 179
107 182
107 198
107 199
107 203
107 221
107 237
107 238
107 239
107 246
107 251
107 257
107 264
107 268
107 280
107 282
107 288
107 297
107 301
107 311
107 344
107 353
107 366
107 371
107 373
108 109
108 110
108 111
108 112
108 113
108 114
108 115
108 116
108 117
108 118
108 119
108 138
108 151
108 158
108 187
108 189
108 193
108 200
108 202
108 209
108 218
108 221
108 235
108 237
108 249
108 267
108 271
108 280
108 290
108 300
108 304
108 327
108 331
108 354
109 110
109 111
109 112
109 113
109 114
109 115
109 116
109 117
109 118
109 119
109 127
109 137
109 138
109 148
109 163
109 172
109 183
109 189
109 197
109 198
109 214
109 249
109 285
109 289
109 359
110 111
110 112
110 113
110 114
110 115
110 116
110 117
110 118
110 119
110 127
110 159
110 164
110 188
110 192
110 194
110 197
110 199
110 221
110 224
110 225
110 255
110 262
110 266
110 273
110 292
110 302
110 303
110 317
110 320
110 331
110 334
110 350
110 364
110 371
111 112
111 113
111 114
111 115
111 116
111 117
111 118
111 119
111 139
111 141
111 155
111 163
111 164
111 187
111 189
111 199
111 201
111 260
111 271
111 282
111 287
111 298
111 313
111 325
111 332
111 335
111 342
111 343
111 358
111 359
111 360
111 366
111 373
111 374
112 113
112 114
112 115
112 116
112 117
112 118
112 119
112 125
112 144
112 145
112 151
112 157
112 158
112 174
112 208
112 220
112 226
112 243
112 264
112 279
112 285
112 289
112 294
112 297
112 298
112 302
112 310
112 312
112 315
112 319
112 321
112 324
112 330
112 341
112 348
112 351
112 368
113 114
113 115
113 116
113 117
113 118
113 119
113 123
113 165
113 174
113 175
113 177
113 180
113 188
113 229
113 244
113 284
113 285
113 291
113 343
113 362
113 364
113 374
114 115
114 116
114 117
114 118
114 119
114 127
114 137
114 140
114 161
114 174
114 182
114 196
114 199
114 204
114 208
114 213
114 224
114 235
114 290
114 325
114 339
114 352
114 372
115 116
115 117
115 118
115 119
115 124
115 130
115 136
115 147
115 150
115 154
115 162
115 165
115 166
115 172
115 184
115 202
115 208
115 214
115 226
115 233
115 243
115 255
115 267
115 276
115 277
115 279
115 289
115 291
115 298
115 306
115 325
115 338
115 344
115 356
115 359
115 363
116 117
116 118
116 119
116 125
116 128
116 131
116 132
116 134
116 143
116 152
116 163
116 169
116 179
116 182
116 184
116 194
116 217
116 218
116 225
116 244
116 246
116 259
116 270
116 310
116 320
116 323
116 325
116 330
116 338
116 343
116 344
116 366
116 370
116 374
117 118
117 119
117 123
117 158
117 163
117 186
117 194
117 199
117 207
117 224
117 237
117 245
117 248
117 265
117 270
117 275
117 277
117 280
117 282
117 287
117 289
117 293
117 298
117 307
117 318
117 336
117 340
117 344
117 349
117 371
117 372
118 119
118 123
118 138
118 139
118 145
118 148
118 149
118 178
118 216
118 223
118 231
118 240
118 250
118 286
118 325
118 346
118 365
118 368
119 153
119 154
119 164
119 170
119 189
119 195
119 219
119 240
119 245
119 250
119 253
119 260
119 292
119 295
119 302
119 311
119 317
119 322
119 325
119 330
119 346
119 350
119 351
119 354
119 356
119 357
128 129
128 130
128 131
128 132
128 133
128 134
128 120
128 121
128 122
128 123
128 124
128 125
128 126
128 127
128 143
128 149
128 160
128 189
128 193
128 208
128 230
128 246
128 250
128 253
128 259
128 276
128 288
128 305
128 333
128 344
128 357
129 130
129 131
129 132
129 133
129 134
129 120
129 121
129 122
129 123
129 124
129 125
129 126
129 127
129 135
129 162
129 173
129 187
129 203
129 211
129 215
129 225
129 228
129 243
129 251
129 261
129 277
129 282
129 291
129 313
129 329
129 334
129 343
129 344
129 359
129 365
130 131
130 132
130 133
130 134
130 120
130 121
130 122
130 123
130 124
130 125
130 126
130 127
130 156
130 187
130 190
130 220
130 223
130 225
130 229
130 230
130 247
130 253
130 259
130 297
130 301
130 302
130 306
130 309
130 327
130 338
130 344
130 356
131 132
131 133
131 134
131 120
131 121
131 122
131 123
131 124
131 125
131 126
131 127
131 143
131 150
131 155
131 156
131 158
131 167
131 179
131 184
131 187
131 196
131 206
131 210
131 221
131 232
131 243
131 256
131 260
131 267
131 271
131 300
131 311
132 133
132 134
132 120
132 121
132 122
132 123
132 124
132 125
132 126
132 127
132 146
132 148
132 155
132 168
132 177
132 186
132 202
132 211
132 220
132 246
132 248
132 249
132 250
132 252
132 258
132 263
132 274
132 281
132 284
132 297
132 336
132 339
132 354
132 359
132 361
132 364
132 371
133 134
133 120
133 121
133 122
133 123
133 124
133 125
133 126
133 127
133 136
133 137
133 141
133 142
133 148
133 155
133 190
133 196
133 198
133 199
133 218
133 228
133 233
133 322
133 334
133 341
133 350
133 356
133 362
133 363
134 120
134 121
134 122
134 123
134 124
134 125
134 126
134 127
134 141
134 142
134 153
134 182
134 191
134 196
134 200
134 207
134 213
134 240
134 243
134 307
134 308
134 317
134 337
134 355
134 357
134 358
134 360
120 121
120 122
120 123
120 124
120 125
120 126
120 127
120 136
120 137
120 151
120 177
120 184
120 196
120 198
120 204
120 225
120 231
120 237
120 238
120 254
120 256
120 269
120 270
120 291
120 294
120 308
120 318
120 329
120 333
120 337
120 340
120 343
120 344
120 349
120 364
121 122
121 123
121 124
121 125
121 126
121 127
121 138
121 147
121 160
121 166
121 167
121 175
121 217
121 219
121 231
121 233
121 242
121 265
121 275
121 292
121 310
121 316
121 318
121 322
121 328
121 332
121 343
121 354
121 374
122 123
122 124
122 125
122 126
122 127
122 152
122 160
122 169
122 184
122 186
122 201
122 207
122 211
122 226
122 233
122 246
122 247
122 249
122 263
122 276
122 317
122 338
122 339
122 349
122 362
122 364
122 370
123 124
123 125
123 126
123 127
123 138
123 168
123 171
123 215
123 220
123 224
123 231
123 234
123 238
123 245
123 250
123 256
123 262
123 263
123 271
123 301
123 307
123 310
123 317
123 323
123 331
123 336
123 344
123 353
124 125
124 126
124 127
124 143
124 151
124 154
124 161
124 180
124 187
124 217
124 220
124 222
124 224
124 226
124 236
124 243
124 249
124 262
124 288
124 294
124 298
124 308
124 310
124 315
124 346
124 353
124 363
124 370
124 373
125 126
125 127
125 147
125 152
125 192
125 194
125 215
125 226
125 235
125 245
125 251
125 279
125 282
125 285
125 303
125 309
125 312
125 313
125 337
125 347
125 350
125 355
126 127
126 138
126 146
126 152
126 167
126 177
126 186
126 189
126 191
126 201
126 209
126 210
126 226
126 233
126 268
126 270
126 276
126 283
126 326
126 328
126 332
126 353
126 370
126 371
127 140
127 141
127 154
127 177
127 196
127 197
127 201
127 202
127 208
127 218
127 224
127 228
127 239
127 246
127 251
127 252
127 256
127 263
127 264
127 265
127 267
127 271
127 273
127 274
127 275
127 289
127 293
127 318
127 319
127 338
127 341
127 344
127 349
127 351
127 352
127 359
135 136
135 137
135 138
135 139
135 140
135 141
135 142
135 143
135 144
135 145
135 146
135 147
135 148
135 149
135 162
135 194
135 196
135 222
135 228
135 232
135 235
135 237
135 256
135 258
135 267
135 271
135 318
135 320
135 333
135 370
136 137
136 138
136 139
136 140
136 141
136 142
136 143
136 144
136 145
136 146
136 147
136 148
136 149
136 159
136 162
136 169
136 173
136 188
136 207
136 210
136 220
136 227
136 231
136 234
136 241
136 251
136 259
136 261
136 265
136 268
136 287
136 290
136 299
136 307
136 319
136 328
136 334
136 335
136 340
136 362
136 370
136 374
137 138
137 139
137 140
137 141
137 142
137 143
137 144
137 145
137 146
137 147
137 148
137 149
137 152
137 153
137 164
137 165
137 178
137 187
137 196
137 197
137 219
137 221
137 242
137 245
137 249
137 281
137 286
137 288
137 318
137 344
137 360
138 139
138 140
138 141
138 142
138 143
138 144
138 145
138 146
138 147
138 148
138 149
138 151
138 153
138 180
138 195
138 217
138 238
138 249
138 261
138 265
138 272
138 290
138 298
138 300
138 301
138 313
138 326
138 328
138 342
138 351
138 356
138 362
138 370
139 140
139 141
139 142
139 143
139 144
139 145
139 146
139 147
139 148
139 149
139 163
139 168
139 187
139 189
139 193
139 209
139 220
139 222
139 232
139 236
139 239
139 244
139 256
139 262
139 300
139 322
139 337
139 342
139 354
139 356
139 361
139 366
139 370
140 141
140 142
140 143
140 144
140 145
140 146
140 147
140 148
140 149
140 152
140 168
140 175
140 180
140 182
140 185
140 190
140 209
140 211
140 218
140 223
140 225
140 232
140 241
140 255
140 295
140 300
140 302
140 309
140 317
140 323
140 339
140 342
140 346
140 353
140 356
141 142
141 143
141 144
141 145
141 146
141 147
141 148
141 149
141 151
141 168
141 188
141 194
141 195
141 206
141 211
141 213
141 247
141 250
141 280
141 307
141 314
141 320
141 321
141 323
141 332
141 335
141 342
141 346
141 349
141 351
141 353
141 363
141 366
141 372
142 143
142 144
142 145
142 146
142 147
142 148
142 149
142 155
142 160
142 184
142 193
142 195
142 213
142 217
142 227
142 234
142 257
142 270
142 273
142 292
142 305
142 322
142 329
142 353
142 357
142 358
143 144
143 145
143 146
143 147
143 148
143 149
143 155
143 160
143 161
143 186
143 190
143 191
143 221
143 222
143 227
143 232
143 247
143 255
143 258
143 266
143 279
143 282
143 288
143 289
143 292
143 301
143 334
143 335
143 336
143 337
143 341
143 368
144 145
144 146
144 147
144 148
144 149
144 156
144 164
144 179
144 186
144 196
144 199
144 204
144 208
144 209
144 223
144 224
144 227
144 228
144 242
144 253
144 273
144 289
144 293
144 299
144 328
144 340
144 342
144 351
145 146
145 147
145 148
145 149
145 156
145 165
145 169
145 187
145 194
145 209
145 231
145 233
145 239
145 268
145 276
145 297
145 303
145 330
145 332
145 342
145 351
145 352
145 372
146 147
146 148
146 149
146 174
146 186
146 205
146 256
146 257
146 269
146 273
146 282
146 291
146 308
146 313
146 317
146 327
146 333
146 356
146 361
147 148
147 149
147 154
147 161
147 170
147 171
147 173
147 176
147 179
147 184
147 203
147 208
147 212
147 230
147 238
147 247
147 262
147 266
147 269
147 272
147 274
147 283
147 290
147 298
147 306
147 324
147 326
147 334
148 149
148 153
148 177
148 180
148 186
148 190
148 191
148 198
148 205
148 213
148 215
148 233
148 254
148 263
148 267
148 274
148 282
148 293
148 302
148 306
148 311
148 314
148 339
148 371
149 153
149 157
149 167
149 174
149 188
149 194
149 195
149 207
149 216
149 227
149 235
149 239
149 244
149 248
149 256
149 275
149 281
149 286
149 290
149 296
149 299
149 303
149 317
149 321
149 342
149 351
160 161
160 162
160 163
160 164
160 150
160 151
160 152
160 153
160 154
160 155
160 156
160 157
160 158
160 159
160 167
160 173
160 192
160 211
160 218
160 219
160 240
160 253
160 263
160 266
160 269
160 271
160 276
160 277
160 285
160 290
160 320
160 327
160 335
160 337
160 348
160 354
160 368
161 162
161 163
161 164
161 150
161 151
161 152
161 153
161 154
161 155
161 156
161 157
161 158
161 159
161 168
161 179
161 181
161 183
161 200
161 233
161 236
161 243
161 256
161 260
161 267
161 268
161 272
161 286
161 288
161 302
161 309
161 312
161 315
161 332
161 339
161 343
161 355
161 356
161 359
161 362
162 163
162 164
162 150
162 151
162 152
162 153
162 154
162 155
162 156
162 157
162 158
162 159
162 190
162 201
162 210
162 236
162 238
162 240
162 243
162 278
162 287
162 295
162 319
162 325
162 339
162 345
162 353
162 359
162 370
163 164
163 150
163 151
163 152
163 153
163 154
163 155
163 156
163 157
163 158
163 159
163 170
163 171
163 213
163 214
163 222
163 249
163 309
163 312
163 321
163 335
163 338
163 340
163 357
163 362
163 369
164 150
164 151
164 152
164 153
164 154
164 155
164 156
164 157
164 158
164 159
164 170
164 176
164 180
164 185
164 200
164 229
164 234
164 257
164 263
164 265
164 266
164 285
164 299
164 303
164 313
164 317
164 332
164 358
150 151
150 152
150 153
150 154
150 155
150 156
150 157
150 158
150 159
150 174
150 213
150 214
150 215
150 216
150 219
150 240
150 247
150 279
150 283
150 290
150 295
150 298
150 302
150 304
150 324
150 348
151 152
151 153
151 154
151 155
151 156
151 157
151 158
151 159
151 171
151 172
151 181
151 186
151 199
151 205
151 224
151 242
151 257
151 272
151 290
151 304
151 307
151 313
151 314
151 320
151 325
151 358
151 362
152 153
152 154
152 155
152 156
152 157
152 158
152 159
152 173
152 182
152 185
152 190
152 191
152 193
152 211
152 213
152 217
152 247
152 253
152 255
152 276
152 285
152 306
152 314
152 326
152 335
152 356
152 370
153 154
153 155
153 156
153 157
153 158
153 159
153 168
153 170
153 175
153 178
153 196
153 205
153 209
153 222
153 223
153 227
153 257
153 269
153 301
153 305
153 307
153 308
153 325
153 329
153 333
153 351
153 352
153 366
154 155
154 156
154 157
154 158
154 159
154 169
154 174
154 175
154 201
154 202
154 206
154 212
154 215
154 230
154 242
154 252
154 259
154 286
154 289
154 299
154 317
154 319
154 326
154 332
154 333
154 353
154 355
154 357
154 359
154 372
155 156
155 157
155 158
155 159
155 169
155 183
155 186
155 196
155 213
155 223
155 228
155 235
155 241
155 253
155 256
155 284
155 289
155 296
155 315
155 348
155 351
156 157
156 158
156 159
156 166
156 173
156 178
156 195
156 201
156 202
156 215
156 216
156 236
156 245
156 262
156 300
156 312
156 328
156 332
156 340
156 342
156 347
156 354
156 357
157 158
157 159
157 167
157 168
157 177
157 185
157 209
157 241
157 252
157 261
157 262
157 263
157 282
157 286
157 333
157 334
157 339
157 342
157 348
157 372
158 159
158 170
158 185
158 186
158 192
158 204
158 217
158 226
158 233
158 254
158 256
158 290
158 295
158 307
158 310
158 317
158 328
158 356
158 366
158 371
159 174
159 182
159 184
159 186
159 187
159 211
159 212
159 216
159 235
159 241
159 253
159 276
159 277
159 291
159 292
159 309
159 324
159 325
159 336
159 353
159 366
159 373
165 166
165 167
165 168
165 169
165 170
165 171
165 172
165 173
165 174
165 175
165 176
165 177
165 178
165 179
165 189
165 198
165 215
165 230
165 249
165 271
165 285
165 295
165 296
165 306
165 307
165 309
165 333
165 336
165 342
165 373
166 167
166 168
166 169
166 170
166 171
166 172
166 173
166 174
166 175
166 176
166 177
166 178
166 179
166 198
166 201
166 206
166 215
166 216
166 224
166 244
166 247
166 253
166 285
166 286
166 307
166 309
166 316
166 322
166 327
166 349
166 355
166 356
166 364
167 168
167 169
167 170
167 171
167 172
167 173
167 174
167 175
167 176
167 177
167 178
167 179
167 203
167 212
167 219
167 235
167 236
167 237
167 241
167 257
167 265
167 273
167 276
167 277
167 284
167 301
167 314
167 330
167 342
167 344
167 349
167 356
167 373
168 169
168 170
168 171
168 172
168 173
168 174
168 175
168 176
168 177
168 178
168 179
168 191
168 215
168 217
168 225
168 227
168 245
168 252
168 263
168 279
168 280
168 295
168 296
168 299
168 316
168 350
168 353
168 358
168 363
169 170
169 171
169 172
169 173
169 174
169 175
169 176
169 177
169 178
169 179
169 181
169 185
169 201
169 234
169 240
169 247
169 248
169 250
169 258
169 259
169 283
169 325
169 337
169 349
169 350
169 361
169 365
170 171
170 172
170 173
170 174
170 175
170 176
170 177
170 178
170 179
170 180
170 199
170 212
170 223
170 249
170 261
170 293
170 307
170 317
170 318
170 351
170 374
171 172
171 173
171 174
171 175
171 176
171 177
171 178
171 179
171 184
171 197
171 204
171 214
171 233
171 235
171 237
171 240
171 248
171 254
171 264
171 271
171 319
171 324
171 328
171 329
171 330
171 373
172 173
172 174
172 175
172 176
172 177
172 178
172 179
172 180
172 186
172 189
172 206
172 212
172 222
172 224
172 227
172 230
172 233
172 268
172 276
172 286
172 295
172 318
172 326
172 344
172 353
172 371
173 174
173 175
173 176
173 177
173 178
173 179
173 187
173 189
173 194
173 195
173 209
173 216
173 233
173 260
173 261
173 267
173 274
173 280
173 282
173 303
173 326
173 335
173 338
173 341
173 342
173 346
173 366
173 374
174 175
174 176
174 177
174 178
174 179
174 184
174 187
174 188
174 207
174 210
174 212
174 217
174 230
174 239
174 242
174 255
174 257
174 260
174 273
174 275
174 281
174 295
174 297
174 299
174 304
174 324
174 336
174 356
174 361
174 365
174 373
174 374
175 176
175 177
175 178
175 179
175 183
175 188
175 190
175 191
175 211
175 212
175 248
175 257
175 285
175 289
175 317
175 341
175 370
176 177
176 178
176 179
176 183
176 191
176 200
176 205
176 221
176 223
176 229
176 256
176 257
176 275
176 309
176 321
176 322
176 327
176 328
177 178
177 179
177 182
177 183
177 187
177 191
177 196
177 201
177 204
177 212
177 224
177 242
177 257
177 271
177 315
177 327
177 332
177 346
177 349
177 359
177 374
178 179
178 182
178 190
178 191
178 198
178 211
178 216
178 226
178 233
178 236
178 237
178 242
178 244
178 246
178 251
178 262
178 270
178 271
178 296
178 308
178 326
178 328
178 342
178 353
179 199
179 226
179 234
179 241
179 242
179 251
179 268
179 270
179 274
179 282
179 288
179 302
179 305
179 336
179 354
179 359
179 372
192 193
192 194
192 180
192 181
192 182
192 183
192 184
192 185
192 186
192 187
192 188
192 189
192 190
192 191
192 195
192 225
192 246
192 249
192 263
192 284
192 295
192 296
192 297
192 305
192 318
192 323
192 329
192 330
192 335
192 339
192 341
192 345
192 357
192 368
192 374
193 194
193 180
193 181
193 182
193 183
193 184
193 185
193 186
193 187
193 188
193 189
193 190
193 191
193 209
193 211
193 217
193 223
193 266
193 269
193 274
193 276
193 277
193 278
193 281
193 287
193 290
193 293
193 301
193 302
193 320
193 337
193 339
193 348
193 360
194 180
194 181
194 182
194 183
194 184
194 185
194 186
194 187
194 188
194 189
194 190
194 191
194 202
194 217
194 220
194 243
194 264
194 267
194 272
194 311
194 313
194 327
194 328
194 340
194 342
194 345
194 350
194 374
180 181
180 182
180 183
180 184
180 185
180 186
180 187
180 188
180 189
180 190
180 191
180 200
180 225
180 226
180 227
180 228
180 229
180 238
180 277
180 291
180 293
180 299
180 314
180 335
180 347
180 354
180 357
180 371
181 182
181 183
181 184
181 185
181 186
181 187
181 188
181 189
181 190
181 191
181 214
181 226
181 235
181 240
181 247
181 253
181 254
181 267
181 268
181 272
181 302
181 308
181 315
181 322
181 329
181 357
181 369
182 183
182 184
182 185
182 186
182 187
182 188
182 189
182 190
182 191
182 197
182 202
182 206
182 218
182 228
182 251
182 266
182 267
182 271
182 306
182 316
182 345
182 348
182 357
183 184
183 185
183 186
183 187
183 188
183 189
183 190
183 191
183 195
183 202
183 209
183 210
183 215
183 216
183 227
183 228
183 269
183 281
183 292
183 302
183 308
183 325
183 332
183 347
183 351
183 354
183 355
183 360
183 363
184 185
184 186
184 187
184 188
184 189
184 190
184 191
184 196
184 198
184 216
184 231
184 242
184 243
184 260
184 266
184 276
184 277
184 293
184 305
184 306
184 311
184 326
184 335
184 337
184 342
184 349
185 186
185 187
185 188
185 189
185 190
185 191
185 206
185 211
185 214
185 219
185 224
185 231
185 258
185 259
185 270
185 272
185 282
185 283
185 294
185 297
185 311
185 314
185 338
186 187
186 188
186 189
186 190
186 191
186 215
186 222
186 224
186 227
186 229
186 231
186 245
186 249
186 250
186 251
186 262
186 279
186 285
186 287
186 288
186 296
186 326
186 328
186 331
186 345
186 361
186 364
186 367
186 369
187 188
187 189
187 190
187 191
187 197
187 200
187 202
187 213
187 235
187 252
187 253
187 254
187 270
187 272
187 280
187 318
187 335
187 342
187 355
187 359
187 372
187 373
188 189
188 190
188 191
188 205
188 217
188 218
188 221
188 230
188 256
188 267
188 275
188 286
188 291
188 313
188 321
188 326
188 331
188 337
188 341
188 346
188 347
188 348
188 354
188 357
188 361
188 368
188 374
189 190
189 191
189 204
189 206
189 207
189 211
189 218
189 241
189 247
189 248
189 252
189 258
189 259
189 264
189 265
189 276
189 279
189 284
189 286
189 310
189 313
189 314
190 191
190 202
190 204
190 209
190 211
190 212
190 213
190 219
190 227
190 228
190 235
190 245
190 248
190 264
190 281
190 292
190 294
190 295
190 301
190 316
190 332
190 342
190 348
190 353
190 354
190 358
190 360
190 370
190 372
190 374
191 202
191 215
191 217
191 223
191 226
191 248
191 260
191 262
191 282
191 285
191 287
191 299
191 300
191 308
191 315
191 317
191 333
191 337
191 345
191 353
191 361
191 369
191 374
195 196
195 197
195 198
195 199
195 200
195 201
195 202
195 203
195 204
195 205
195 206
195 207
195 208
195 209
195 211
195 219
195 222
195 229
195 235
195 236
195 237
195 241
195 250
195 257
195 270
195 271
195 273
195 282
195 288
195 296
195 307
195 310
195 315
195 324
195 327
195 339
195 363
195 364
195 374
196 197
196 198
196 199
196 200
196 201
196 202
196 203
196 204
196 205
196 206
196 207
196 208
196 209
196 213
196 238
196 244
196 256
196 267
196 268
196 272
196 288
196 305
196 310
196 311
196 329
196 337
196 340
196 351
196 352
196 354
196 356
196 369
197 198
197 199
197 200
197 201
197 202
197 203
197 204
197 205
197 206
197 207
197 208
197 209
197 213
197 220
197 229
197 231
197 238
197 244
197 246
197 261
197 263
197 276
197 302
197 316
197 328
197 330
197 334
197 336
197 347
197 373
198 199
198 200
198 201
198 202
198 203
198 204
198 205
198 206
198 207
198 208
198 209
198 250
198 258
198 279
198 281
198 286
198 294
198 295
198 304
198 317
198 318
198 322
198 328
198 329
198 332
198 340
198 345
198 347
198 354
198 360
198 362
198 363
198 371
199 200
199 201
199 202
199 203
199 204
199 205
199 206
199 207
199 208
199 209
199 212
199 218
199 237
199 275
199 276
199 280
199 282
199 289
199 290
199 297
199 300
199 312
199 328
199 329
199 342
199 345
199 349
199 352
199 369
200 201
200 202
200 203
200 204
200 205
200 206
200 207
200 208
200 209
200 211
200 265
200 271
200 286
200 292
200 303
200 337
200 371
201 202
201 203
201 204
201 205
201 206
201 207
201 208
201 209
201 221
201 241
201 250
201 252
201 263
201 280
201 298
201 304
201 317
201 335
201 344
201 354
201 362
201 373
202 203
202 204
202 205
202 206
202 207
202 208
202 209
202 210
202 213
202 218
202 219
202 228
202 241
202 242
202 243
202 244
202 254
202 263
202 265
202 269
202 273
202 276
202 282
202 285
202 287
202 295
202 298
202 301
202 324
202 334
202 343
202 359
202 365
202 368
203 204
203 205
203 206
203 207
203 208
203 209
203 215
203 221
203 248
203 258
203 266
203 288
203 291
203 296
203 329
203 331
203 370
204 205
204 206
204 207
204 208
204 209
204 214
204 222
204 230
204 233
204 234
204 237
204 264
204 267
204 270
204 274
204 279
204 289
204 291
204 294
204 295
204 299
204 335
204 348
204 349
204 355
204 367
204 373
205 206
205 207
205 208
205 209
205 229
205 253
205 263
205 264
205 267
205 275
205 285
205 287
205 311
205 333
205 347
206 207
206 208
206 209
206 210
206 237
206 241
206 256
206 257
206 265
206 267
206 279
206 280
206 281
206 283
206 320
206 322
206 345
206 354
206 364
207 208
207 209
207 213
207 216
207 232
207 242
207 243
207 244
207 260
207 263
207 271
207 277
207 306
207 323
207 326
207 345
207 352
207 355
207 370
207 371
208 209
208 221
208 226
208 229
208 236
208 243
208 245
208 255
208 258
208 262
208 271
208 276
208 280
208 286
208 290
208 301
208 308
208 314
208 321
208 340
208 359
208 363
208 366
208 368
209 210
209 218
209 221
209 226
209 240
209 247
209 254
209 267
209 280
209 282
209 285
209 305
209 306
209 311
209 324
209 334
209 356
209 366
209 368
209 372
210 224
210 211
210 212
210 213
210 214
210 215
210 216
210 217
210 218
210 219
210 220
210 221
210 222
210 223
210 261
210 262
210 266
210 272
210 274
210 278
210 318
210 340
210 343
210 354
210 357
210 366
224 211
224 212
224 213
224 214
224 215
224 216
224 217
224 218
224 219
224 220
224 221
224 222
224 223
224 226
224 230
224 232
224 236
224 246
224 255
224 268
224 273
224 293
224 301
224 318
224 324
224 330
224 331
224 339
224 361
224 367
224 371
224 374
211 212
211 213
211 214
211 215
211 216
211 217
211 218
211 219
211 220
211 221
211 222
211 223
211 243
211 246
211 247
211 248
211 252
211 268
211 290
211 313
211 314
211 316
211 319
211 324
211 355
211 365
211 366
211 369
212 213
212 214
212 215
212 216
212 217
212 218
212 219
212 220
212 221
212 222
212 223
212 227
212 235
212 243
212 260
212 265
212 267
212 290
212 305
212 324
212 325
212 338
212 353
212 370
213 214
213 215
213 216
213 217
213 218
213 219
213 220
213 221
213 222
213 223
213 241
213 257
213 264
213 266
213 290
213 300
213 331
213 339
213 340
213 350
213 352
213 371
213 372
213 373
214 215
214 216
214 217
214 218
214 219
214 220
214 221
214 222
214 223
214 236
214 241
214 245
214 264
214 265
214 270
214 285
214 288
214 290
214 296
214 297
214 300
214 302
214 310
214 311
214 315
214 320
214 324
214 341
214 355
214 371
215 216
215 217
215 218
215 219
215 220
215 221
215 222
215 223
215 238
215 240
215 247
215 250
215 253
215 260
215 276
215 282
215 287
215 304
215 318
215 330
215 347
215 354
215 355
216 217
216 218
216 219
216 220
216 221
216 222
216 223
216 234
216 236
216 245
216 249
216 253
216 269
216 273
216 293
216 298
216 333
216 350
216 357
217 218
217 219
217 220
217 221
217 222
217 223
217 237
217 238
217 269
217 282
217 288
217 292
217 295
217 299
217 326
217 331
217 339
217 346
217 347
217 361
218 219
218 220
218 221
218 222
218 223
218 238
218 258
218 264
218 268
218 290
218 303
218 307
218 311
218 326
218 327
218 330
218 331
218 350
218 364
218 369
219 220
219 221
219 222
219 223
219 239
219 246
219 251
219 260
219 265
219 277
219 279
219 280
219 286
219 295
219 303
219 312
219 319
219 325
219 337
219 354
219 359
219 368
219 372
220 221
220 222
220 223
220 233
220 236
220 241
220 262
220 264
220 266
220 268
220 269
220 275
220 287
220 297
220 309
220 310
220 313
220 320
220 332
220 334
220 335
220 357
220 367
220 368
220 371
220 374
221 222
221 223
221 230
221 242
221 247
221 249
221 260
221 267
221 279
221 285
221 294
221 296
221 304
221 310
221 311
221 326
221 336
221 352
222 223
222 235
222 240
222 242
222 267
222 270
222 273
222 293
222 304
222 318
222 337
222 341
222 356
222 365
222 368
222 370
222 374
223 227
223 231
223 232
223 239
223 246
223 247
223 250
223 265
223 272
223 277
223 280
223 304
223 305
223 316
223 321
223 352
223 354
223 363
223 365
225 226
225 227
225 228
225 229
225 230
225 231
225 232
225 233
225 234
225 235
225 236
225 237
225 238
225 239
225 256
225 271
225 280
225 289
225 292
225 296
225 302
225 314
225 332
225 338
225 339
225 350
225 352
225 354
225 355
225 359
225 362
226 227
226 228
226 229
226 230
226 231
226 232
226 233
226 234
226 235
226 236
226 237
226 238
226 239
226 245
226 256
226 271
226 272
226 273
226 312
226 319
226 338
226 348
226 350
226 352
226 367
226 370
226 374
227 228
227 229
227 230
227 231
227 232
227 233
227 234
227 235
227 236
227 237
227 238
227 239
227 242
227 247
227 251
227 262
227 274
227 281
227 308
227 317
227 323
227 359
228 229
228 230
228 231
228 232
228 233
228 234
228 235
228 236
228 237
228 238
228 239
228 241
228 248
228 250
228 271
228 280
228 287
228 316
228 317
228 320
228 329
228 345
228 346
228 356
228 371
229 230
229 231
229 232
229 233
229 234
229 235
229 236
229 237
229 238
229 239
229 306
229 314
229 329
229 371
230 231
230 232
230 233
230 234
230 235
230 236
230 237
230 238
230 239
230 240
230 242
230 245
230 250
230 251
230 273
230 277
230 288
230 300
230 306
230 327
230 345
230 354
230 364
230 368
231 232
231 233
231 234
231 235
231 236
231 237
231 238
231 239
231 244
231 246
231 282
231 290
231 291
231 314
231 325
231 334
231 344
231 348
231 356
231 358
231 359
232 233
232 234
232 235
232 236
232 237
232 238
232 239
232 254
232 279
232 336
232 338
232 345
232 347
232 355
232 369
233 234
233 235
233 236
233 237
233 238
233 239
233 293
233 294
233 297
233 299
233 303
233 306
233 313
233 315
233 316
233 333
233 334
233 362
233 364
233 365
233 370
234 235
234 236
234 237
234 238
234 239
234 246
234 268
234 290
234 315
234 319
234 330
234 338
234 350
234 364
235 236
235 237
235 238
235 239
235 278
235 283
235 284
235 307
235 311
235 315
235 317
235 325
235 337
235 349
236 237
236 238
236 239
236 259
236 269
236 274
236 276
236 288
236 291
236 298
236 301
236 321
236 328
236 330
236 346
236 349
236 360
236 365
236 369
236 370
237 238
237 239
237 245
237 266
237 272
237 275
237 277
237 290
237 294
237 305
237 309
237 357
237 360
238 239
238 252
238 294
238 307
238 318
238 323
238 324
238 328
238 356
239 244
239 254
239 255
239 261
239 285
239 289
239 290
239 301
239 303
239 319
239 325
239 326
239 329
239 357
239 359
240 241
240 242
240 243
240 244
240 245
240 246
240 247
240 248
240 249
240 250
240 251
240 252
240 253
240 254
240 286
240 310
240 313
240 341
240 358
240 371
241 242
241 243
241 244
241 245
241 246
241 247
241 248
241 249
241 250
241 251
241 252
241 253
241 254
241 256
241 257
241 262
241 273
241 280
241 292
241 293
241 295
241 297
241 302
241 311
241 321
241 329
241 334
241 347
241 355
241 363
242 243
242 244
242 245
242 246
242 247
242 248
242 249
242 250
242 251
242 252
242 253
242 254
242 266
242 291
242 293
242 294
242 301
242 307
242 317
242 322
242 328
242 329
242 335
242 355
242 356
242 368
243 244
243 245
243 246
243 247
243 248
243 249
243 250
243 251
243 252
243 253
243 254
243 261
243 270
243 295
243 297
243 307
243 343
243 356
243 367
244 245
244 246
244 247
244 248
244 249
244 250
244 251
244 252
244 253
244 254
244 275
244 285
244 291
244 311
244 330
244 344
244 355
244 357
245 246
245 247
245 248
245 249
245 250
245 251
245 252
245 253
245 254
245 278
245 293
245 318
245 324
245 338
245 344
245 351
245 362
245 365
245 371
246 247
246 248
246 249
246 250
246 251
246 252
246 253
246 254
246 256
246 268
246 271
246 272
246 274
246 285
246 288
246 290
246 307
246 327
246 337
246 344
246 357
246 364
247 248
247 249
247 250
247 251
247 252
247 253
247 254
247 267
247 278
247 279
247 305
247 331
247 360
247 362
247 365
247 372
248 249
248 250
248 251
248 252
248 253
248 254
248 256
248 275
248 297
248 298
248 308
248 311
248 314
248 322
248 328
248 330
248 350
248 368
248 372
249 250
249 251
249 252
249 253
249 254
249 264
249 277
249 283
249 291
249 292
249 299
249 312
249 317
249 324
249 331
249 340
249 349
249 360
249 369
249 370
250 251
250 252
250 253
250 254
250 265
250 282
250 333
250 338
250 351
250 353
250 364
250 374
251 252
251 253
251 254
251 257
251 260
251 265
251 279
251 298
251 302
251 311
251 318
251 324
251 332
251 346
252 253
252 254
252 260
252 266
252 274
252 277
252 281
252 286
252 318
252 330
252 334
252 335
252 343
252 359
252 367
252 371
252 372
253 254
253 264
253 272
253 278
253 284
253 285
253 288
253 324
253 356
253 365
253 368
254 279
254 292
254 302
254 305
254 316
254 338
254 339
254 343
254 344
254 351
254 358
254 359
256 257
256 258
256 259
256 260
256 261
256 262
256 263
256 264
256 265
256 266
256 267
256 268
256 269
256 255
256 273
256 287
256 292
256 316
256 318
256 323
256 327
256 330
256 351
257 258
257 259
257 260
257 261
257 262
257 263
257 264
257 265
257 266
257 267
257 268
257 269
257 255
257 270
257 280
257 292
257 320
257 329
257 340
257 342
257 353
257 363
258 259
258 260
258 261
258 262
258 263
258 264
258 265
258 266
258 267
258 268
258 269
258 255
258 276
258 277
258 284
258 294
258 317
258 331
258 335
258 338
258 341
258 342
258 353
258 363
259 260
259 261
259 262
259 263
259 264
259 265
259 266
259 267
259 268
259 269
259 255
259 279
259 280
259 286
259 290
259 304
259 305
259 315
259 323
259 331
259 336
259 344
259 357
259 361
259 364
260 261
260 262
260 263
260 264
260 265
260 266
260 267
260 268
260 269
260 255
260 311
260 316
260 324
260 335
260 350
260 354
260 356
260 374
261 262
261 263
261 264
261 265
261 266
261 267
261 268
261 269
261 255
261 289
261 311
261 312
261 323
261 330
261 370
262 263
262 264
262 265
262 266
262 267
262 268
262 269
262 255
262 275
262 299
262 310
262 340
262 342
262 345
262 352
262 369
262 371
263 264
263 265
263 266
263 267
263 268
263 269
263 255
263 276
263 281
263 289
263 315
263 318
263 321
263 346
263 349
263 372
263 373
264 265
264 266
264 267
264 268
264 269
264 255
264 305
264 374
265 266
265 267
265 268
265 269
265 255
265 288
265 294
265 297
265 310
265 315
265 323
265 325
265 326
265 343
265 350
265 352
265 355
265 365
266 267
266 268
266 269
266 255
266 293
266 307
266 310
266 324
266 327
266 353
266 358
266 374
267 268
267 269
267 255
267 282
267 303
267 310
267 315
267 319
267 332
267 345
267 346
267 350
267 360
267 363
267 368
268 269
268 255
268 279
268 280
268 287
268 317
268 322
268 334
268 344
268 370
269 255
269 276
269 278
269 281
269 283
269 286
269 297
269 309
269 311
269 319
269 321
269 324
269 325
269 327
269 331
269 332
269 335
269 343
269 362
269 363
269 373
255 272
255 279
255 298
255 315
255 323
255 330
255 365
270 271
270 272
270 273
270 274
270 275
270 276
270 277
270 278
270 279
270 280
270 281
270 282
270 283
270 284
270 288
270 290
270 297
270 313
270 315
270 326
270 335
270 336
270 340
270 345
270 356
270 361
270 362
270 370
271 272
271 273
271 274
271 275
271 276
271 277
271 278
271 279
271 280
271 281
271 282
271 283
271 284
271 300
271 301
271 302
271 324
271 328
271 365
272 273
272 274
272 275
272 276
272 277
272 278
272 279
272 280
272 281
272 282
272 283
272 284
272 288
272 295
272 318
272 321
272 341
272 354
272 359
272 360
273 274
273 275
273 276
273 277
273 278
273 279
273 280
273 281
273 282
273 283
273 284
273 294
273 322
273 331
273 337
273 341
273 352
273 360
274 275
274 276
274 277
274 278
274 279
274 280
274 281
274 282
274 283
274 284
274 300
274 303
274 304
274 307
274 315
274 324
274 330
274 339
274 341
274 348
274 353
274 369
275 276
275 277
275 278
275 279
275 280
275 281
275 282
275 283
275 284
275 286
275 299
275 315
275 329
275 348
275 352
275 362
275 364
275 365
275 366
275 367
276 277
276 278
276 279
276 280
276 281
276 282
276 283
276 284
276 285
276 298
276 299
276 338
276 339
276 352
276 353
276 357
276 358
276 368
277 278
277 279
277 280
277 281
277 282
277 283
277 284
277 286
277 288
277 306
277 310
277 325
277 351
278 279
278 280
278 281
278 282
278 283
278 284
278 289
278 293
278 310
278 311
278 313
278 315
278 317
278 323
278 327
278 332
278 344
278 357
278 371
278 373
278 374
279 280
279 281
279 282
279 283
279 284
279 292
279 297
279 302
279 305
279 309
279 326
279 342
279 357
279 361
280 281
280 282
280 283
280 284
280 297
280 359
280 363
281 282
281 283
281 284
281 299
281 301
281 313
281 315
281 355
281 356
281 359
282 283
282 284
282 303
282 311
282 318
282 324
282 329
282 344
282 369
283 284
283 292
283 293
283 295
283 304
283 310
283 313
283 328
283 341
283 343
283 363
284 285
284 294
284 297
284 299
284 305
284 318
284 319
284 330
284 338
284 360
284 363
284 372
288 289
288 290
288 291
288 292
288 293
288 294
288 295
288 296
288 297
288 298
288 299
288 285
288 286
288 287
288 314
288 322
288 327
288 328
288 334
288 351
288 352
289 290
289 291
289 292
289 293
289 294
289 295
289 296
289 297
289 298
289 299
289 285
289 286
289 287
289 313
289 319
289 328
289 332
289 351
289 364
290 291
290 292
290 293
290 294
290 295
290 296
290 297
290 298
290 299
290 285
290 286
290 287
290 328
290 340
290 349
290 351
290 354
290 366
290 369
291 292
291 293
291 294
291 295
291 296
291 297
291 298
291 299
291 285
291 286
291 287
291 312
291 325
291 329
291 365
292 293
292 294
292 295
292 296
292 297
292 298
292 299
292 285
292 286
292 287
292 306
292 308
292 316
292 331
292 365
292 366
293 294
293 295
293 296
293 297
293 298
293 299
293 285
293 286
293 287
293 305
293 319
293 327
293 342
293 344
293 346
293 352
293 362
293 370
293 371
293 374
294 295
294 296
294 297
294 298
294 299
294 285
294 286
294 287
294 302
294 310
294 325
294 332
294 338
294 341
294 344
294 353
294 360
294 367
294 374
295 296
295 297
295 298
295 299
295 285
295 286
295 287
295 302
295 319
295 330
295 344
295 345
295 350
295 357
295 362
295 371
296 297
296 298
296 299
296 285
296 286
296 287
296 331
296 339
296 349
296 356
297 298
297 299
297 285
297 286
297 287
297 314
297 328
297 337
297 338
297 343
297 349
297 351
297 355
298 299
298 285
298 286
298 287
298 302
298 308
298 310
298 323
298 331
298 348
298 359
298 370
299 285
299 286
299 287
299 329
299 330
299 335
299 340
299 372
285 286
285 287
285 304
285 332
285 334
285 336
285 340
285 361
285 364
285 374
286 287
286 317
286 323
286 331
286 334
286 336
286 337
286 343
286 345
286 347
286 350
286 351
286 368
286 369
287 302
287 312
287 314
287 318
287 319
287 320
287 322
287 325
287 332
287 340
287 349
287 351
287 354
287 368
300 301
300 302
300 303
300 304
300 305
300 306
300 307
300 308
300 309
300 310
300 311
300 312
300 313
300 314
300 349
300 354
300 363
300 366
301 302
301 303
301 304
301 305
301 306
301 307
301 308
301 309
301 310
301 311
301 312
301 313
301 314
301 323
301 325
301 334
301 340
301 345
301 347
301 350
301 354
301 374
302 303
302 304
302 305
302 306
302 307
302 308
302 309
302 310
302 311
302 312
302 313
302 314
302 318
302 323
302 326
302 330
302 340
302 345
302 357
302 358
302 360
302 361
302 362
302 369
303 304
303 305
303 306
303 307
303 308
303 309
303 310
303 311
303 312
303 313
303 314
303 327
303 337
303 342
303 349
303 350
303 359
304 305
304 306
304 307
304 308
304 309
304 310
304 311
304 312
304 313
304 314
304 333
304 349
304 350
304 352
304 353
304 354
304 361
304 370
305 306
305 307
305 308
305 309
305 310
305 311
305 312
305 313
305 314
305 335
305 350
305 356
305 365
305 370
305 374
306 307
306 308
306 309
306 310
306 311
306 312
306 313
306 314
306 329
306 339
306 343
306 346
306 351
306 373
307 308
307 309
307 310
307 311
307 312
307 313
307 314
307 328
307 329
307 335
307 338
307 344
307 354
307 360
307 362
308 309
308 310
308 311
308 312
308 313
308 314
308 315
308 327
308 344
308 355
308 357
309 310
309 311
309 312
309 313
309 314
309 318
309 322
309 323
309 347
310 311
310 312
310 313
310 314
310 330
310 352
311 312
311 313
311 314
311 329
312 313
312 314
312 347
313 314
313 317
313 324
313 352
313 361
313 372
314 330
314 341
314 342
314 343
320 321
320 322
320 323
320 324
320 325
320 326
320 327
320 328
320 329
320 315
320 316
320 317
320 318
320 319
320 332
320 347
320 355
320 357
321 322
321 323
321 324
321 325
321 326
321 327
321 328
321 329
321 315
321 316
321 317
321 318
321 319
321 332
321 349
321 360
321 367
321 368
322 323
322 324
322 325
322 326
322 327
322 328
322 329
322 315
322 316
322 317
322 318
322 319
322 348
322 357
322 359
322 368
322 370
323 324
323 325
323 326
323 327
323 328
323 329
323 315
323 316
323 317
323 318
323 319
323 331
323 334
323 337
323 350
323 354
323 363
323 365
324 325
324 326
324 327
324 328
324 329
324 315
324 316
324 317
324 318
324 319
324 336
324 340
324 354
324 372
325 326
325 327
325 328
325 329
325 315
325 316
325 317
325 318
325 319
325 343
325 349
325 351
325 359
325 366
325 370
325 372
326 327
326 328
326 329
326 315
326 316
326 317
326 318
326 319
326 342
326 343
326 360
326 368
327 328
327 329
327 315
327 316
327 317
327 318
327 319
327 333
327 336
327 349
327 358
327 365
327 370
328 329
328 315
328 316
328 317
328 318
328 319
328 333
328 361
329 315
329 316
329 317
329 318
329 319
329 335
329 345
329 349
329 357
329 360
329 371
329 372
329 374
315 316
315 317
315 318
315 319
315 332
315 340
315 346
315 353
316 317
316 318
316 319
316 360
316 366
316 374
317 318
317 319
317 330
317 342
317 357
317 367
317 368
318 319
318 331
318 335
318 358
318 365
319 333
319 336
319 337
319 338
319 341
319 342
319 348
319 350
319 359
319 367
319 368
319 371
319 373
330 331
330 332
330 333
330 334
330 335
330 336
330 337
330 338
330 339
330 340
330 341
330 342
330 343
330 344
330 345
330 369
331 332
331 333
331 334
331 335
331 336
331 337
331 338
331 339
331 340
331 341
331 342
331 343
331 344
331 345
331 371
332 333
332 334
332 335
332 336
332 337
332 338
332 339
332 340
332 341
332 342
332 343
332 344
332 345
332 351
332 352
333 334
333 335
333 336
333 337
333 338
333 339
333 340
333 341
333 342
333 343
333 344
333 364
333 366
333 372
334 335
334 336
334 337
334 338
334 339
334 340
334 341
334 342
334 343
334 344
334 351
334 364
335 336
335 337
335 338
335 339
335 340
335 341
335 342
335 343
335 344
335 364
336 337
336 338
336 339
336 340
336 341
336 342
336 343
336 344
336 349
336 362
337 338
337 339
337 340
337 341
337 342
337 343
337 344
337 345
337 347
337 348
337 357
337 358
337 362
337 371
337 373
338 339
338 340
338 341
338 342
338 343
338 344
338 350
338 351
338 370
338 371
339 340
339 341
339 342
339 343
339 344
339 358
339 371
339 372
340 341
340 342
340 343
340 344
340 357
340 366
341 342
341 343
341 344
341 348
341 356
341 370
342 343
342 344
342 357
342 358
342 361
342 362
342 364
342 368
343 344
343 349
343 353
343 354
344 359
352 353
352 354
352 355
352 356
352 357
352 358
352 359
352 345
352 346
352 347
352 348
352 349
352 350
352 351
352 370
352 372
353 354
353 355
353 356
353 357
353 358
353 359
353 345
353 346
353 347
353 348
353 349
353 350
353 351
353 369
354 355
354 356
354 357
354 358
354 359
354 345
354 346
354 347
354 348
354 349
354 350
354 351
354 366
354 367
354 372
354 373
355 356
355 357
355 358
355 359
355 345
355 346
355 347
355 348
355 349
355 350
355 351
355 366
356 357
356 358
356 359
356 345
356 346
356 347
356 348
356 349
356 350
356 351
356 364
356 366
356 374
357 358
357 359
357 345
357 346
357 347
357 348
357 349
357 350
357 351
357 360
358 359
358 345
358 346
358 347
358 348
358 349
358 350
358 351
358 370
359 345
359 346
359 347
359 348
359 349
359 350
359 351
345 346
345 347
345 348
345 349
345 350
345 351
345 364
345 367
346 347
346 348
346 349
346 350
346 351
346 360
346 361
346 364
346 371
347 348
347 349
347 350
347 351
347 372
348 349
348 350
348 351
348 364
348 370
349 350
349 351
349 365
350 351
350 368
351 366
351 371
351 373
360 361
360 362
360 363
360 364
360 365
360 366
360 367
360 368
360 369
360 370
360 371
360 372
360 373
360 374
361 362
361 363
361 364
361 365
361 366
361 367
361 368
361 369
361 370
361 371
361 372
361 373
361 374
362 363
362 364
362 365
362 366
362 367
362 368
362 369
362 370
362 371
362 372
362 373
362 374
363 364
363 365
363 366
363 367
363 368
363 369
363 370
363 371
363 372
363 373
363 374
364 365
364 366
364 367
364 368
364 369
364 370
364 371
364 372
364 373
364 374
365 366
365 367
365 368
365 369
365 370
365 371
365 372
365 373
365 374
366 367
366 368
366 369
366 370
366 371
366 372
366 373
366 374
367 368
367 369
367 370
367 371
367 372
367 373
367 374
368 369
368 370
368 371
368 372
368 373
368 374
369 370
369 371
369 372
369 373
369 374
370 371
370 372
370 373
370 374
371 372
371 373
371 374
372 373
372 374
373 374
