# 6698 edges
0 1
0 2
0 3
0 4
0 5
0 6
0 7
0 8
0 9
0 16
0 19
0 21
0 23
0 29
0 44
0 45
0 47
0 49
0 53
0 57
0 58
0 59
0 61
0 62
0 63
0 65
0 66
0 67
0 69
0 71
0 77
0 78
0 82
0 83
0 88
0 89
0 90
0 91
0 99
0 102
0 103
0 112
0 113
0 114
0 118
0 120
0 121
0 127
0 128
0 130
0 133
0 135
0 136
0 138
0 141
0 144
0 146
0 150
0 151
0 156
0 157
0 166
0 167
0 168
0 176
0 179
0 184
0 185
0 187
0 189
0 191
0 192
0 194
1 2
1 3
1 4
1 5
1 6
1 7
1 8
1 9
1 10
1 23
1 26
1 27
1 28
1 29
1 36
1 37
1 38
1 44
1 48
1 50
1 51
1 53
1 55
1 57
1 66
1 68
1 70
1 72
1 75
1 79
1 82
1 83
1 85
1 86
1 89
1 90
1 104
1 106
1 107
1 113
1 114
1 118
1 122
1 124
1 126
1 128
1 139
1 142
1 143
1 147
1 158
1 169
1 172
1 179
1 181
1 182
1 183
1 185
1 188
1 190
1 193
1 194
1 197
1 198
2 3
2 4
2 5
2 6
2 7
2 8
2 9
2 12
2 14
2 16
2 17
2 18
2 19
2 21
2 25
2 26
2 28
2 30
2 33
2 34
2 37
2 39
2 41
2 42
2 48
2 49
2 61
2 65
2 69
2 82
2 87
2 89
2 90
2 91
2 96
2 97
2 98
2 103
2 106
2 111
2 113
2 114
2 118
2 121
2 127
2 128
2 130
2 131
2 134
2 135
2 139
2 143
2 144
2 147
2 149
2 150
2 151
2 152
2 155
2 157
2 158
2 159
2 160
2 161
2 167
2 170
2 174
2 177
2 180
2 186
2 189
2 193
2 194
2 195
2 199
3 4
3 5
3 6
3 7
3 8
3 9
3 11
3 14
3 16
3 21
3 25
3 27
3 31
3 32
3 35
3 39
3 42
3 43
3 46
3 50
3 51
3 53
3 57
3 66
3 74
3 79
3 87
3 90
3 93
3 94
3 95
3 97
3 100
3 101
3 117
3 119
3 122
3 124
3 127
3 128
3 130
3 136
3 147
3 150
3 151
3 152
3 154
3 159
3 160
3 181
3 184
3 185
3 186
3 189
3 193
4 5
4 6
4 7
4 8
4 9
4 10
4 11
4 14
4 15
4 19
4 20
4 26
4 29
4 31
4 32
4 34
4 35
4 37
4 39
4 41
4 43
4 45
4 48
4 54
4 55
4 58
4 61
4 62
4 67
4 69
4 72
4 74
4 77
4 90
4 96
4 103
4 105
4 108
4 109
4 111
4 116
4 118
4 138
4 142
4 143
4 149
4 150
4 152
4 163
4 169
4 171
4 176
4 179
4 180
4 186
4 187
4 195
4 196
4 197
5 6
5 7
5 8
5 9
5 12
5 16
5 20
5 23
5 24
5 29
5 30
5 31
5 40
5 41
5 44
5 45
5 46
5 49
5 52
5 57
5 58
5 60
5 62
5 63
5 68
5 70
5 73
5 74
5 76
5 84
5 87
5 90
5 94
5 96
5 98
5 101
5 103
5 108
5 111
5 113
5 118
5 120
5 121
5 128
5 131
5 134
5 137
5 140
5 141
5 144
5 151
5 152
5 159
5 161
5 163
5 164
5 165
5 166
5 172
5 173
5 177
5 189
5 196
5 197
6 7
6 8
6 9
6 15
6 16
6 20
6 21
6 22
6 24
6 26
6 27
6 34
6 38
6 39
6 42
6 44
6 54
6 62
6 65
6 67
6 69
6 70
6 71
6 76
6 90
6 94
6 97
6 99
6 108
6 115
6 117
6 118
6 119
6 125
6 126
6 132
6 137
6 138
6 139
6 141
6 156
6 157
6 158
6 160
6 162
6 170
6 171
6 172
6 173
6 175
6 179
6 184
6 187
6 188
6 189
6 190
6 199
7 8
7 9
7 12
7 14
7 15
7 22
7 25
7 27
7 28
7 29
7 31
7 32
7 37
7 38
7 39
7 42
7 44
7 50
7 65
7 70
7 72
7 75
7 76
7 79
7 89
7 93
7 96
7 97
7 103
7 107
7 108
7 111
7 112
7 113
7 116
7 123
7 124
7 129
7 132
7 139
7 142
7 143
7 145
7 146
7 147
7 149
7 152
7 156
7 157
7 163
7 164
7 165
7 166
7 167
7 168
7 174
7 175
7 179
7 180
7 181
7 185
7 190
7 194
7 197
7 199
8 9
8 14
8 15
8 27
8 28
8 29
8 34
8 35
8 41
8 42
8 43
8 45
8 49
8 53
8 57
8 62
8 63
8 68
8 71
8 74
8 75
8 81
8 84
8 87
8 95
8 97
8 99
8 102
8 104
8 106
8 109
8 113
8 116
8 118
8 120
8 128
8 129
8 131
8 133
8 136
8 137
8 139
8 141
8 144
8 146
8 150
8 153
8 157
8 161
8 163
8 164
8 166
8 170
8 171
8 181
8 185
8 187
8 189
8 190
8 194
8 197
8 198
9 10
9 18
9 21
9 32
9 35
9 37
9 43
9 48
9 49
9 54
9 56
9 58
9 61
9 62
9 64
9 66
9 72
9 75
9 77
9 78
9 82
9 88
9 94
9 98
9 103
9 105
9 114
9 123
9 124
9 125
9 128
9 132
9 135
9 136
9 138
9 141
9 144
9 146
9 147
9 151
9 156
9 159
9 160
9 163
9 164
9 167
9 172
9 173
9 174
9 177
9 178
9 179
9 181
9 189
9 190
9 192
9 193
9 195
9 197
10 11
10 12
10 13
10 14
10 15
10 16
10 17
10 18
10 19
10 21
10 23
10 25
10 26
10 27
10 31
10 33
10 44
10 48
10 50
10 51
10 59
10 61
10 65
10 66
10 69
10 74
10 75
10 76
10 78
10 79
10 84
10 86
10 87
10 96
10 102
10 109
10 111
10 119
10 123
10 124
10 132
10 133
10 137
10 138
10 140
10 141
10 143
10 144
10 147
10 148
10 150
10 151
10 156
10 159
10 160
10 162
10 166
10 168
10 170
10 174
10 176
10 177
10 182
10 183
10 185
10 190
10 199
11 12
11 13
11 14
11 15
11 16
11 17
11 18
11 19
11 22
11 23
11 26
11 30
11 31
11 33
11 36
11 38
11 42
11 43
11 53
11 61
11 70
11 72
11 73
11 76
11 81
11 83
11 86
11 87
11 94
11 95
11 99
11 101
11 103
11 108
11 109
11 113
11 114
11 121
11 123
11 124
11 126
11 129
11 131
11 135
11 139
11 140
11 141
11 142
11 144
11 145
11 148
11 154
11 168
11 171
11 176
11 177
11 179
11 181
11 183
11 187
11 189
11 192
11 193
11 197
12 13
12 14
12 15
12 16
12 17
12 18
12 19
12 20
12 26
12 28
12 30
12 32
12 34
12 36
12 41
12 43
12 44
12 47
12 55
12 56
12 57
12 62
12 63
12 64
12 71
12 74
12 76
12 84
12 88
12 90
12 94
12 97
12 110
12 111
12 114
12 118
12 122
12 126
12 130
12 132
12 134
12 136
12 146
12 151
12 152
12 154
12 155
12 157
12 161
12 163
12 171
12 176
12 179
12 180
12 185
12 186
12 188
12 190
12 192
13 14
13 15
13 16
13 17
13 18
13 19
13 23
13 26
13 28
13 33
13 43
13 51
13 58
13 59
13 60
13 65
13 67
13 68
13 70
13 73
13 75
13 76
13 94
13 97
13 98
13 101
13 102
13 104
13 105
13 108
13 109
13 110
13 114
13 118
13 125
13 127
13 129
13 131
13 133
13 137
13 139
13 140
13 141
13 146
13 149
13 150
13 154
13 155
13 159
13 168
13 170
13 173
13 175
13 176
13 189
13 191
13 193
13 197
14 15
14 16
14 17
14 18
14 19
14 20
14 23
14 28
14 33
14 37
14 42
14 45
14 46
14 48
14 56
14 57
14 62
14 63
14 66
14 67
14 70
14 72
14 74
14 77
14 85
14 87
14 92
14 95
14 100
14 114
14 121
14 123
14 124
14 127
14 129
14 132
14 134
14 136
14 141
14 143
14 147
14 154
14 162
14 172
14 177
14 182
14 183
14 190
14 196
14 199
15 16
15 17
15 18
15 19
15 21
15 23
15 28
15 32
15 33
15 34
15 36
15 37
15 40
15 41
15 43
15 48
15 51
15 52
15 53
15 54
15 57
15 61
15 65
15 66
15 68
15 75
15 76
15 78
15 80
15 83
15 84
15 85
15 90
15 92
15 95
15 101
15 104
15 105
15 108
15 109
15 113
15 115
15 117
15 118
15 119
15 120
15 121
15 122
15 125
15 129
15 132
15 133
15 135
15 139
15 144
15 156
15 158
15 162
15 164
15 166
15 169
15 170
15 173
15 174
15 177
15 178
15 180
15 181
15 183
15 184
15 185
15 192
15 194
15 196
15 198
16 17
16 18
16 19
16 25
16 27
16 31
16 32
16 37
16 38
16 41
16 42
16 52
16 60
16 63
16 64
16 68
16 70
16 72
16 73
16 75
16 78
16 80
16 82
16 84
16 86
16 87
16 94
16 95
16 98
16 99
16 102
16 112
16 113
16 115
16 116
16 117
16 119
16 121
16 123
16 127
16 128
16 132
16 135
16 139
16 144
16 145
16 146
16 147
16 148
16 151
16 153
16 154
16 156
16 157
16 161
16 164
16 167
16 176
16 178
16 181
16 182
16 183
16 187
16 197
17 18
17 19
17 21
17 23
17 28
17 31
17 35
17 36
17 38
17 53
17 55
17 57
17 62
17 68
17 69
17 72
17 73
17 76
17 77
17 80
17 82
17 84
17 86
17 87
17 96
17 99
17 103
17 111
17 114
17 116
17 121
17 127
17 128
17 133
17 135
17 139
17 147
17 149
17 152
17 153
17 155
17 158
17 159
17 160
17 163
17 165
17 172
17 178
17 179
17 180
17 184
17 189
17 190
17 194
17 198
17 199
18 19
18 21
18 22
18 23
18 25
18 26
18 30
18 35
18 48
18 51
18 52
18 55
18 56
18 59
18 63
18 73
18 78
18 79
18 87
18 88
18 89
18 90
18 91
18 106
18 119
18 121
18 123
18 125
18 127
18 129
18 130
18 131
18 135
18 137
18 140
18 142
18 145
18 146
18 147
18 148
18 149
18 152
18 156
18 163
18 169
18 171
18 172
18 175
18 176
18 177
18 178
18 182
18 184
18 185
18 186
18 195
18 196
18 198
19 21
19 22
19 24
19 25
19 36
19 37
19 44
19 46
19 48
19 53
19 55
19 60
19 62
19 70
19 80
19 81
19 82
19 90
19 91
19 100
19 102
19 113
19 116
19 127
19 128
19 132
19 133
19 134
19 140
19 144
19 146
19 149
19 153
19 154
19 159
19 163
19 167
19 169
19 174
19 175
19 182
19 184
19 189
19 191
19 198
20 21
20 22
20 23
20 24
20 25
20 26
20 27
20 28
20 29
20 32
20 38
20 40
20 41
20 46
20 49
20 51
20 52
20 53
20 56
20 65
20 66
20 68
20 78
20 80
20 83
20 84
20 89
20 91
20 93
20 98
20 102
20 105
20 106
20 109
20 111
20 122
20 125
20 126
20 128
20 130
20 153
20 154
20 156
20 162
20 163
20 166
20 168
20 170
20 172
20 177
20 178
20 180
20 185
20 196
20 198
21 22
21 23
21 24
21 25
21 26
21 27
21 28
21 29
21 33
21 42
21 46
21 48
21 52
21 55
21 58
21 61
21 62
21 66
21 71
21 72
21 73
21 74
21 82
21 92
21 94
21 98
21 99
21 102
21 105
21 111
21 113
21 115
21 119
21 120
21 123
21 126
21 130
21 133
21 137
21 138
21 151
21 152
21 153
21 154
21 160
21 161
21 162
21 168
21 169
21 174
21 178
21 184
21 185
21 186
21 190
21 191
21 195
21 198
22 23
22 24
22 25
22 26
22 27
22 28
22 29
22 32
22 34
22 40
22 42
22 44
22 54
22 63
22 64
22 66
22 67
22 71
22 72
22 73
22 76
22 79
22 81
22 82
22 83
22 87
22 89
22 90
22 92
22 97
22 104
22 110
22 114
22 115
22 116
22 117
22 121
22 123
22 127
22 133
22 134
22 136
22 137
22 141
22 142
22 143
22 157
22 162
22 167
22 178
22 185
22 188
22 193
22 194
22 195
23 24
23 25
23 26
23 27
23 28
23 29
23 31
23 37
23 38
23 43
23 45
23 46
23 49
23 55
23 61
23 63
23 64
23 67
23 72
23 78
23 82
23 85
23 88
23 89
23 90
23 91
23 93
23 96
23 97
23 102
23 113
23 118
23 120
23 127
23 129
23 131
23 135
23 141
23 147
23 148
23 149
23 155
23 157
23 158
23 162
23 163
23 168
23 170
23 171
23 172
23 175
23 177
23 178
23 180
23 182
23 183
23 186
23 189
23 192
23 198
24 25
24 26
24 27
24 28
24 29
24 35
24 36
24 37
24 42
24 44
24 48
24 53
24 58
24 59
24 60
24 62
24 65
24 68
24 70
24 71
24 83
24 86
24 87
24 96
24 97
24 99
24 103
24 105
24 106
24 110
24 112
24 115
24 117
24 118
24 119
24 122
24 123
24 124
24 126
24 128
24 129
24 132
24 137
24 140
24 142
24 144
24 145
24 146
24 151
24 152
24 155
24 161
24 163
24 170
24 173
24 174
24 176
24 177
24 178
24 182
24 187
24 197
25 26
25 27
25 28
25 29
25 32
25 39
25 42
25 46
25 47
25 49
25 51
25 56
25 63
25 68
25 69
25 70
25 77
25 78
25 80
25 82
25 83
25 85
25 88
25 91
25 94
25 96
25 100
25 103
25 106
25 109
25 111
25 112
25 114
25 116
25 125
25 126
25 128
25 130
25 131
25 134
25 136
25 139
25 146
25 149
25 153
25 155
25 160
25 162
25 164
25 165
25 170
25 176
25 177
25 179
25 180
25 181
25 191
25 195
25 197
25 198
25 199
26 27
26 28
26 29
26 32
26 38
26 43
26 45
26 49
26 58
26 59
26 66
26 70
26 73
26 74
26 76
26 79
26 80
26 87
26 90
26 95
26 96
26 97
26 105
26 108
26 111
26 115
26 119
26 120
26 124
26 126
26 131
26 133
26 136
26 140
26 144
26 148
26 149
26 153
26 154
26 161
26 165
26 174
26 176
26 179
26 187
26 189
26 190
27 28
27 29
27 32
27 33
27 37
27 44
27 45
27 47
27 53
27 55
27 58
27 62
27 63
27 64
27 65
27 66
27 67
27 71
27 72
27 74
27 85
27 89
27 98
27 102
27 107
27 122
27 123
27 126
27 129
27 130
27 131
27 132
27 136
27 147
27 152
27 154
27 155
27 159
27 161
27 164
27 167
27 175
27 181
27 182
27 194
27 195
28 29
28 30
28 37
28 39
28 41
28 42
28 43
28 51
28 64
28 66
28 67
28 70
28 73
28 79
28 84
28 85
28 86
28 88
28 89
28 90
28 91
28 92
28 96
28 99
28 101
28 104
28 113
28 121
28 125
28 128
28 131
28 133
28 134
28 139
28 140
28 141
28 142
28 146
28 147
28 150
28 151
28 153
28 157
28 158
28 161
28 165
28 167
28 168
28 170
28 175
28 179
28 183
28 184
28 186
28 190
28 191
28 192
28 194
28 198
29 32
29 33
29 34
29 40
29 48
29 49
29 53
29 55
29 57
29 58
29 59
29 62
29 74
29 75
29 81
29 90
29 93
29 98
29 103
29 107
29 112
29 125
29 126
29 132
29 135
29 138
29 141
29 145
29 148
29 152
29 154
29 155
29 159
29 161
29 162
29 166
29 167
29 175
29 177
29 181
29 183
29 188
29 191
29 195
29 198
32 33
32 34
32 35
32 36
32 37
32 38
32 39
32 30
32 31
32 41
32 52
32 57
32 62
32 63
32 66
32 67
32 68
32 69
32 73
32 77
32 83
32 85
32 88
32 92
32 94
32 99
32 102
32 103
32 106
32 109
32 113
32 114
32 116
32 122
32 139
32 141
32 142
32 146
32 147
32 148
32 152
32 153
32 169
32 179
32 181
32 191
32 192
32 195
32 198
32 199
33 34
33 35
33 36
33 37
33 38
33 39
33 30
33 31
33 41
33 42
33 46
33 47
33 49
33 55
33 57
33 58
33 65
33 67
33 69
33 73
33 75
33 83
33 88
33 92
33 96
33 98
33 99
33 101
33 107
33 108
33 118
33 122
33 125
33 126
33 127
33 136
33 137
33 140
33 141
33 146
33 154
33 155
33 156
33 167
33 177
33 184
33 187
33 189
33 192
33 196
33 197
33 199
34 35
34 36
34 37
34 38
34 39
34 30
34 31
34 42
34 46
34 50
34 62
34 66
34 67
34 68
34 69
34 70
34 72
34 78
34 94
34 95
34 96
34 99
34 103
34 110
34 111
34 114
34 116
34 117
34 122
34 126
34 128
34 138
34 139
34 141
34 142
34 143
34 147
34 152
34 154
34 157
34 159
34 161
34 166
34 172
34 174
34 175
34 176
34 177
34 180
34 184
34 185
34 187
34 192
34 193
34 196
34 197
35 36
35 37
35 38
35 39
35 30
35 31
35 41
35 44
35 48
35 52
35 55
35 58
35 62
35 63
35 64
35 65
35 70
35 71
35 83
35 87
35 90
35 91
35 94
35 95
35 98
35 100
35 105
35 107
35 114
35 115
35 116
35 125
35 126
35 127
35 129
35 130
35 132
35 139
35 141
35 143
35 144
35 145
35 153
35 155
35 156
35 160
35 161
35 163
35 166
35 168
35 172
35 175
35 176
35 177
35 179
35 185
35 187
35 193
35 197
35 199
36 37
36 38
36 39
36 30
36 31
36 40
36 41
36 42
36 44
36 45
36 48
36 51
36 53
36 55
36 57
36 63
36 67
36 68
36 70
36 71
36 73
36 74
36 76
36 77
36 78
36 79
36 81
36 82
36 83
36 84
36 90
36 92
36 96
36 98
36 104
36 106
36 110
36 113
36 115
36 119
36 122
36 123
36 126
36 128
36 133
36 134
36 136
36 137
36 142
36 146
36 152
36 156
36 157
36 158
36 163
36 164
36 166
36 168
36 169
36 174
36 175
36 190
36 192
36 195
36 198
37 38
37 39
37 30
37 31
37 40
37 43
37 49
37 50
37 53
37 55
37 58
37 59
37 60
37 61
37 62
37 64
37 65
37 69
37 72
37 78
37 81
37 82
37 83
37 85
37 86
37 90
37 94
37 98
37 101
37 104
37 108
37 110
37 111
37 113
37 117
37 119
37 120
37 123
37 125
37 126
37 127
37 138
37 144
37 145
37 147
37 150
37 156
37 157
37 160
37 162
37 167
37 168
37 170
37 174
37 175
37 176
37 177
37 178
37 179
37 180
37 181
37 188
37 190
37 195
37 196
37 197
37 198
38 39
38 30
38 31
38 40
38 42
38 49
38 51
38 56
38 57
38 73
38 75
38 76
38 80
38 81
38 88
38 89
38 95
38 97
38 99
38 102
38 103
38 104
38 107
38 114
38 121
38 123
38 126
38 127
38 128
38 129
38 130
38 132
38 135
38 139
38 140
38 143
38 148
38 149
38 152
38 154
38 157
38 159
38 161
38 171
38 192
38 194
38 195
39 30
39 31
39 43
39 45
39 46
39 49
39 56
39 58
39 59
39 60
39 63
39 64
39 65
39 68
39 70
39 71
39 72
39 74
39 85
39 87
39 97
39 107
39 118
39 123
39 130
39 134
39 138
39 142
39 143
39 145
39 148
39 154
39 163
39 164
39 166
39 167
39 183
39 185
39 190
39 194
39 197
39 199
30 31
30 40
30 42
30 49
30 53
30 54
30 55
30 56
30 57
30 66
30 67
30 71
30 73
30 79
30 84
30 86
30 90
30 99
30 102
30 104
30 106
30 114
30 115
30 128
30 133
30 137
30 143
30 146
30 150
30 155
30 161
30 164
30 166
30 171
30 174
30 178
30 179
30 184
30 187
30 194
30 197
30 198
31 46
31 48
31 49
31 51
31 53
31 62
31 77
31 83
31 94
31 103
31 105
31 108
31 111
31 112
31 114
31 115
31 116
31 117
31 121
31 122
31 123
31 125
31 131
31 134
31 135
31 141
31 148
31 157
31 162
31 163
31 166
31 172
31 179
31 188
31 189
31 190
31 191
31 196
40 41
40 42
40 43
40 44
40 45
40 46
40 47
40 48
40 49
40 51
40 52
40 54
40 55
40 58
40 62
40 65
40 69
40 72
40 76
40 80
40 85
40 87
40 89
40 99
40 101
40 103
40 108
40 113
40 117
40 120
40 122
40 123
40 125
40 129
40 130
40 131
40 144
40 149
40 151
40 154
40 156
40 158
40 159
40 160
40 161
40 167
40 170
40 172
40 178
40 183
40 186
40 188
40 189
40 193
40 194
41 42
41 43
41 44
41 45
41 46
41 47
41 48
41 49
41 63
41 65
41 70
41 74
41 75
41 81
41 87
41 89
41 90
41 95
41 99
41 100
41 101
41 104
41 109
41 110
41 124
41 129
41 143
41 144
41 146
41 148
41 151
41 152
41 156
41 167
41 176
41 180
41 183
41 185
41 186
41 187
41 188
41 189
41 190
41 194
41 195
41 197
41 198
41 199
42 43
42 44
42 45
42 46
42 47
42 48
42 49
42 50
42 52
42 53
42 54
42 58
42 66
42 69
42 70
42 72
42 81
42 87
42 89
42 90
42 91
42 105
42 106
42 107
42 108
42 111
42 113
42 114
42 117
42 121
42 129
42 133
42 142
42 159
42 168
42 169
42 174
42 180
42 182
42 183
42 190
42 195
42 196
43 44
43 45
43 46
43 47
43 48
43 49
43 50
43 53
43 54
43 55
43 57
43 70
43 72
43 78
43 90
43 91
43 93
43 94
43 99
43 100
43 108
43 109
43 118
43 124
43 131
43 135
43 144
43 146
43 151
43 156
43 163
43 164
43 169
43 170
43 171
43 182
43 183
43 184
43 189
43 197
44 45
44 46
44 47
44 48
44 49
44 51
44 54
44 58
44 61
44 62
44 64
44 67
44 72
44 73
44 75
44 80
44 81
44 82
44 83
44 86
44 88
44 90
44 94
44 96
44 102
44 105
44 115
44 121
44 123
44 127
44 129
44 132
44 133
44 134
44 137
44 139
44 144
44 145
44 147
44 152
44 153
44 157
44 164
44 166
44 168
44 169
44 176
44 180
44 182
44 183
44 187
44 188
44 189
44 191
44 193
44 194
44 196
45 46
45 47
45 48
45 49
45 50
45 64
45 65
45 66
45 67
45 68
45 71
45 72
45 75
45 79
45 83
45 85
45 87
45 92
45 94
45 95
45 97
45 99
45 109
45 110
45 113
45 115
45 116
45 117
45 120
45 123
45 124
45 127
45 128
45 131
45 132
45 133
45 134
45 141
45 142
45 145
45 148
45 159
45 163
45 164
45 165
45 166
45 170
45 171
45 172
45 177
45 181
45 184
45 185
45 186
45 187
45 189
45 190
45 192
45 194
45 197
46 47
46 48
46 49
46 50
46 53
46 54
46 56
46 60
46 63
46 66
46 68
46 70
46 74
46 76
46 79
46 80
46 82
46 85
46 90
46 96
46 98
46 100
46 103
46 106
46 110
46 111
46 113
46 114
46 116
46 117
46 120
46 124
46 130
46 135
46 136
46 147
46 154
46 165
46 167
46 168
46 169
46 170
46 171
46 175
46 176
46 177
46 178
46 179
46 180
46 181
46 185
46 187
46 188
46 191
46 194
46 196
46 197
46 198
47 48
47 49
47 50
47 51
47 53
47 54
47 55
47 57
47 58
47 63
47 76
47 77
47 78
47 79
47 82
47 86
47 87
47 88
47 90
47 95
47 96
47 99
47 101
47 107
47 112
47 117
47 126
47 128
47 130
47 132
47 136
47 138
47 142
47 144
47 145
47 149
47 152
47 153
47 156
47 158
47 161
47 162
47 165
47 167
47 173
47 174
47 183
47 186
47 190
47 195
48 49
48 51
48 53
48 54
48 57
48 58
48 62
48 74
48 82
48 85
48 94
48 96
48 100
48 101
48 108
48 112
48 113
48 128
48 130
48 134
48 135
48 140
48 141
48 148
48 151
48 154
48 155
48 156
48 158
48 161
48 166
48 170
48 173
48 175
48 181
48 183
48 187
48 188
48 189
48 190
48 191
48 193
49 51
49 52
49 53
49 61
49 66
49 76
49 81
49 84
49 90
49 92
49 98
49 100
49 103
49 105
49 111
49 114
49 115
49 116
49 118
49 127
49 131
49 138
49 141
49 143
49 148
49 149
49 155
49 156
49 163
49 167
49 171
49 173
49 179
49 180
49 191
49 195
49 198
50 51
50 52
50 53
50 54
50 55
50 56
50 57
50 58
50 59
50 60
50 61
50 63
50 64
50 70
50 72
50 73
50 75
50 77
50 84
50 89
50 95
50 104
50 105
50 108
50 109
50 112
50 114
50 115
50 116
50 117
50 118
50 124
50 125
50 130
50 134
50 135
50 139
50 141
50 143
50 145
50 146
50 147
50 149
50 151
50 153
50 156
50 157
50 158
50 160
50 168
50 170
50 171
50 172
50 176
50 177
50 178
50 182
50 185
50 187
50 190
50 195
50 196
50 197
51 52
51 53
51 54
51 55
51 56
51 57
51 58
51 59
51 66
51 67
51 69
51 70
51 73
51 76
51 81
51 83
51 89
51 90
51 94
51 97
51 98
51 99
51 103
51 104
51 105
51 107
51 115
51 117
51 118
51 120
51 121
51 126
51 128
51 136
51 138
51 139
51 147
51 148
51 151
51 154
51 156
51 163
51 164
51 167
51 168
51 169
51 171
51 174
51 175
51 186
51 187
51 194
51 196
51 197
52 53
52 54
52 55
52 56
52 57
52 58
52 59
52 61
52 63
52 67
52 73
52 77
52 87
52 89
52 90
52 93
52 94
52 97
52 101
52 110
52 115
52 118
52 119
52 120
52 123
52 125
52 127
52 129
52 131
52 141
52 145
52 151
52 153
52 154
52 156
52 157
52 159
52 160
52 161
52 164
52 168
52 169
52 171
52 172
52 173
52 176
52 178
52 179
52 182
52 191
52 199
53 54
53 55
53 56
53 57
53 58
53 59
53 60
53 61
53 63
53 65
53 68
53 73
53 76
53 84
53 86
53 88
53 101
53 102
53 106
53 107
53 108
53 109
53 111
53 115
53 117
53 118
53 120
53 121
53 122
53 125
53 128
53 129
53 131
53 135
53 137
53 143
53 144
53 163
53 168
53 170
53 175
53 184
53 187
53 194
53 199
54 55
54 56
54 57
54 58
54 59
54 60
54 61
54 63
54 64
54 67
54 68
54 74
54 78
54 81
54 84
54 85
54 87
54 89
54 92
54 94
54 102
54 103
54 120
54 121
54 123
54 125
54 126
54 130
54 135
54 137
54 138
54 144
54 145
54 148
54 149
54 150
54 158
54 159
54 160
54 162
54 165
54 166
54 179
54 182
54 183
54 185
54 187
54 189
54 192
54 193
54 197
55 56
55 57
55 58
55 59
55 63
55 75
55 76
55 79
55 80
55 81
55 82
55 86
55 87
55 90
55 93
55 97
55 103
55 105
55 109
55 112
55 113
55 116
55 119
55 122
55 125
55 127
55 132
55 141
55 144
55 150
55 153
55 157
55 160
55 163
55 166
55 170
55 176
55 177
55 183
55 184
55 185
55 188
55 191
55 195
55 196
56 57
56 58
56 59
56 64
56 65
56 79
56 80
56 83
56 87
56 89
56 91
56 94
56 95
56 96
56 99
56 104
56 105
56 108
56 109
56 112
56 114
56 115
56 121
56 123
56 130
56 135
56 140
56 142
56 143
56 144
56 146
56 154
56 157
56 163
56 174
56 176
56 177
56 181
56 190
56 191
57 58
57 59
57 61
57 62
57 64
57 68
57 69
57 72
57 74
57 81
57 84
57 99
57 101
57 103
57 104
57 108
57 109
57 120
57 122
57 123
57 125
57 126
57 132
57 135
57 137
57 139
57 141
57 142
57 143
57 146
57 149
57 154
57 155
57 165
57 169
57 170
57 173
57 178
57 180
57 185
57 187
57 193
57 195
58 59
58 62
58 65
58 68
58 69
58 70
58 72
58 73
58 75
58 78
58 79
58 82
58 84
58 85
58 87
58 90
58 94
58 97
58 98
58 99
58 100
58 102
58 103
58 108
58 111
58 115
58 116
58 119
58 120
58 123
58 124
58 127
58 130
58 132
58 134
58 142
58 148
58 149
58 152
58 153
58 155
58 157
58 158
58 160
58 162
58 167
58 169
58 170
58 173
58 177
58 182
58 187
58 193
58 194
58 195
58 197
59 60
59 62
59 67
59 68
59 74
59 77
59 79
59 80
59 84
59 91
59 97
59 103
59 104
59 105
59 108
59 111
59 117
59 120
59 121
59 123
59 124
59 126
59 127
59 128
59 145
59 148
59 152
59 153
59 158
59 161
59 163
59 168
59 170
59 173
59 174
59 176
59 180
59 184
59 185
59 194
59 195
59 198
64 65
64 66
64 67
64 68
64 69
64 60
64 61
64 62
64 63
64 70
64 73
64 77
64 84
64 89
64 95
64 101
64 104
64 105
64 112
64 118
64 119
64 120
64 121
64 123
64 130
64 134
64 146
64 148
64 150
64 152
64 155
64 157
64 159
64 173
64 174
64 176
64 177
64 183
64 185
64 187
64 188
64 189
64 191
64 193
64 194
64 196
64 198
64 199
65 66
65 67
65 68
65 69
65 60
65 61
65 62
65 63
65 76
65 84
65 85
65 87
65 89
65 96
65 101
65 103
65 106
65 107
65 109
65 113
65 122
65 124
65 126
65 127
65 138
65 147
65 149
65 150
65 151
65 156
65 158
65 159
65 166
65 167
65 169
65 173
65 175
65 178
65 179
65 184
65 193
65 196
65 199
66 67
66 68
66 69
66 60
66 61
66 62
66 63
66 71
66 73
66 79
66 82
66 85
66 88
66 92
66 93
66 95
66 102
66 106
66 115
66 116
66 121
66 122
66 126
66 134
66 136
66 137
66 138
66 141
66 142
66 145
66 146
66 151
66 156
66 159
66 165
66 174
66 179
66 189
66 198
66 199
67 68
67 69
67 60
67 61
67 62
67 63
67 71
67 75
67 77
67 78
67 84
67 88
67 91
67 95
67 96
67 97
67 98
67 99
67 100
67 101
67 106
67 112
67 114
67 115
67 118
67 121
67 122
67 124
67 127
67 128
67 133
67 134
67 136
67 141
67 143
67 144
67 147
67 153
67 156
67 157
67 158
67 159
67 160
67 161
67 162
67 163
67 166
67 169
67 170
67 173
67 175
67 178
67 179
67 180
67 182
67 185
67 190
67 192
67 193
67 195
67 196
67 199
68 69
68 60
68 61
68 62
68 63
68 74
68 75
68 80
68 85
68 86
68 88
68 95
68 99
68 106
68 108
68 113
68 114
68 115
68 116
68 121
68 124
68 127
68 129
68 133
68 135
68 138
68 139
68 140
68 145
68 148
68 151
68 153
68 159
68 160
68 163
68 173
68 175
68 184
68 185
68 191
68 192
68 194
68 195
69 60
69 61
69 62
69 63
69 74
69 75
69 76
69 80
69 81
69 83
69 85
69 87
69 88
69 90
69 91
69 93
69 95
69 96
69 99
69 100
69 105
69 107
69 108
69 110
69 111
69 117
69 119
69 120
69 122
69 129
69 134
69 136
69 142
69 143
69 144
69 148
69 149
69 153
69 157
69 159
69 160
69 162
69 168
69 172
69 179
69 186
69 187
69 188
69 191
69 196
69 198
60 61
60 62
60 63
60 70
60 73
60 74
60 76
60 80
60 81
60 87
60 91
60 95
60 99
60 100
60 101
60 110
60 112
60 113
60 115
60 119
60 123
60 129
60 131
60 134
60 137
60 140
60 142
60 143
60 146
60 154
60 156
60 175
60 180
60 188
60 189
60 190
60 192
60 193
61 62
61 63
61 77
61 79
61 85
61 87
61 88
61 91
61 92
61 97
61 99
61 109
61 110
61 112
61 113
61 119
61 121
61 122
61 126
61 128
61 129
61 132
61 138
61 140
61 144
61 146
61 147
61 149
61 152
61 157
61 161
61 168
61 169
61 177
61 179
61 181
61 182
61 185
61 186
61 192
61 193
61 194
61 196
62 63
62 72
62 75
62 79
62 81
62 84
62 86
62 91
62 94
62 100
62 102
62 103
62 105
62 106
62 113
62 114
62 118
62 120
62 126
62 129
62 130
62 131
62 136
62 137
62 138
62 139
62 140
62 141
62 145
62 147
62 151
62 160
62 162
62 163
62 164
62 165
62 166
62 172
62 178
62 179
62 180
62 181
62 184
62 189
62 194
62 198
62 199
63 70
63 74
63 75
63 76
63 79
63 80
63 81
63 90
63 95
63 101
63 103
63 104
63 108
63 113
63 115
63 117
63 123
63 128
63 129
63 131
63 133
63 136
63 137
63 139
63 141
63 143
63 144
63 147
63 151
63 152
63 157
63 158
63 161
63 164
63 168
63 170
63 177
63 184
63 188
63 189
63 191
63 194
63 198
70 71
70 72
70 73
70 74
70 75
70 76
70 77
70 78
70 79
70 81
70 96
70 97
70 101
70 111
70 112
70 114
70 117
70 118
70 122
70 129
70 131
70 132
70 133
70 134
70 137
70 142
70 144
70 145
70 149
70 156
70 157
70 168
70 174
70 177
70 179
70 180
70 183
70 185
70 187
70 190
70 192
70 196
71 72
71 73
71 74
71 75
71 76
71 77
71 78
71 79
71 83
71 86
71 95
71 97
71 99
71 101
71 112
71 116
71 118
71 124
71 129
71 131
71 138
71 139
71 143
71 146
71 149
71 153
71 165
71 171
71 176
71 184
71 195
71 196
71 198
72 73
72 74
72 75
72 76
72 77
72 78
72 79
72 85
72 87
72 88
72 90
72 91
72 93
72 107
72 108
72 109
72 110
72 112
72 114
72 116
72 118
72 129
72 130
72 131
72 134
72 136
72 141
72 149
72 151
72 152
72 154
72 157
72 161
72 164
72 170
72 173
72 175
72 181
72 183
72 190
72 192
72 198
73 74
73 75
73 76
73 77
73 78
73 79
73 83
73 84
73 87
73 98
73 103
73 104
73 110
73 111
73 114
73 116
73 117
73 119
73 120
73 122
73 135
73 139
73 141
73 142
73 143
73 144
73 145
73 148
73 153
73 155
73 158
73 161
73 166
73 167
73 169
73 172
73 174
73 179
73 181
73 184
73 186
73 188
73 189
73 191
73 192
73 193
73 195
73 196
73 198
74 75
74 76
74 77
74 78
74 79
74 81
74 83
74 94
74 105
74 107
74 108
74 110
74 112
74 119
74 122
74 128
74 129
74 131
74 133
74 142
74 150
74 152
74 157
74 161
74 163
74 164
74 167
74 178
74 180
74 181
74 186
74 198
74 199
75 76
75 77
75 78
75 79
75 80
75 81
75 83
75 89
75 92
75 93
75 96
75 97
75 114
75 119
75 122
75 124
75 127
75 128
75 129
75 131
75 136
75 140
75 144
75 146
75 150
75 154
75 159
75 162
75 167
75 173
75 180
75 182
75 184
75 185
75 186
75 190
75 192
75 195
75 198
75 199
76 77
76 78
76 79
76 88
76 90
76 94
76 95
76 98
76 99
76 102
76 103
76 105
76 112
76 114
76 123
76 124
76 125
76 126
76 132
76 134
76 135
76 138
76 143
76 146
76 151
76 160
76 162
76 163
76 171
76 174
76 177
76 182
76 186
77 78
77 79
77 81
77 82
77 84
77 90
77 91
77 96
77 100
77 101
77 105
77 106
77 108
77 114
77 118
77 119
77 128
77 132
77 137
77 145
77 150
77 152
77 159
77 161
77 163
77 164
77 171
77 174
77 183
77 185
77 186
77 187
77 191
77 193
77 198
77 199
78 79
78 82
78 85
78 88
78 90
78 93
78 96
78 97
78 98
78 101
78 102
78 103
78 104
78 106
78 107
78 109
78 111
78 112
78 116
78 117
78 120
78 124
78 133
78 139
78 143
78 144
78 151
78 155
78 156
78 158
78 159
78 160
78 165
78 169
78 181
78 189
78 190
78 198
78 199
79 80
79 81
79 83
79 91
79 92
79 93
79 95
79 97
79 107
79 108
79 109
79 110
79 119
79 120
79 123
79 125
79 131
79 133
79 135
79 136
79 138
79 143
79 145
79 149
79 150
79 152
79 155
79 156
79 159
79 161
79 163
79 171
79 172
79 173
79 180
79 182
79 183
79 184
79 186
79 187
79 190
80 81
80 82
80 83
80 84
80 85
80 86
80 87
80 88
80 89
80 91
80 93
80 96
80 97
80 99
80 106
80 107
80 109
80 110
80 111
80 115
80 117
80 119
80 120
80 122
80 130
80 131
80 134
80 136
80 137
80 142
80 155
80 163
80 166
80 167
80 168
80 171
80 176
80 178
80 181
80 183
80 184
80 185
80 186
80 188
80 190
80 192
80 193
80 195
81 82
81 83
81 84
81 85
81 86
81 87
81 88
81 89
81 91
81 94
81 97
81 99
81 102
81 107
81 109
81 119
81 123
81 124
81 126
81 129
81 138
81 140
81 142
81 146
81 148
81 157
81 162
81 164
81 166
81 172
81 174
81 176
81 194
81 196
82 83
82 84
82 85
82 86
82 87
82 88
82 89
82 90
82 94
82 95
82 100
82 107
82 110
82 113
82 125
82 126
82 129
82 134
82 137
82 138
82 141
82 142
82 147
82 149
82 160
82 162
82 164
82 165
82 167
82 173
82 177
82 186
82 190
82 193
82 194
82 197
82 199
83 84
83 85
83 86
83 87
83 88
83 89
83 96
83 104
83 106
83 114
83 117
83 118
83 119
83 122
83 124
83 129
83 130
83 131
83 137
83 141
83 142
83 144
83 145
83 149
83 153
83 154
83 156
83 157
83 172
83 176
83 178
83 184
83 191
83 193
83 197
84 85
84 86
84 87
84 88
84 89
84 97
84 98
84 99
84 102
84 103
84 109
84 112
84 113
84 115
84 119
84 121
84 122
84 123
84 131
84 132
84 133
84 148
84 151
84 155
84 156
84 159
84 160
84 162
84 163
84 166
84 171
84 174
84 184
84 186
84 187
84 190
84 191
84 193
84 194
84 196
84 199
85 86
85 87
85 88
85 89
85 90
85 92
85 95
85 102
85 103
85 106
85 107
85 108
85 109
85 115
85 118
85 119
85 122
85 124
85 126
85 128
85 135
85 137
85 138
85 140
85 144
85 146
85 151
85 152
85 153
85 155
85 159
85 160
85 165
85 166
85 170
85 171
85 172
85 176
85 177
85 178
85 179
85 188
85 189
85 192
85 196
85 199
86 87
86 88
86 89
86 91
86 96
86 102
86 103
86 105
86 107
86 110
86 111
86 114
86 115
86 116
86 119
86 121
86 123
86 134
86 139
86 140
86 146
86 148
86 152
86 156
86 157
86 159
86 160
86 164
86 165
86 168
86 172
86 173
86 175
86 176
86 181
86 185
86 186
86 187
86 189
86 190
86 196
87 88
87 89
87 91
87 95
87 101
87 102
87 104
87 110
87 111
87 115
87 116
87 118
87 119
87 121
87 130
87 150
87 156
87 157
87 158
87 165
87 169
87 170
87 181
87 185
87 186
87 188
87 197
88 89
88 92
88 103
88 104
88 107
88 117
88 119
88 122
88 123
88 124
88 134
88 137
88 144
88 147
88 151
88 155
88 166
88 167
88 168
88 172
88 174
88 175
88 178
88 179
88 180
88 189
88 190
88 191
88 195
88 198
89 94
89 105
89 110
89 111
89 112
89 113
89 114
89 115
89 121
89 122
89 127
89 129
89 134
89 139
89 149
89 154
89 155
89 158
89 161
89 162
89 163
89 164
89 167
89 171
89 180
89 182
89 183
89 185
89 191
89 192
89 195
89 196
89 199
96 97
96 98
96 99
96 90
96 91
96 92
96 93
96 94
96 95
96 102
96 104
96 108
96 111
96 119
96 120
96 123
96 124
96 125
96 127
96 138
96 145
96 147
96 149
96 151
96 153
96 159
96 162
96 167
96 176
96 179
96 180
96 183
96 184
96 187
96 193
96 195
96 196
96 197
97 98
97 99
97 90
97 91
97 92
97 93
97 94
97 95
97 102
97 104
97 105
97 108
97 110
97 111
97 115
97 116
97 119
97 122
97 123
97 125
97 127
97 133
97 135
97 141
97 142
97 146
97 148
97 151
97 152
97 155
97 158
97 161
97 163
97 165
97 169
97 170
97 171
97 174
97 176
97 184
97 188
97 193
97 194
98 99
98 90
98 91
98 92
98 93
98 94
98 95
98 100
98 104
98 108
98 112
98 113
98 114
98 116
98 129
98 131
98 140
98 142
98 144
98 149
98 150
98 152
98 153
98 155
98 156
98 158
98 161
98 165
98 167
98 173
98 176
98 179
98 181
98 182
98 183
98 185
98 187
98 190
98 193
98 194
98 195
98 197
99 90
99 91
99 92
99 93
99 94
99 95
99 101
99 103
99 104
99 106
99 108
99 109
99 111
99 117
99 121
99 128
99 132
99 133
99 135
99 138
99 140
99 141
99 142
99 145
99 149
99 157
99 164
99 178
99 180
99 186
99 188
99 189
99 191
99 195
99 197
99 198
90 91
90 92
90 93
90 94
90 95
90 100
90 103
90 107
90 115
90 116
90 118
90 119
90 130
90 133
90 138
90 140
90 143
90 144
90 152
90 154
90 155
90 156
90 160
90 164
90 165
90 175
90 177
90 178
90 183
90 190
90 193
91 92
91 93
91 94
91 95
91 102
91 109
91 111
91 113
91 115
91 116
91 118
91 119
91 121
91 125
91 127
91 143
91 146
91 147
91 155
91 158
91 160
91 165
91 169
91 172
91 174
91 175
91 177
91 180
91 182
91 185
91 189
91 190
91 191
91 195
91 198
92 93
92 94
92 95
92 106
92 107
92 108
92 109
92 114
92 117
92 120
92 124
92 128
92 129
92 130
92 133
92 138
92 139
92 141
92 145
92 147
92 148
92 150
92 151
92 152
92 155
92 159
92 161
92 165
92 169
92 170
92 172
92 176
92 182
92 183
92 184
92 194
92 195
92 198
93 94
93 95
93 102
93 103
93 104
93 105
93 109
93 110
93 112
93 117
93 127
93 129
93 133
93 139
93 142
93 144
93 147
93 149
93 163
93 165
93 168
93 176
93 178
93 180
93 181
93 183
93 184
93 187
93 189
93 191
93 194
93 195
93 199
94 95
94 100
94 101
94 102
94 103
94 106
94 107
94 112
94 119
94 122
94 123
94 128
94 129
94 137
94 138
94 139
94 141
94 147
94 148
94 149
94 153
94 154
94 158
94 169
94 170
94 188
94 193
94 194
94 198
94 199
95 105
95 107
95 108
95 110
95 114
95 127
95 134
95 145
95 149
95 150
95 152
95 155
95 156
95 158
95 162
95 163
95 172
95 185
95 189
95 191
95 197
100 101
100 102
100 103
100 104
100 105
100 106
100 107
100 108
100 109
100 113
100 116
100 117
100 118
100 119
100 120
100 123
100 124
100 125
100 126
100 127
100 128
100 130
100 137
100 145
100 146
100 149
100 152
100 153
100 155
100 156
100 157
100 163
100 164
100 169
100 175
100 176
100 177
100 178
100 180
100 182
100 187
100 188
100 189
100 193
100 194
101 102
101 103
101 104
101 105
101 106
101 107
101 108
101 109
101 111
101 123
101 124
101 126
101 127
101 129
101 140
101 158
101 159
101 166
101 171
101 176
101 177
101 183
101 184
101 194
101 196
102 103
102 104
102 105
102 106
102 107
102 108
102 109
102 111
102 116
102 126
102 129
102 137
102 142
102 145
102 146
102 164
102 165
102 166
102 169
102 170
102 172
102 173
102 175
102 177
102 178
102 179
102 180
102 181
102 185
102 187
102 192
102 193
102 194
102 195
103 104
103 105
103 106
103 107
103 108
103 109
103 111
103 113
103 114
103 121
103 122
103 127
103 129
103 135
103 136
103 137
103 138
103 139
103 142
103 147
103 149
103 152
103 153
103 155
103 160
103 161
103 162
103 167
103 169
103 171
103 172
103 175
103 179
103 185
103 186
103 187
103 191
103 194
103 198
103 199
104 105
104 106
104 107
104 108
104 109
104 112
104 119
104 120
104 127
104 128
104 130
104 145
104 147
104 148
104 150
104 153
104 155
104 159
104 160
104 164
104 165
104 166
104 168
104 171
104 181
104 184
104 189
104 193
104 197
105 106
105 107
105 108
105 109
105 112
105 113
105 114
105 117
105 124
105 129
105 130
105 131
105 133
105 135
105 138
105 141
105 143
105 145
105 148
105 154
105 158
105 162
105 164
105 166
105 168
105 176
105 177
105 178
105 183
105 192
105 193
105 194
105 199
106 107
106 108
106 109
106 112
106 114
106 126
106 128
106 136
106 142
106 144
106 145
106 146
106 156
106 158
106 161
106 164
106 166
106 169
106 170
106 172
106 173
106 175
106 182
106 183
106 194
106 196
107 108
107 109
107 110
107 111
107 112
107 113
107 114
107 116
107 117
107 121
107 127
107 130
107 136
107 137
107 138
107 156
107 158
107 163
107 167
107 169
107 172
107 173
107 176
107 182
107 183
107 186
107 187
107 188
107 192
107 194
107 195
107 196
108 109
108 114
108 117
108 120
108 121
108 123
108 128
108 132
108 134
108 136
108 137
108 142
108 144
108 146
108 147
108 148
108 149
108 155
108 156
108 158
108 159
108 166
108 169
108 171
108 174
108 176
108 178
108 183
108 185
108 186
108 189
108 192
108 193
108 194
108 196
108 198
109 116
109 117
109 120
109 124
109 132
109 133
109 139
109 144
109 145
109 146
109 149
109 152
109 153
109 155
109 158
109 162
109 165
109 169
109 173
109 175
109 184
109 186
109 188
109 191
109 197
109 198
109 199
110 111
110 112
110 113
110 114
110 115
110 116
110 117
110 118
110 119
110 121
110 125
110 127
110 129
110 137
110 139
110 141
110 146
110 147
110 154
110 159
110 164
110 165
110 168
110 170
110 173
110 175
110 178
110 180
110 185
110 186
110 187
110 188
110 190
110 194
110 199
111 112
111 113
111 114
111 115
111 116
111 117
111 118
111 119
111 126
111 129
111 132
111 135
111 138
111 143
111 145
111 148
111 150
111 156
111 158
111 161
111 164
111 165
111 170
111 171
111 177
111 178
111 181
111 187
111 189
111 190
111 195
111 197
112 113
112 114
112 115
112 116
112 117
112 118
112 119
112 123
112 126
112 131
112 133
112 134
112 136
112 137
112 139
112 144
112 148
112 154
112 156
112 158
112 167
112 169
112 172
112 173
112 174
112 178
112 179
112 180
112 182
112 183
112 188
112 189
112 197
113 114
113 115
113 116
113 117
113 118
113 119
113 120
113 125
113 126
113 134
113 135
113 136
113 138
113 142
113 145
113 148
113 149
113 151
113 154
113 157
113 160
113 168
113 171
113 172
113 173
113 174
113 176
113 179
113 184
113 186
113 188
113 190
113 191
113 196
113 198
114 115
114 116
114 117
114 118
114 119
114 120
114 121
114 122
114 124
114 125
114 126
114 128
114 129
114 130
114 135
114 141
114 143
114 149
114 150
114 152
114 155
114 156
114 159
114 163
114 166
114 167
114 169
114 170
114 177
114 178
114 180
114 182
114 183
114 185
114 186
114 191
114 194
114 197
115 116
115 117
115 118
115 119
115 120
115 124
115 129
115 134
115 136
115 138
115 139
115 144
115 148
115 149
115 153
115 156
115 160
115 161
115 162
115 163
115 167
115 168
115 170
115 171
115 175
115 182
115 186
115 187
115 188
115 191
115 193
115 195
115 198
116 117
116 118
116 119
116 121
116 122
116 129
116 132
116 133
116 134
116 139
116 143
116 151
116 156
116 172
116 176
116 178
116 184
116 186
116 194
116 199
117 118
117 119
117 121
117 124
117 125
117 127
117 128
117 130
117 131
117 135
117 136
117 137
117 139
117 143
117 144
117 146
117 147
117 150
117 151
117 152
117 155
117 157
117 164
117 165
117 173
117 175
117 182
117 183
117 185
117 189
117 193
117 194
118 119
118 120
118 121
118 137
118 138
118 139
118 142
118 145
118 146
118 147
118 149
118 150
118 153
118 159
118 161
118 164
118 165
118 166
118 178
118 182
118 187
118 196
118 199
119 120
119 124
119 128
119 135
119 137
119 138
119 140
119 145
119 146
119 147
119 149
119 150
119 157
119 165
119 167
119 168
119 173
119 181
119 183
119 184
119 193
119 196
119 199
128 129
128 120
128 121
128 122
128 123
128 124
128 125
128 126
128 127
128 130
128 138
128 142
128 145
128 146
128 149
128 153
128 155
128 158
128 163
128 164
128 165
128 169
128 171
128 176
128 178
128 180
128 181
128 182
128 188
128 189
128 190
128 192
128 194
128 197
129 120
129 121
129 122
129 123
129 124
129 125
129 126
129 127
129 132
129 133
129 135
129 138
129 141
129 143
129 144
129 148
129 149
129 156
129 160
129 161
129 167
129 168
129 169
129 172
129 173
129 175
129 176
129 182
129 183
129 190
129 191
129 192
120 121
120 122
120 123
120 124
120 125
120 126
120 127
120 133
120 135
120 136
120 138
120 139
120 141
120 145
120 147
120 150
120 153
120 155
120 156
120 158
120 160
120 162
120 165
120 174
120 175
120 177
120 181
120 191
120 193
120 196
120 198
121 122
121 123
121 124
121 125
121 126
121 127
121 131
121 134
121 136
121 143
121 144
121 145
121 149
121 153
121 158
121 162
121 167
121 168
121 169
121 173
121 176
121 179
121 180
121 188
121 189
121 194
121 196
121 197
122 123
122 124
122 125
122 126
122 127
122 134
122 136
122 138
122 140
122 141
122 146
122 147
122 148
122 153
122 155
122 157
122 158
122 161
122 162
122 166
122 173
122 177
122 179
122 181
122 183
122 185
122 186
122 191
122 195
122 197
123 124
123 125
123 126
123 127
123 134
123 136
123 141
123 154
123 158
123 159
123 160
123 162
123 163
123 164
123 167
123 170
123 176
123 178
123 186
123 191
123 195
123 196
123 199
124 125
124 126
124 127
124 130
124 139
124 141
124 147
124 148
124 150
124 153
124 154
124 155
124 156
124 157
124 159
124 160
124 162
124 170
124 171
124 172
124 175
124 176
124 181
124 184
124 185
124 189
124 192
124 196
125 126
125 127
125 131
125 133
125 134
125 137
125 153
125 155
125 156
125 164
125 165
125 168
125 169
125 173
125 174
125 178
125 179
125 182
125 183
125 185
125 186
125 187
125 193
125 195
125 198
125 199
126 127
126 133
126 134
126 136
126 139
126 141
126 142
126 144
126 145
126 149
126 150
126 151
126 154
126 161
126 163
126 169
126 173
126 176
126 177
126 181
126 182
126 184
126 185
126 189
126 190
126 193
126 195
126 198
126 199
127 133
127 136
127 137
127 138
127 143
127 150
127 154
127 155
127 157
127 159
127 160
127 168
127 169
127 173
127 178
127 180
127 181
127 183
127 186
127 190
127 191
127 194
127 196
130 131
130 132
130 133
130 134
130 135
130 136
130 137
130 138
130 139
130 143
130 150
130 151
130 154
130 161
130 162
130 163
130 165
130 166
130 167
130 168
130 171
130 172
130 179
130 182
130 192
130 194
130 199
131 132
131 133
131 134
131 135
131 136
131 137
131 138
131 139
131 140
131 142
131 143
131 144
131 151
131 157
131 158
131 159
131 160
131 165
131 167
131 169
131 170
131 178
131 185
131 188
131 189
131 190
131 197
132 133
132 134
132 135
132 136
132 137
132 138
132 139
132 142
132 145
132 147
132 149
132 150
132 151
132 154
132 162
132 163
132 168
132 171
132 174
132 177
132 178
132 182
132 183
132 185
132 188
132 189
132 192
133 134
133 135
133 136
133 137
133 138
133 139
133 143
133 144
133 147
133 151
133 152
133 153
133 163
133 165
133 167
133 168
133 174
133 177
133 184
133 189
133 191
133 197
133 199
134 135
134 136
134 137
134 138
134 139
134 141
134 144
134 155
134 156
134 158
134 161
134 164
134 167
134 169
134 172
134 178
134 179
134 190
134 191
134 192
135 136
135 137
135 138
135 139
135 141
135 144
135 146
135 152
135 153
135 156
135 158
135 162
135 163
135 168
135 174
135 183
135 185
135 189
135 190
135 192
135 198
136 137
136 138
136 139
136 146
136 147
136 154
136 161
136 162
136 166
136 168
136 169
136 173
136 175
136 179
136 180
136 184
136 193
136 195
136 197
136 198
136 199
137 138
137 139
137 143
137 149
137 151
137 156
137 162
137 164
137 169
137 171
137 172
137 177
137 181
137 182
137 187
137 194
137 196
138 139
138 140
138 144
138 147
138 150
138 158
138 160
138 168
138 170
138 175
138 181
138 185
138 187
138 193
138 196
139 143
139 145
139 146
139 147
139 158
139 168
139 169
139 172
139 175
139 179
139 181
139 191
139 193
139 199
140 141
140 142
140 143
140 144
140 145
140 146
140 147
140 148
140 149
140 166
140 167
140 170
140 172
140 173
140 176
140 179
140 181
140 183
140 185
140 186
140 191
140 193
140 196
141 142
141 143
141 144
141 145
141 146
141 147
141 148
141 149
141 160
141 161
141 163
141 166
141 167
141 168
141 169
141 182
141 183
141 184
141 186
141 191
141 194
141 198
142 143
142 144
142 145
142 146
142 147
142 148
142 149
142 151
142 153
142 157
142 162
142 164
142 169
142 174
142 178
142 179
142 180
142 182
142 191
142 198
143 144
143 145
143 146
143 147
143 148
143 149
143 154
143 163
143 165
143 169
143 170
143 171
143 174
143 177
143 180
143 186
143 189
143 194
143 197
144 145
144 146
144 147
144 148
144 149
144 152
144 153
144 155
144 156
144 159
144 162
144 166
144 167
144 169
144 170
144 175
144 178
144 180
144 183
144 184
144 185
144 186
144 190
144 191
144 194
144 195
144 197
145 146
145 147
145 148
145 149
145 152
145 153
145 155
145 159
145 164
145 168
145 169
145 176
145 184
145 185
145 188
145 189
146 147
146 148
146 149
146 153
146 154
146 155
146 157
146 163
146 166
146 167
146 171
146 176
146 177
146 184
146 189
146 191
146 193
146 197
146 199
147 148
147 149
147 151
147 163
147 165
147 168
147 169
147 170
147 175
147 176
147 178
147 183
147 184
147 185
147 189
147 192
148 149
148 150
148 152
148 165
148 171
148 179
148 180
148 181
148 182
148 185
148 186
148 189
148 196
149 154
149 159
149 167
149 175
149 177
149 179
149 188
149 198
150 151
150 152
150 153
150 154
150 155
150 156
150 157
150 158
150 159
150 162
150 168
150 175
150 184
150 185
150 187
150 195
150 197
150 198
151 152
151 153
151 154
151 155
151 156
151 157
151 158
151 159
151 160
151 164
151 166
151 167
151 170
151 171
151 177
151 187
151 190
151 192
151 193
151 195
151 197
152 153
152 154
152 155
152 156
152 157
152 158
152 159
152 162
152 176
152 177
152 178
152 180
152 184
152 189
152 194
152 195
152 198
153 154
153 155
153 156
153 157
153 158
153 159
153 160
153 163
153 164
153 165
153 166
153 168
153 177
153 181
153 185
153 188
153 192
153 198
154 155
154 156
154 157
154 158
154 159
154 160
154 161
154 163
154 165
154 169
154 173
154 177
154 179
154 180
154 181
154 185
154 191
154 192
154 196
154 197
155 156
155 157
155 158
155 159
155 166
155 169
155 170
155 171
155 173
155 174
155 178
155 182
155 186
155 194
155 197
156 157
156 158
156 159
156 162
156 164
156 165
156 180
156 182
156 183
156 185
156 187
156 188
156 193
157 158
157 159
157 160
157 162
157 167
157 171
157 174
157 177
157 178
157 180
157 182
157 186
157 189
157 193
157 196
157 198
157 199
158 159
158 160
158 169
158 172
158 179
158 181
158 182
158 183
158 185
158 187
158 190
158 191
158 197
158 199
159 163
159 164
159 168
159 171
159 176
159 177
159 179
159 180
159 181
159 185
159 189
159 198
160 161
160 162
160 163
160 164
160 165
160 166
160 167
160 168
160 169
160 172
160 174
160 175
160 177
160 178
160 180
160 183
160 188
160 192
160 194
161 162
161 163
161 164
161 165
161 166
161 167
161 168
161 169
161 171
161 173
161 174
161 175
161 179
161 181
161 182
161 186
161 188
161 190
161 191
161 196
162 163
162 164
162 165
162 166
162 167
162 168
162 169
162 172
162 174
162 178
162 181
162 182
162 183
162 186
162 191
162 199
163 164
163 165
163 166
163 167
163 168
163 169
163 172
163 173
163 176
163 177
163 179
163 183
163 184
163 185
163 189
163 197
164 165
164 166
164 167
164 168
164 169
164 170
164 172
164 174
164 184
164 187
164 189
164 192
164 196
164 198
165 166
165 167
165 168
165 169
165 172
165 176
165 177
165 178
165 184
165 189
165 191
165 194
165 195
165 196
165 197
166 167
166 168
166 169
166 171
166 172
166 175
166 183
166 185
166 186
166 187
166 188
166 190
166 191
166 193
166 197
166 198
167 168
167 169
167 179
167 182
167 183
167 187
167 188
167 191
167 192
168 169
168 188
168 192
168 193
168 195
168 196
168 199
169 171
169 172
169 176
169 180
169 182
169 183
169 185
169 187
169 188
169 189
169 199
170 171
170 172
170 173
170 174
170 175
170 176
170 177
170 178
170 179
170 182
170 183
170 186
170 189
170 192
170 195
171 172
171 173
171 174
171 175
171 176
171 177
171 178
171 179
171 180
171 182
171 186
171 189
171 190
171 198
171 199
172 173
172 174
172 175
172 176
172 177
172 178
172 179
172 180
172 184
172 192
172 194
172 197
172 199
173 174
173 175
173 176
173 177
173 178
173 179
173 180
173 182
173 184
173 186
173 189
173 195
174 175
174 176
174 177
174 178
174 179
174 180
174 182
174 183
174 184
174 185
174 186
174 187
174 188
174 190
174 191
174 193
174 196
174 197
174 198
175 176
175 177
175 178
175 179
175 182
175 188
175 191
175 194
176 177
176 178
176 179
176 182
176 183
176 187
176 190
176 191
176 194
176 199
177 178
177 179
177 182
177 184
177 185
177 186
178 179
178 181
178 192
178 193
178 197
178 199
179 181
179 183
179 184
179 185
179 187
179 191
179 194
180 181
180 182
180 183
180 184
180 185
180 186
180 187
180 188
180 189
180 190
180 191
180 192
180 194
180 197
181 182
181 183
181 184
181 185
181 186
181 187
181 188
181 189
181 191
181 192
181 193
181 197
182 183
182 184
182 185
182 186
182 187
182 188
182 189
182 191
182 192
182 193
182 195
182 198
183 184
183 185
183 186
183 187
183 188
183 189
183 191
183 192
183 194
183 198
184 185
184 186
184 187
184 188
184 189
184 196
185 186
185 187
185 188
185 189
185 196
186 187
186 188
186 189
186 191
186 193
186 195
186 197
186 198
186 199
187 188
187 189
187 190
187 191
187 193
187 196
187 197
187 199
188 189
188 191
188 194
188 199
189 192
189 195
189 196
192 193
192 194
192 195
192 196
192 197
192 198
192 199
192 190
192 191
193 194
193 195
193 196
193 197
193 198
193 199
193 190
193 191
194 195
194 196
194 197
194 198
194 199
194 190
194 191
195 196
195 197
195 198
195 199
195 190
195 191
196 197
196 198
196 199
196 190
196 191
197 198
197 199
197 190
197 191
198 199
198 190
198 191
199 190
199 191
190 191
