# 7276 edges
0 1
0 2
0 3
0 4
0 5
0 6
0 7
0 8
0 9
0 19
0 21
0 23
0 45
0 47
0 49
0 57
0 58
0 59
0 62
0 63
0 65
0 66
0 67
0 71
0 78
0 82
0 88
0 89
0 91
0 99
0 102
0 112
0 118
0 120
0 121
0 127
0 128
0 135
0 136
0 138
0 141
0 144
0 146
0 150
0 156
0 166
0 167
0 168
0 176
0 179
0 184
0 185
0 191
0 192
0 194
0 200
0 213
0 217
0 226
0 227
0 228
0 240
0 241
0 247
1 2
1 3
1 4
1 5
1 6
1 7
1 8
1 9
1 16
1 18
1 20
1 25
1 29
1 32
1 33
1 35
1 36
1 40
1 56
1 63
1 64
1 68
1 72
1 89
1 97
1 108
1 122
1 129
1 131
1 132
1 133
1 135
1 144
1 152
1 154
1 156
1 157
1 158
1 159
1 165
1 166
1 168
1 170
1 173
1 179
1 181
1 182
1 188
1 189
1 205
1 209
1 222
1 230
1 236
1 237
1 238
1 246
2 3
2 4
2 5
2 6
2 7
2 8
2 9
2 13
2 14
2 18
2 21
2 27
2 31
2 35
2 39
2 44
2 47
2 49
2 51
2 52
2 59
2 70
2 74
2 77
2 80
2 86
2 93
2 94
2 95
2 104
2 106
2 111
2 115
2 121
2 125
2 129
2 132
2 136
2 140
2 143
2 147
2 169
2 180
2 184
2 190
2 207
2 209
2 212
2 214
2 217
2 218
2 220
2 237
2 240
2 242
2 244
3 4
3 5
3 6
3 7
3 8
3 9
3 10
3 31
3 34
3 36
3 51
3 55
3 69
3 71
3 72
3 75
3 77
3 81
3 83
3 88
3 94
3 98
3 102
3 107
3 109
3 112
3 114
3 117
3 149
3 151
3 178
3 183
3 189
3 190
3 209
3 216
3 219
3 226
3 227
3 235
3 236
3 237
3 242
3 246
4 5
4 6
4 7
4 8
4 9
4 13
4 19
4 20
4 35
4 36
4 39
4 50
4 58
4 60
4 66
4 74
4 84
4 86
4 91
4 98
4 103
4 111
4 127
4 130
4 131
4 134
4 141
4 149
4 151
4 153
4 154
4 156
4 162
4 167
4 186
4 187
4 196
4 200
4 201
4 204
4 206
4 214
4 219
4 242
4 245
5 6
5 7
5 8
5 9
5 10
5 11
5 16
5 34
5 39
5 48
5 59
5 66
5 72
5 77
5 79
5 81
5 96
5 98
5 100
5 102
5 110
5 111
5 112
5 113
5 115
5 119
5 124
5 127
5 129
5 130
5 139
5 142
5 145
5 152
5 155
5 158
5 161
5 162
5 167
5 168
5 169
5 172
5 174
5 180
5 200
5 202
5 205
5 206
5 209
5 219
5 226
5 233
5 238
5 241
5 242
5 246
6 7
6 8
6 9
6 19
6 29
6 32
6 33
6 37
6 39
6 42
6 47
6 53
6 54
6 55
6 56
6 58
6 69
6 71
6 75
6 84
6 89
6 94
6 95
6 109
6 114
6 115
6 121
6 125
6 129
6 133
6 143
6 155
6 161
6 164
6 177
6 179
6 182
6 184
6 186
6 189
6 193
6 196
6 200
6 213
6 217
6 221
6 224
6 233
6 244
7 8
7 9
7 11
7 25
7 27
7 29
7 30
7 34
7 37
7 40
7 48
7 51
7 62
7 67
7 73
7 78
7 84
7 86
7 88
7 92
7 96
7 102
7 105
7 107
7 112
7 118
7 124
7 133
7 135
7 144
7 153
7 158
7 162
7 165
7 166
7 168
7 171
7 174
7 176
7 186
7 189
7 194
7 197
7 204
7 207
7 209
7 211
7 219
7 223
7 227
7 233
7 235
7 236
7 237
7 241
7 243
8 9
8 14
8 18
8 20
8 31
8 35
8 39
8 44
8 45
8 46
8 48
8 49
8 54
8 56
8 57
8 66
8 79
8 81
8 89
8 93
8 102
8 103
8 107
8 108
8 110
8 113
8 114
8 117
8 118
8 120
8 121
8 126
8 136
8 138
8 140
8 144
8 146
8 152
8 153
8 155
8 160
8 169
8 173
8 176
8 180
8 181
8 183
8 186
8 188
8 203
8 211
8 222
8 226
8 231
8 233
8 244
8 245
8 249
9 11
9 13
9 18
9 24
9 31
9 33
9 34
9 39
9 41
9 45
9 49
9 50
9 52
9 54
9 55
9 64
9 81
9 86
9 87
9 91
9 93
9 97
9 102
9 103
9 116
9 118
9 131
9 133
9 134
9 137
9 145
9 147
9 152
9 153
9 164
9 166
9 174
9 178
9 187
9 200
9 201
9 208
9 216
9 220
9 222
9 226
9 236
9 241
9 242
9 245
9 247
10 11
10 12
10 13
10 14
10 15
10 16
10 17
10 18
10 19
10 23
10 31
10 36
10 39
10 45
10 46
10 52
10 63
10 66
10 68
10 83
10 91
10 98
10 99
10 100
10 107
10 110
10 113
10 134
10 137
10 138
10 141
10 142
10 144
10 145
10 149
10 154
10 158
10 167
10 169
10 173
10 177
10 181
10 189
10 190
10 194
10 199
10 208
10 215
10 216
10 231
10 237
10 240
10 243
11 12
11 13
11 14
11 15
11 16
11 17
11 18
11 19
11 27
11 32
11 36
11 46
11 47
11 53
11 56
11 57
11 60
11 62
11 75
11 82
11 85
11 90
11 111
11 113
11 114
11 126
11 144
11 152
11 162
11 167
11 172
11 173
11 180
11 186
11 189
11 191
11 193
11 202
11 210
11 211
11 213
11 218
11 222
11 224
11 231
11 236
11 238
11 246
12 13
12 14
12 15
12 16
12 17
12 18
12 19
12 20
12 24
12 25
12 30
12 32
12 35
12 41
12 45
12 48
12 59
12 60
12 69
12 72
12 75
12 79
12 84
12 96
12 98
12 109
12 110
12 114
12 117
12 123
12 124
12 125
12 132
12 136
12 152
12 157
12 158
12 161
12 172
12 180
12 188
12 190
12 193
12 195
12 198
12 200
12 202
12 206
12 215
12 218
12 219
12 235
12 236
12 237
12 241
12 243
12 248
13 14
13 15
13 16
13 17
13 18
13 19
13 22
13 34
13 35
13 36
13 41
13 43
13 44
13 47
13 51
13 54
13 57
13 66
13 68
13 71
13 73
13 87
13 91
13 93
13 101
13 105
13 106
13 108
13 123
13 125
13 132
13 138
13 139
13 146
13 147
13 150
13 152
13 154
13 157
13 169
13 173
13 186
13 191
13 197
13 203
13 209
13 217
13 219
13 225
13 229
13 230
13 233
13 242
13 248
13 249
14 15
14 16
14 17
14 18
14 19
14 20
14 29
14 30
14 34
14 38
14 39
14 41
14 45
14 46
14 68
14 76
14 79
14 83
14 93
14 99
14 108
14 110
14 126
14 139
14 145
14 149
14 150
14 151
14 155
14 160
14 165
14 166
14 167
14 168
14 169
14 176
14 183
14 189
14 191
14 192
14 195
14 197
14 198
14 204
14 205
14 206
14 215
14 216
14 218
14 222
14 225
14 236
14 237
14 244
14 246
14 248
15 16
15 17
15 18
15 19
15 23
15 30
15 32
15 50
15 51
15 60
15 61
15 72
15 86
15 98
15 102
15 103
15 104
15 110
15 114
15 116
15 124
15 133
15 145
15 152
15 154
15 159
15 161
15 168
15 178
15 180
15 181
15 186
15 191
15 192
15 196
15 205
15 218
15 220
15 223
15 224
15 229
15 233
15 238
15 242
15 245
15 246
15 249
16 17
16 18
16 19
16 32
16 35
16 38
16 40
16 63
16 64
16 66
16 73
16 78
16 82
16 90
16 106
16 113
16 126
16 128
16 132
16 135
16 138
16 142
16 146
16 151
16 153
16 154
16 172
16 179
16 182
16 185
16 191
16 195
16 199
16 200
16 203
16 210
16 217
16 231
16 233
16 234
16 240
16 241
16 248
16 249
17 18
17 19
17 34
17 35
17 36
17 40
17 41
17 48
17 52
17 54
17 62
17 64
17 74
17 83
17 86
17 87
17 92
17 93
17 96
17 99
17 101
17 103
17 107
17 112
17 117
17 124
17 135
17 136
17 137
17 141
17 143
17 147
17 153
17 154
17 157
17 161
17 163
17 182
17 198
17 205
17 208
17 215
17 227
17 233
17 235
17 236
17 239
17 245
18 19
18 21
18 24
18 27
18 32
18 42
18 45
18 49
18 50
18 51
18 53
18 57
18 62
18 78
18 80
18 87
18 89
18 95
18 101
18 107
18 108
18 115
18 118
18 123
18 128
18 130
18 132
18 135
18 137
18 140
18 142
18 143
18 152
18 158
18 165
18 166
18 167
18 172
18 174
18 178
18 188
18 189
18 190
18 195
18 198
18 200
18 201
18 216
18 226
18 227
18 229
18 233
18 236
18 240
18 242
18 247
18 248
18 249
19 22
19 23
19 24
19 26
19 28
19 32
19 37
19 40
19 42
19 45
19 46
19 52
19 55
19 61
19 63
19 74
19 77
19 78
19 87
19 97
19 109
19 112
19 116
19 117
19 119
19 126
19 133
19 139
19 140
19 147
19 148
19 153
19 155
19 158
19 161
19 164
19 166
19 170
19 173
19 176
19 179
19 181
19 182
19 184
19 186
19 196
19 200
19 201
19 204
19 206
19 209
19 216
19 219
19 232
19 234
19 235
19 246
19 247
19 249
20 21
20 22
20 23
20 24
20 25
20 26
20 27
20 28
20 29
20 30
20 31
20 45
20 49
20 52
20 65
20 69
20 86
20 90
20 93
20 96
20 99
20 100
20 110
20 115
20 117
20 135
20 144
20 146
20 151
20 156
20 160
20 164
20 168
20 173
20 194
20 196
20 199
20 207
20 210
20 222
20 223
20 227
20 234
20 235
20 237
20 245
20 248
21 22
21 23
21 24
21 25
21 26
21 27
21 28
21 29
21 32
21 33
21 35
21 36
21 41
21 42
21 44
21 68
21 72
21 77
21 93
21 96
21 99
21 100
21 101
21 102
21 106
21 117
21 122
21 124
21 125
21 129
21 134
21 137
21 145
21 165
21 170
21 182
21 206
21 207
21 210
21 213
21 219
21 224
21 225
21 226
21 230
21 231
21 232
21 236
21 241
22 23
22 24
22 25
22 26
22 27
22 28
22 29
22 41
22 45
22 48
22 51
22 59
22 60
22 61
22 62
22 67
22 70
22 73
22 77
22 81
22 85
22 87
22 88
22 90
22 95
22 103
22 104
22 106
22 110
22 112
22 114
22 122
22 124
22 130
22 138
22 139
22 145
22 148
22 149
22 152
22 165
22 171
22 180
22 188
22 193
22 202
22 222
22 225
22 228
22 235
22 238
22 242
22 244
22 245
22 249
23 24
23 25
23 26
23 27
23 28
23 29
23 32
23 36
23 37
23 47
23 58
23 70
23 72
23 79
23 83
23 84
23 85
23 86
23 96
23 97
23 101
23 103
23 109
23 114
23 116
23 120
23 129
23 132
23 136
23 145
23 158
23 167
23 173
23 176
23 185
23 194
23 201
23 204
23 208
23 209
23 214
23 217
23 227
23 236
23 238
23 239
23 241
23 243
24 25
24 26
24 27
24 28
24 29
24 47
24 53
24 64
24 78
24 84
24 85
24 86
24 87
24 91
24 93
24 101
24 105
24 118
24 127
24 132
24 133
24 149
24 159
24 160
24 166
24 187
24 192
24 196
24 197
24 198
24 199
24 203
24 215
24 218
24 224
24 229
24 232
24 233
24 236
24 239
24 243
24 246
25 26
25 27
25 28
25 29
25 32
25 49
25 52
25 57
25 58
25 89
25 91
25 101
25 102
25 105
25 108
25 109
25 111
25 112
25 117
25 119
25 125
25 127
25 128
25 135
25 137
25 143
25 153
25 158
25 162
25 169
25 171
25 188
25 195
25 196
25 197
25 226
25 237
25 247
26 27
26 28
26 29
26 34
26 37
26 39
26 46
26 47
26 49
26 60
26 72
26 76
26 77
26 78
26 79
26 82
26 105
26 106
26 109
26 113
26 121
26 126
26 132
26 136
26 138
26 151
26 153
26 157
26 162
26 164
26 167
26 169
26 171
26 176
26 184
26 185
26 186
26 187
26 194
26 195
26 197
26 202
26 203
26 206
26 207
26 211
26 214
26 218
26 222
26 225
26 228
26 232
26 235
26 240
27 28
27 29
27 33
27 37
27 40
27 48
27 50
27 55
27 57
27 65
27 66
27 75
27 76
27 77
27 79
27 80
27 82
27 89
27 93
27 95
27 103
27 105
27 106
27 110
27 111
27 122
27 127
27 129
27 137
27 143
27 150
27 152
27 154
27 155
27 158
27 165
27 167
27 173
27 177
27 180
27 183
27 184
27 186
27 187
27 189
27 193
27 194
27 202
27 206
27 208
27 214
27 220
27 223
27 225
27 229
27 233
27 236
27 244
28 29
28 32
28 36
28 42
28 46
28 48
28 56
28 59
28 64
28 65
28 85
28 88
28 90
28 93
28 100
28 103
28 105
28 108
28 109
28 110
28 111
28 112
28 114
28 119
28 128
28 131
28 135
28 136
28 154
28 158
28 161
28 163
28 167
28 170
28 173
28 194
28 197
28 200
28 206
28 207
28 210
28 212
28 217
28 220
28 224
28 225
28 228
28 238
28 245
28 246
29 30
29 32
29 41
29 66
29 71
29 78
29 85
29 89
29 92
29 93
29 94
29 104
29 113
29 116
29 119
29 120
29 122
29 125
29 139
29 144
29 147
29 149
29 151
29 161
29 184
29 185
29 193
29 196
29 199
29 206
29 209
29 210
29 213
29 214
29 215
29 218
29 220
29 221
29 237
32 33
32 34
32 35
32 36
32 37
32 38
32 39
32 30
32 31
32 40
32 51
32 57
32 59
32 60
32 61
32 78
32 84
32 87
32 91
32 99
32 112
32 138
32 139
32 150
32 160
32 170
32 173
32 174
32 177
32 198
32 210
32 211
32 213
32 219
32 228
32 229
32 238
32 244
33 34
33 35
33 36
33 37
33 38
33 39
33 30
33 31
33 45
33 61
33 66
33 73
33 74
33 79
33 80
33 92
33 99
33 111
33 118
33 122
33 124
33 132
33 133
33 142
33 146
33 150
33 154
33 156
33 162
33 175
33 183
33 187
33 189
33 193
33 194
33 197
33 205
33 212
33 213
33 217
33 226
33 228
33 229
33 243
33 247
33 248
34 35
34 36
34 37
34 38
34 39
34 30
34 31
34 41
34 43
34 46
34 65
34 66
34 68
34 72
34 75
34 79
34 83
34 85
34 87
34 92
34 94
34 95
34 97
34 109
34 110
34 113
34 115
34 117
34 123
34 124
34 127
34 128
34 132
34 133
34 141
34 142
34 145
34 148
34 159
34 163
34 164
34 165
34 166
34 170
34 171
34 172
34 177
34 184
34 189
34 194
34 197
34 200
34 203
34 204
34 210
34 218
34 220
34 229
34 235
34 240
34 248
35 36
35 37
35 38
35 39
35 30
35 31
35 40
35 43
35 50
35 56
35 57
35 60
35 64
35 70
35 75
35 76
35 87
35 94
35 107
35 108
35 109
35 110
35 111
35 116
35 117
35 118
35 119
35 120
35 121
35 125
35 127
35 128
35 131
35 136
35 137
35 138
35 141
35 145
35 147
35 148
35 153
35 166
35 167
35 169
35 172
35 177
35 178
35 186
35 191
35 197
35 202
35 207
35 216
35 218
35 222
35 228
35 232
35 235
35 242
35 243
35 248
36 37
36 38
36 39
36 30
36 31
36 41
36 42
36 54
36 63
36 66
36 70
36 81
36 84
36 88
36 104
36 112
36 115
36 124
36 126
36 130
36 131
36 143
36 158
36 164
36 170
36 171
36 178
36 181
36 185
36 186
36 188
36 196
36 200
36 203
36 211
36 217
36 218
36 221
36 223
36 231
36 233
36 241
36 246
37 38
37 39
37 30
37 31
37 46
37 54
37 60
37 62
37 75
37 81
37 84
37 85
37 86
37 88
37 97
37 101
37 108
37 111
37 113
37 118
37 125
37 133
37 137
37 143
37 149
37 161
37 165
37 168
37 170
37 171
37 173
37 174
37 180
37 183
37 185
37 187
37 194
37 199
37 205
37 214
37 215
37 218
37 219
37 224
37 225
37 227
37 228
37 245
37 249
38 39
38 30
38 31
38 41
38 45
38 49
38 51
38 53
38 56
38 60
38 68
38 70
38 71
38 72
38 78
38 82
38 85
38 87
38 90
38 95
38 96
38 97
38 106
38 110
38 113
38 116
38 130
38 134
38 137
38 143
38 144
38 145
38 147
38 157
38 158
38 160
38 161
38 166
38 168
38 178
38 187
38 188
38 191
38 194
38 196
38 203
38 204
38 208
38 209
38 211
38 214
38 226
38 227
38 234
38 237
38 241
38 247
39 30
39 31
39 43
39 47
39 57
39 59
39 60
39 63
39 71
39 80
39 89
39 90
39 95
39 99
39 111
39 121
39 124
39 130
39 131
39 134
39 138
39 141
39 143
39 146
39 149
39 152
39 169
39 170
39 171
39 173
39 178
39 186
39 198
39 212
39 216
39 217
39 218
39 219
39 221
39 227
39 230
39 231
39 235
39 238
39 241
39 245
39 247
30 31
30 63
30 70
30 78
30 82
30 83
30 85
30 94
30 103
30 104
30 107
30 123
30 125
30 134
30 137
30 141
30 145
30 148
30 155
30 159
30 162
30 166
30 170
30 175
30 177
30 189
30 203
30 213
30 219
30 239
30 241
31 40
31 58
31 63
31 68
31 69
31 93
31 111
31 117
31 119
31 120
31 125
31 129
31 130
31 139
31 159
31 173
31 181
31 182
31 186
31 197
31 213
31 215
31 216
31 217
31 218
31 224
31 225
31 227
31 229
31 230
31 232
31 233
31 234
31 238
40 41
40 42
40 43
40 44
40 45
40 46
40 47
40 48
40 49
40 53
40 54
40 78
40 80
40 85
40 97
40 104
40 110
40 114
40 118
40 128
40 131
40 134
40 135
40 139
40 142
40 144
40 152
40 170
40 171
40 173
40 175
40 180
40 185
40 187
40 188
40 194
40 195
40 200
40 208
40 209
40 212
40 215
40 216
40 233
40 235
40 237
40 239
40 242
40 243
41 42
41 43
41 44
41 45
41 46
41 47
41 48
41 49
41 65
41 66
41 69
41 71
41 72
41 76
41 77
41 80
41 87
41 99
41 109
41 112
41 115
41 117
41 140
41 143
41 147
41 153
41 160
41 166
41 173
41 174
41 186
41 194
41 195
41 209
41 210
41 213
41 219
41 221
41 224
41 226
41 229
41 234
41 235
41 238
41 239
41 242
41 245
42 43
42 44
42 45
42 46
42 47
42 48
42 49
42 51
42 53
42 60
42 65
42 70
42 72
42 74
42 84
42 93
42 104
42 106
42 120
42 131
42 132
42 134
42 138
42 139
42 144
42 154
42 169
42 173
42 174
42 178
42 190
42 192
42 195
42 196
42 202
42 205
42 209
42 211
42 213
42 219
42 225
42 235
42 240
42 243
42 248
43 44
43 45
43 46
43 47
43 48
43 49
43 50
43 55
43 57
43 65
43 72
43 75
43 78
43 79
43 82
43 85
43 88
43 94
43 100
43 104
43 108
43 109
43 110
43 112
43 113
43 118
43 121
43 126
43 134
43 137
43 140
43 142
43 144
43 158
43 162
43 163
43 165
43 167
43 172
43 177
43 179
43 180
43 183
43 187
43 192
43 203
43 204
43 205
43 210
43 217
43 218
43 227
43 230
43 241
43 247
44 45
44 46
44 47
44 48
44 49
44 53
44 55
44 58
44 61
44 67
44 70
44 71
44 73
44 74
44 76
44 77
44 78
44 98
44 103
44 108
44 111
44 113
44 118
44 123
44 124
44 130
44 134
44 135
44 160
44 161
44 167
44 171
44 179
44 190
44 193
44 195
44 203
44 211
44 214
44 217
44 220
44 222
44 226
44 234
45 46
45 47
45 48
45 49
45 55
45 60
45 68
45 70
45 73
45 87
45 89
45 95
45 98
45 101
45 102
45 107
45 109
45 119
45 120
45 122
45 123
45 131
45 138
45 139
45 142
45 148
45 150
45 156
45 157
45 159
45 162
45 167
45 171
45 178
45 189
45 191
45 196
45 202
45 203
45 204
45 206
45 212
45 215
45 221
45 231
45 234
45 240
45 243
45 245
46 47
46 48
46 49
46 53
46 58
46 60
46 66
46 76
46 79
46 80
46 81
46 85
46 87
46 91
46 100
46 102
46 103
46 104
46 105
46 106
46 118
46 119
46 120
46 129
46 134
46 138
46 140
46 146
46 149
46 150
46 160
46 165
46 171
46 174
46 178
46 183
46 193
46 198
46 199
46 201
46 206
46 207
46 209
46 211
46 214
46 217
46 221
46 227
46 247
47 48
47 49
47 58
47 61
47 64
47 70
47 73
47 95
47 104
47 105
47 112
47 118
47 119
47 120
47 121
47 130
47 134
47 148
47 155
47 157
47 159
47 174
47 176
47 177
47 187
47 188
47 189
47 194
47 196
47 198
47 199
47 206
47 215
47 217
47 219
47 233
47 236
47 239
47 243
48 49
48 52
48 56
48 57
48 68
48 77
48 79
48 80
48 81
48 86
48 88
48 89
48 97
48 99
48 105
48 109
48 131
48 133
48 139
48 142
48 152
48 153
48 155
48 162
48 166
48 175
48 176
48 181
48 182
48 186
48 196
48 202
48 206
48 219
48 225
48 249
49 58
49 67
49 68
49 81
49 85
49 86
49 87
49 88
49 90
49 91
49 96
49 102
49 104
49 105
49 111
49 112
49 114
49 118
49 124
49 126
49 131
49 133
49 137
49 143
49 146
49 147
49 148
49 149
49 151
49 152
49 153
49 156
49 160
49 163
49 165
49 169
49 170
49 172
49 183
49 185
49 194
49 195
49 205
49 206
49 219
49 228
49 233
49 235
49 236
49 241
49 244
49 249
50 51
50 52
50 53
50 54
50 55
50 56
50 57
50 58
50 59
50 63
50 68
50 69
50 78
50 81
50 93
50 105
50 115
50 122
50 124
50 134
50 135
50 140
50 143
50 145
50 147
50 150
50 153
50 156
50 159
50 165
50 179
50 194
50 196
50 203
50 204
50 208
50 209
50 213
50 217
50 219
50 220
50 222
50 228
50 232
51 52
51 53
51 54
51 55
51 56
51 57
51 58
51 59
51 66
51 71
51 86
51 87
51 91
51 102
51 107
51 121
51 122
51 123
51 124
51 134
51 135
51 147
51 158
51 169
51 173
51 175
51 177
51 180
51 182
51 186
51 193
51 205
51 207
51 222
51 234
51 241
51 249
52 53
52 54
52 55
52 56
52 57
52 58
52 59
52 63
52 66
52 69
52 73
52 85
52 91
52 96
52 104
52 115
52 116
52 127
52 130
52 133
52 148
52 149
52 150
52 152
52 154
52 156
52 169
52 170
52 171
52 176
52 189
52 191
52 192
52 204
52 210
52 213
52 215
52 221
52 223
52 230
52 232
52 238
52 244
52 247
53 54
53 55
53 56
53 57
53 58
53 59
53 68
53 73
53 80
53 81
53 86
53 87
53 89
53 90
53 109
53 112
53 114
53 123
53 128
53 137
53 142
53 144
53 149
53 151
53 156
53 159
53 162
53 166
53 168
53 184
53 195
53 197
53 198
53 200
53 202
53 209
53 212
53 218
53 221
53 232
53 242
53 247
54 55
54 56
54 57
54 58
54 59
54 61
54 63
54 64
54 67
54 81
54 98
54 99
54 100
54 101
54 103
54 109
54 113
54 116
54 117
54 134
54 142
54 144
54 148
54 149
54 160
54 164
54 170
54 174
54 179
54 200
54 202
54 204
54 206
54 210
54 212
54 215
54 218
54 228
54 230
54 234
54 235
54 238
54 239
54 242
54 243
54 245
55 56
55 57
55 58
55 59
55 62
55 64
55 73
55 74
55 76
55 82
55 84
55 85
55 88
55 96
55 112
55 113
55 121
55 124
55 132
55 136
55 151
55 152
55 160
55 161
55 166
55 170
55 171
55 176
55 178
55 184
55 188
55 198
55 202
55 207
55 220
55 222
55 229
55 233
55 234
55 241
55 244
56 57
56 58
56 59
56 65
56 73
56 78
56 79
56 85
56 88
56 98
56 101
56 102
56 103
56 104
56 106
56 107
56 112
56 116
56 117
56 120
56 124
56 133
56 139
56 143
56 155
56 156
56 158
56 159
56 160
56 169
56 181
56 189
56 190
56 198
56 199
56 201
56 203
56 211
56 212
56 213
56 217
56 227
56 228
56 229
56 230
56 239
56 245
57 58
57 59
57 61
57 63
57 65
57 66
57 68
57 73
57 75
57 80
57 85
57 86
57 89
57 91
57 101
57 102
57 103
57 114
57 117
57 120
57 131
57 133
57 137
57 139
57 146
57 147
57 149
57 151
57 155
57 159
57 160
57 170
57 176
57 177
57 182
57 195
57 203
57 207
57 208
57 211
57 216
57 218
57 221
57 223
57 224
57 241
57 244
57 247
57 249
58 59
58 69
58 83
58 86
58 89
58 98
58 100
58 102
58 106
58 108
58 117
58 132
58 134
58 136
58 154
58 156
58 164
58 170
58 180
58 183
58 195
58 196
58 204
58 207
58 211
58 212
58 217
58 230
58 234
58 235
59 70
59 74
59 77
59 79
59 86
59 94
59 104
59 108
59 109
59 112
59 114
59 120
59 121
59 127
59 131
59 132
59 134
59 139
59 143
59 144
59 147
59 162
59 166
59 168
59 174
59 181
59 187
59 197
59 198
59 199
59 202
59 203
59 209
59 212
59 213
59 215
59 222
59 223
59 231
59 232
59 248
64 65
64 66
64 67
64 68
64 69
64 60
64 61
64 62
64 63
64 71
64 75
64 93
64 96
64 97
64 105
64 110
64 115
64 119
64 122
64 124
64 125
64 127
64 130
64 132
64 139
64 145
64 148
64 158
64 164
64 170
64 174
64 179
64 180
64 183
64 197
64 198
64 201
64 202
64 205
64 209
64 215
64 219
64 220
64 226
64 233
64 234
64 244
65 66
65 67
65 68
65 69
65 60
65 61
65 62
65 63
65 72
65 74
65 79
65 80
65 82
65 87
65 99
65 109
65 112
65 114
65 117
65 119
65 133
65 135
65 138
65 148
65 154
65 159
65 161
65 164
65 165
65 169
65 170
65 172
65 173
65 177
65 189
65 192
65 193
65 198
65 199
65 207
65 208
65 209
65 217
65 218
65 219
65 223
65 224
65 240
66 67
66 68
66 69
66 60
66 61
66 62
66 63
66 83
66 84
66 88
66 89
66 95
66 97
66 98
66 104
66 117
66 124
66 135
66 140
66 142
66 145
66 146
66 152
66 153
66 162
66 179
66 181
66 187
66 192
66 213
66 214
66 217
66 237
66 239
66 243
66 249
67 68
67 69
67 60
67 61
67 62
67 63
67 72
67 77
67 86
67 90
67 93
67 94
67 107
67 112
67 114
67 118
67 121
67 125
67 126
67 129
67 133
67 135
67 137
67 143
67 145
67 151
67 152
67 156
67 165
67 168
67 175
67 179
67 184
67 186
67 194
67 198
67 203
67 214
67 222
67 223
67 224
67 226
67 239
67 241
68 69
68 60
68 61
68 62
68 63
68 70
68 72
68 74
68 79
68 80
68 83
68 85
68 88
68 91
68 95
68 97
68 109
68 111
68 112
68 113
68 115
68 117
68 120
68 123
68 124
68 125
68 127
68 131
68 133
68 138
68 139
68 141
68 147
68 151
68 163
68 170
68 171
68 172
68 175
68 179
68 187
68 194
68 208
68 216
68 218
68 227
68 228
68 233
68 236
68 238
68 240
68 243
68 244
68 247
68 248
69 60
69 61
69 62
69 63
69 70
69 85
69 92
69 93
69 95
69 96
69 97
69 103
69 104
69 109
69 117
69 120
69 122
69 127
69 129
69 134
69 141
69 154
69 159
69 189
69 196
69 201
69 206
69 207
69 213
69 214
69 224
69 236
69 246
69 249
60 61
60 62
60 63
60 71
60 76
60 82
60 86
60 91
60 94
60 104
60 106
60 107
60 111
60 113
60 114
60 116
60 119
60 120
60 122
60 125
60 138
60 145
60 148
60 149
60 152
60 156
60 165
60 168
60 181
60 183
60 190
60 195
60 196
60 200
60 201
60 207
60 208
60 209
60 219
60 226
60 229
60 231
60 243
61 62
61 63
61 70
61 71
61 79
61 81
61 83
61 106
61 112
61 116
61 117
61 124
61 128
61 133
61 135
61 136
61 141
61 146
61 147
61 149
61 150
61 156
61 165
61 171
61 172
61 174
61 181
61 185
61 186
61 189
61 191
61 200
61 220
61 228
61 235
61 239
62 63
62 71
62 75
62 76
62 78
62 92
62 103
62 104
62 107
62 117
62 119
62 122
62 123
62 124
62 137
62 155
62 167
62 172
62 174
62 175
62 179
62 180
62 189
62 195
62 198
62 204
62 220
62 221
62 222
62 223
62 231
62 237
62 249
63 79
63 88
63 94
63 110
63 112
63 113
63 115
63 121
63 125
63 133
63 145
63 148
63 149
63 160
63 163
63 168
63 170
63 173
63 174
63 182
63 184
63 185
63 186
63 190
63 213
63 220
63 223
63 232
63 239
63 241
63 243
63 245
63 246
63 248
70 71
70 72
70 73
70 74
70 75
70 76
70 77
70 78
70 79
70 92
70 95
70 96
70 114
70 115
70 119
70 120
70 123
70 127
70 128
70 131
70 135
70 142
70 144
70 153
70 154
70 161
70 162
70 169
70 176
70 178
70 179
70 187
70 189
70 192
70 195
70 207
70 211
70 212
70 215
70 219
70 225
70 227
70 231
70 234
70 238
70 249
71 72
71 73
71 74
71 75
71 76
71 77
71 78
71 79
71 80
71 88
71 105
71 107
71 110
71 113
71 115
71 119
71 120
71 124
71 126
71 128
71 162
71 163
71 174
71 180
71 181
71 183
71 185
71 188
71 191
71 193
71 195
71 198
71 208
71 212
71 214
71 216
71 218
71 226
71 227
71 228
71 233
71 243
71 244
72 73
72 74
72 75
72 76
72 77
72 78
72 79
72 82
72 96
72 106
72 114
72 115
72 126
72 128
72 136
72 139
72 142
72 143
72 145
72 152
72 164
72 166
72 170
72 171
72 173
72 174
72 176
72 177
72 181
72 190
72 196
72 197
72 198
72 216
72 223
72 229
72 232
72 233
72 236
72 242
72 246
72 248
73 74
73 75
73 76
73 77
73 78
73 79
73 82
73 84
73 86
73 94
73 97
73 100
73 108
73 116
73 117
73 122
73 124
73 126
73 128
73 129
73 135
73 136
73 149
73 151
73 154
73 156
73 158
73 163
73 166
73 169
73 173
73 174
73 176
73 178
73 186
73 187
73 194
73 202
73 203
73 215
73 219
73 222
73 223
73 225
73 228
73 232
73 235
73 239
73 245
74 75
74 76
74 77
74 78
74 79
74 86
74 91
74 101
74 117
74 119
74 126
74 139
74 148
74 150
74 153
74 158
74 160
74 165
74 167
74 168
74 170
74 174
74 186
74 189
74 192
74 195
74 198
74 203
74 208
74 210
74 216
74 224
74 230
74 237
74 241
74 247
75 76
75 77
75 78
75 79
75 85
75 93
75 96
75 106
75 107
75 114
75 118
75 124
75 126
75 128
75 137
75 139
75 143
75 150
75 152
75 158
75 159
75 167
75 176
75 184
75 185
75 186
75 188
75 192
75 195
75 198
75 199
75 204
75 207
75 221
75 223
75 226
75 234
75 236
75 240
75 241
75 248
76 77
76 78
76 79
76 80
76 84
76 86
76 88
76 89
76 90
76 95
76 101
76 109
76 110
76 112
76 115
76 116
76 119
76 123
76 126
76 127
76 129
76 130
76 137
76 138
76 140
76 142
76 143
76 151
76 154
76 160
76 164
76 169
76 174
76 179
76 184
76 189
76 193
76 196
76 200
76 201
76 202
76 203
76 207
76 208
76 211
76 215
76 222
76 226
76 227
76 228
76 231
76 233
76 235
76 238
76 241
76 249
77 78
77 79
77 84
77 89
77 93
77 101
77 106
77 126
77 128
77 134
77 136
77 144
77 149
77 151
77 158
77 160
77 161
77 165
77 166
77 167
77 169
77 173
77 174
77 176
77 182
77 195
77 205
77 213
77 215
77 219
77 223
77 224
77 231
77 248
77 249
78 79
78 82
78 86
78 87
78 89
78 90
78 93
78 99
78 101
78 104
78 105
78 106
78 118
78 127
78 155
78 160
78 165
78 170
78 177
78 185
78 187
78 188
78 193
78 203
78 204
78 223
78 226
78 228
78 237
78 240
78 243
78 245
78 248
79 85
79 94
79 95
79 97
79 101
79 113
79 118
79 121
79 124
79 126
79 133
79 134
79 135
79 139
79 143
79 157
79 158
79 159
79 163
79 166
79 169
79 170
79 178
79 179
79 184
79 187
79 194
79 198
79 200
79 207
79 208
79 215
79 217
79 218
79 221
79 222
79 226
79 237
79 239
80 81
80 82
80 83
80 84
80 85
80 86
80 87
80 88
80 89
80 97
80 104
80 106
80 111
80 124
80 128
80 129
80 130
80 137
80 140
80 146
80 156
80 161
80 166
80 169
80 170
80 179
80 181
80 188
80 193
80 195
80 197
80 199
80 202
80 211
80 216
80 221
80 224
80 225
80 232
80 236
80 241
80 243
80 244
81 82
81 83
81 84
81 85
81 86
81 87
81 88
81 89
81 106
81 115
81 119
81 123
81 128
81 129
81 133
81 135
81 136
81 137
81 143
81 145
81 148
81 149
81 153
81 156
81 159
81 162
81 164
81 169
81 170
81 174
81 181
81 189
81 193
81 197
81 201
81 202
81 204
81 210
81 215
81 218
81 219
81 223
81 226
81 227
81 228
81 233
81 244
81 247
81 249
82 83
82 84
82 85
82 86
82 87
82 88
82 89
82 90
82 98
82 99
82 103
82 111
82 116
82 120
82 121
82 124
82 130
82 138
82 142
82 145
82 149
82 153
82 158
82 163
82 164
82 165
82 169
82 171
82 178
82 180
82 192
82 194
82 202
82 203
82 205
82 208
82 213
82 214
82 218
82 219
82 226
82 230
82 231
82 239
82 243
82 245
82 246
83 84
83 85
83 86
83 87
83 88
83 89
83 93
83 102
83 120
83 121
83 132
83 133
83 135
83 136
83 138
83 141
83 142
83 169
83 172
83 173
83 174
83 181
83 187
83 190
83 195
83 197
83 199
83 208
83 218
83 220
83 227
83 235
83 237
83 239
83 240
83 244
84 85
84 86
84 87
84 88
84 89
84 93
84 101
84 104
84 107
84 108
84 112
84 113
84 119
84 133
84 134
84 137
84 142
84 153
84 155
84 157
84 158
84 164
84 174
84 179
84 187
84 189
84 191
84 194
84 205
84 206
84 211
84 214
84 228
84 229
84 240
84 241
84 242
85 86
85 87
85 88
85 89
85 94
85 96
85 102
85 103
85 106
85 113
85 139
85 140
85 142
85 157
85 171
85 172
85 176
85 178
85 179
85 183
85 185
85 189
85 190
85 194
85 203
85 207
85 209
85 213
85 219
85 221
85 226
85 234
85 239
85 241
85 247
86 87
86 88
86 89
86 92
86 97
86 104
86 106
86 110
86 114
86 117
86 120
86 130
86 138
86 140
86 145
86 151
86 155
86 157
86 163
86 173
86 176
86 177
86 209
86 211
86 221
86 223
86 229
86 247
87 88
87 89
87 90
87 92
87 93
87 96
87 99
87 101
87 105
87 106
87 111
87 113
87 116
87 136
87 152
87 153
87 154
87 156
87 164
87 168
87 182
87 184
87 194
87 198
87 200
87 202
87 211
87 218
87 224
87 235
87 239
87 241
87 247
88 89
88 90
88 99
88 107
88 115
88 116
88 119
88 122
88 127
88 129
88 130
88 135
88 140
88 143
88 144
88 145
88 150
88 151
88 155
88 157
88 163
88 165
88 169
88 174
88 178
88 194
88 199
88 214
88 217
88 223
88 226
88 227
88 231
88 236
88 237
88 249
89 91
89 97
89 99
89 101
89 113
89 115
89 118
89 120
89 125
89 128
89 133
89 134
89 135
89 139
89 142
89 165
89 171
89 179
89 180
89 185
89 186
89 189
89 196
89 204
89 217
89 227
89 229
89 238
89 248
96 97
96 98
96 99
96 90
96 91
96 92
96 93
96 94
96 95
96 101
96 104
96 107
96 111
96 112
96 117
96 121
96 122
96 125
96 128
96 131
96 132
96 134
96 138
96 146
96 156
96 161
96 165
96 167
96 171
96 173
96 176
96 177
96 179
96 181
96 184
96 189
96 192
96 195
96 196
96 203
96 206
96 211
96 215
96 219
96 228
96 229
96 231
96 248
96 249
97 98
97 99
97 90
97 91
97 92
97 93
97 94
97 95
97 102
97 104
97 108
97 109
97 110
97 116
97 118
97 123
97 128
97 137
97 139
97 155
97 157
97 167
97 168
97 174
97 175
97 190
97 192
97 193
97 214
97 219
97 225
97 227
97 229
97 234
97 235
97 236
98 99
98 90
98 91
98 92
98 93
98 94
98 95
98 103
98 107
98 108
98 113
98 116
98 118
98 124
98 127
98 136
98 140
98 153
98 154
98 158
98 163
98 165
98 166
98 167
98 173
98 178
98 183
98 186
98 187
98 195
98 200
98 201
98 209
98 216
98 218
98 223
98 231
98 233
98 235
98 237
98 240
99 90
99 91
99 92
99 93
99 94
99 95
99 105
99 106
99 109
99 112
99 115
99 117
99 118
99 122
99 130
99 135
99 138
99 141
99 147
99 153
99 167
99 170
99 175
99 182
99 184
99 188
99 192
99 198
99 201
99 209
99 210
99 211
99 221
99 223
99 224
99 229
99 230
99 234
90 91
90 92
90 93
90 94
90 95
90 115
90 124
90 125
90 127
90 138
90 140
90 144
90 146
90 147
90 150
90 151
90 157
90 167
90 170
90 172
90 173
90 175
90 177
90 182
90 196
90 197
90 198
90 200
90 204
90 214
90 215
90 218
90 220
90 223
90 224
90 225
90 226
90 237
90 245
90 248
91 92
91 93
91 94
91 95
91 102
91 108
91 110
91 111
91 113
91 115
91 119
91 123
91 130
91 135
91 141
91 142
91 156
91 159
91 161
91 163
91 164
91 168
91 187
91 194
91 210
91 212
91 213
91 217
91 218
91 230
91 237
91 247
91 248
92 93
92 94
92 95
92 100
92 102
92 106
92 109
92 113
92 116
92 118
92 119
92 129
92 132
92 139
92 141
92 142
92 145
92 147
92 151
92 159
92 163
92 164
92 168
92 171
92 176
92 177
92 179
92 181
92 185
92 198
92 202
92 205
92 207
92 210
92 213
92 218
92 222
92 224
92 231
92 234
92 235
92 239
92 241
92 246
92 248
93 94
93 95
93 100
93 101
93 106
93 121
93 122
93 131
93 139
93 143
93 146
93 149
93 154
93 167
93 170
93 187
93 189
93 192
93 196
93 202
93 206
93 207
93 208
93 219
93 224
93 225
93 226
93 227
93 231
93 235
93 248
94 95
94 103
94 107
94 108
94 119
94 123
94 127
94 128
94 131
94 132
94 158
94 163
94 166
94 169
94 171
94 176
94 180
94 182
94 183
94 187
94 188
94 189
94 199
94 203
94 206
94 209
94 215
94 220
94 226
94 229
94 238
94 239
94 240
94 244
95 102
95 104
95 107
95 109
95 110
95 112
95 116
95 119
95 132
95 134
95 135
95 136
95 138
95 140
95 141
95 143
95 147
95 161
95 177
95 181
95 184
95 194
95 196
95 222
95 223
95 227
95 229
95 231
95 233
95 234
95 235
95 237
95 244
100 101
100 102
100 103
100 104
100 105
100 106
100 107
100 108
100 109
100 114
100 119
100 140
100 141
100 145
100 152
100 166
100 168
100 169
100 174
100 178
100 187
100 189
100 193
100 197
100 199
100 202
100 210
100 214
100 233
100 237
100 242
100 247
100 249
101 102
101 103
101 104
101 105
101 106
101 107
101 108
101 109
101 111
101 113
101 120
101 121
101 126
101 133
101 134
101 147
101 149
101 159
101 166
101 175
101 186
101 187
101 193
101 195
101 202
101 208
101 209
101 217
101 228
101 230
101 237
101 245
101 249
102 103
102 104
102 105
102 106
102 107
102 108
102 109
102 116
102 119
102 120
102 121
102 123
102 136
102 147
102 150
102 154
102 155
102 156
102 165
102 173
102 175
102 179
102 196
102 199
102 202
102 204
102 206
102 212
102 231
102 236
102 237
102 244
102 249
103 104
103 105
103 106
103 107
103 108
103 109
103 114
103 116
103 125
103 127
103 130
103 133
103 136
103 152
103 157
103 158
103 161
103 169
103 174
103 176
103 177
103 190
103 201
103 206
103 210
103 211
103 212
103 213
103 215
103 220
103 224
103 230
103 233
103 241
103 246
104 105
104 106
104 107
104 108
104 109
104 116
104 119
104 127
104 128
104 138
104 146
104 151
104 154
104 156
104 158
104 159
104 160
104 179
104 184
104 191
104 193
104 195
104 199
104 204
104 216
104 222
104 225
104 227
104 230
104 239
104 246
104 248
105 106
105 107
105 108
105 109
105 113
105 119
105 121
105 132
105 145
105 153
105 154
105 166
105 171
105 176
105 177
105 182
105 189
105 190
105 195
105 196
105 202
105 208
105 222
105 224
105 226
105 234
105 248
106 107
106 108
106 109
106 122
106 132
106 135
106 144
106 146
106 147
106 163
106 164
106 165
106 167
106 169
106 176
106 180
106 188
106 193
106 198
106 200
106 205
106 206
106 207
106 216
106 218
106 223
106 225
106 233
106 235
106 243
106 244
106 245
107 108
107 109
107 117
107 123
107 125
107 128
107 129
107 133
107 138
107 139
107 161
107 163
107 169
107 178
107 182
107 191
107 194
107 196
107 198
107 199
107 205
107 212
107 213
107 214
107 220
107 225
107 232
107 234
107 236
107 247
107 249
108 109
108 118
108 119
108 121
108 125
108 131
108 133
108 139
108 143
108 154
108 165
108 172
108 177
108 181
108 182
108 186
108 187
108 190
108 191
108 197
108 206
108 210
108 217
108 221
108 236
108 240
108 241
108 246
108 249
109 120
109 121
109 123
109 124
109 132
109 133
109 134
109 135
109 136
109 140
109 161
109 163
109 187
109 188
109 197
109 199
109 200
109 202
109 207
109 208
109 210
109 213
109 219
109 222
109 227
109 228
109 238
110 111
110 112
110 113
110 114
110 115
110 116
110 117
110 118
110 119
110 121
110 123
110 124
110 126
110 129
110 143
110 149
110 152
110 156
110 158
110 161
110 163
110 164
110 178
110 179
110 185
110 192
110 195
110 198
110 203
110 217
110 221
110 223
110 243
110 245
110 248
111 112
111 113
111 114
111 115
111 116
111 117
111 118
111 119
111 122
111 131
111 132
111 133
111 139
111 147
111 148
111 150
111 154
111 157
111 158
111 163
111 165
111 168
111 172
111 173
111 175
111 178
111 180
111 185
111 192
111 196
111 204
111 206
111 229
111 236
111 239
111 242
111 245
112 113
112 114
112 115
112 116
112 117
112 118
112 119
112 120
112 122
112 126
112 127
112 128
112 131
112 137
112 138
112 142
112 151
112 173
112 195
112 196
112 202
112 209
112 210
112 212
112 218
112 225
112 226
112 232
112 239
112 249
113 114
113 115
113 116
113 117
113 118
113 119
113 124
113 127
113 140
113 144
113 149
113 166
113 170
113 175
113 183
113 185
113 187
113 189
113 190
113 191
113 196
113 216
113 233
113 237
113 238
113 239
113 240
113 248
114 115
114 116
114 117
114 118
114 119
114 125
114 126
114 127
114 129
114 131
114 134
114 138
114 145
114 152
114 166
114 169
114 172
114 179
114 184
114 190
114 195
114 197
114 199
114 206
114 207
114 227
114 233
114 236
114 239
114 242
114 243
115 116
115 117
115 118
115 119
115 120
115 126
115 127
115 135
115 136
115 139
115 140
115 151
115 153
115 159
115 169
115 172
115 181
115 184
115 185
115 186
115 188
115 189
115 199
115 200
115 206
115 208
115 217
115 218
115 221
115 227
115 244
116 117
116 118
116 119
116 122
116 125
116 128
116 130
116 134
116 145
116 147
116 154
116 160
116 161
116 165
116 167
116 171
116 177
116 181
116 190
116 203
116 215
116 217
116 222
116 223
116 224
116 226
116 229
116 236
117 118
117 119
117 125
117 127
117 131
117 132
117 134
117 136
117 146
117 157
117 161
117 162
117 167
117 173
117 174
117 176
117 180
117 181
117 187
117 194
117 196
117 197
117 212
117 216
117 217
117 233
117 237
117 242
117 247
118 119
118 123
118 125
118 129
118 131
118 137
118 142
118 145
118 147
118 148
118 149
118 150
118 151
118 155
118 157
118 160
118 161
118 165
118 173
118 184
118 185
118 195
118 198
118 205
118 206
118 213
118 217
118 224
118 225
118 227
118 228
118 232
118 238
118 245
118 247
119 123
119 124
119 132
119 136
119 138
119 145
119 157
119 161
119 174
119 176
119 177
119 181
119 184
119 192
119 197
119 203
119 206
119 209
119 218
119 220
119 223
119 224
119 230
119 234
119 238
119 242
119 243
119 246
128 129
128 120
128 121
128 122
128 123
128 124
128 125
128 126
128 127
128 134
128 142
128 153
128 156
128 164
128 169
128 172
128 176
128 179
128 180
128 181
128 185
128 187
128 189
128 194
128 197
128 202
128 203
128 215
128 219
128 237
128 238
128 242
128 245
128 248
129 120
129 121
129 122
129 123
129 124
129 125
129 126
129 127
129 136
129 138
129 140
129 142
129 146
129 150
129 152
129 163
129 164
129 166
129 176
129 177
129 178
129 204
129 207
129 208
129 223
129 226
129 228
129 231
129 233
129 249
120 121
120 122
120 123
120 124
120 125
120 126
120 127
120 131
120 135
120 141
120 147
120 149
120 150
120 154
120 156
120 157
120 159
120 168
120 171
120 176
120 177
120 182
120 185
120 196
120 201
120 202
120 203
120 204
120 219
120 225
120 227
120 229
120 233
120 237
120 238
120 249
121 122
121 123
121 124
121 125
121 126
121 127
121 130
121 133
121 137
121 152
121 154
121 155
121 159
121 173
121 175
121 181
121 182
121 184
121 195
121 198
121 199
121 202
121 203
121 208
121 230
121 233
121 248
121 249
122 123
122 124
122 125
122 126
122 127
122 133
122 135
122 139
122 140
122 142
122 146
122 156
122 162
122 164
122 169
122 176
122 179
122 184
122 185
122 186
122 189
122 194
122 198
122 204
122 217
122 220
122 223
122 238
122 241
122 246
123 124
123 125
123 126
123 127
123 130
123 133
123 136
123 149
123 162
123 165
123 167
123 176
123 178
123 179
123 181
123 190
123 193
123 196
123 199
123 203
123 206
123 211
123 214
123 233
123 242
123 243
123 245
124 125
124 126
124 127
124 131
124 132
124 135
124 142
124 146
124 151
124 154
124 155
124 157
124 163
124 164
124 173
124 176
124 177
124 187
124 190
124 192
124 206
124 212
124 214
124 215
124 218
124 235
124 244
125 126
125 127
125 133
125 141
125 151
125 158
125 160
125 162
125 166
125 175
125 176
125 177
125 183
125 187
125 188
125 201
125 205
125 209
125 214
125 223
125 232
125 235
125 244
126 127
126 136
126 137
126 138
126 166
126 170
126 173
126 211
126 215
126 216
126 217
126 218
126 221
126 223
126 225
126 232
126 236
126 238
126 244
126 246
126 247
127 130
127 138
127 144
127 148
127 154
127 157
127 165
127 166
127 167
127 168
127 176
127 182
127 185
127 187
127 188
127 189
127 192
127 212
127 213
127 216
127 229
127 244
127 249
130 131
130 132
130 133
130 134
130 135
130 136
130 137
130 138
130 139
130 141
130 147
130 152
130 159
130 163
130 165
130 179
130 182
130 196
130 198
130 205
130 212
130 232
130 237
130 245
130 247
131 132
131 133
131 134
131 135
131 136
131 137
131 138
131 139
131 143
131 145
131 146
131 148
131 150
131 164
131 166
131 171
131 177
131 181
131 182
131 184
131 187
131 200
131 201
131 209
131 211
131 214
131 218
131 219
131 220
131 230
131 236
131 248
132 133
132 134
132 135
132 136
132 137
132 138
132 139
132 142
132 147
132 150
132 154
132 167
132 171
132 175
132 176
132 177
132 178
132 180
132 182
132 184
132 187
132 195
132 205
132 210
132 212
132 213
132 226
132 230
132 231
132 245
132 246
132 247
133 134
133 135
133 136
133 137
133 138
133 139
133 146
133 147
133 148
133 151
133 153
133 164
133 168
133 172
133 179
133 189
133 194
133 221
133 224
133 226
133 234
133 238
133 240
133 241
133 242
133 244
133 248
133 249
134 135
134 136
134 137
134 138
134 139
134 142
134 144
134 151
134 155
134 160
134 162
134 163
134 167
134 168
134 170
134 172
134 174
134 180
134 188
134 193
134 197
134 201
134 203
134 205
134 210
134 220
134 221
134 223
134 228
134 235
134 239
134 249
135 136
135 137
135 138
135 139
135 143
135 144
135 145
135 147
135 162
135 172
135 174
135 175
135 182
135 184
135 186
135 190
135 194
135 198
135 200
135 211
135 214
135 217
135 226
135 228
135 229
135 241
136 137
136 138
136 139
136 142
136 144
136 152
136 153
136 157
136 161
136 162
136 170
136 171
136 174
136 176
136 180
136 182
136 184
136 185
136 196
136 209
136 214
136 216
136 217
136 225
136 226
136 227
136 231
136 235
136 236
136 242
136 249
137 138
137 139
137 141
137 143
137 146
137 149
137 150
137 153
137 154
137 163
137 170
137 181
137 182
137 186
137 190
137 193
137 194
137 199
137 203
137 205
137 209
137 210
137 213
137 214
137 217
137 220
137 232
137 237
137 240
138 139
138 142
138 143
138 144
138 155
138 165
138 169
138 173
138 174
138 175
138 177
138 180
138 182
138 183
138 184
138 202
138 205
138 209
138 217
138 223
138 230
138 236
138 238
138 241
139 141
139 143
139 151
139 152
139 159
139 162
139 169
139 172
139 177
139 183
139 184
139 188
139 191
139 194
139 199
139 210
139 216
139 220
139 221
139 224
139 226
139 227
139 231
139 233
139 235
139 238
139 239
139 241
139 243
139 244
139 247
139 249
140 141
140 142
140 143
140 144
140 145
140 146
140 147
140 148
140 149
140 155
140 156
140 160
140 161
140 167
140 171
140 174
140 178
140 200
140 208
140 212
140 214
140 226
140 227
140 229
140 230
140 234
140 238
140 240
140 243
141 142
141 143
141 144
141 145
141 146
141 147
141 148
141 149
141 156
141 163
141 164
141 169
141 180
141 183
141 186
141 200
141 208
141 209
141 212
141 215
141 226
141 232
141 235
141 240
141 241
141 242
141 249
142 143
142 144
142 145
142 146
142 147
142 148
142 149
142 159
142 160
142 165
142 171
142 172
142 173
142 174
142 177
142 180
142 181
142 190
142 194
142 196
142 200
142 203
142 216
142 220
142 221
142 226
142 230
142 235
142 241
142 247
142 248
143 144
143 145
143 146
143 147
143 148
143 149
143 152
143 159
143 171
143 173
143 179
143 191
143 198
143 199
143 201
143 213
143 214
143 223
143 226
143 237
143 240
143 243
143 247
144 145
144 146
144 147
144 148
144 149
144 153
144 156
144 158
144 162
144 169
144 189
144 190
144 191
144 194
144 202
144 206
144 209
144 224
144 227
144 231
144 235
144 242
144 243
144 244
144 246
144 248
145 146
145 147
145 148
145 149
145 158
145 163
145 167
145 170
145 172
145 179
145 193
145 194
145 195
145 199
145 200
145 212
145 213
145 239
145 240
145 241
145 248
146 147
146 148
146 149
146 153
146 156
146 158
146 161
146 167
146 172
146 179
146 181
146 183
146 184
146 188
146 196
146 199
146 201
146 204
146 208
146 209
146 213
146 223
146 230
146 233
146 235
146 237
146 238
146 240
146 242
146 249
147 148
147 149
147 151
147 158
147 159
147 163
147 170
147 171
147 176
147 179
147 180
147 183
147 185
147 187
147 189
147 192
147 196
147 203
147 208
147 210
147 213
147 215
147 218
147 226
147 234
147 235
147 236
147 242
147 246
148 149
148 161
148 171
148 175
148 182
148 189
148 192
148 201
148 206
148 208
148 209
148 210
148 211
148 218
148 219
148 223
148 227
148 229
148 230
148 235
148 237
148 244
148 245
148 246
148 247
148 249
149 152
149 153
149 154
149 168
149 183
149 185
149 187
149 192
149 199
149 200
149 205
149 213
149 215
149 219
149 232
149 233
149 246
149 247
150 151
150 152
150 153
150 154
150 155
150 156
150 157
150 158
150 159
150 162
150 165
150 173
150 176
150 179
150 185
150 186
150 196
150 205
150 209
150 220
150 221
150 230
150 232
150 239
150 243
151 152
151 153
151 154
151 155
151 156
151 157
151 158
151 159
151 166
151 168
151 169
151 172
151 175
151 181
151 189
151 191
151 195
151 197
151 203
151 204
151 211
151 219
151 230
151 237
151 249
152 153
152 154
152 155
152 156
152 157
152 158
152 159
152 165
152 166
152 171
152 174
152 180
152 182
152 183
152 186
152 191
152 192
152 197
152 198
152 208
152 212
152 213
152 230
152 239
153 154
153 155
153 156
153 157
153 158
153 159
153 168
153 175
153 178
153 183
153 184
153 186
153 188
153 195
153 198
153 202
153 206
153 214
153 216
153 218
153 219
153 225
153 240
153 241
153 245
154 155
154 156
154 157
154 158
154 159
154 160
154 161
154 165
154 171
154 179
154 182
154 195
154 216
154 231
154 235
154 239
154 241
154 242
154 244
154 247
154 249
155 156
155 157
155 158
155 159
155 171
155 174
155 177
155 183
155 186
155 189
155 190
155 191
155 196
155 210
155 213
155 218
155 221
155 226
155 231
155 237
155 242
156 157
156 158
156 159
156 161
156 163
156 180
156 181
156 189
156 193
156 194
156 198
156 200
156 201
156 203
156 207
156 217
156 220
156 222
156 228
156 230
156 239
156 240
156 245
156 247
157 158
157 159
157 163
157 166
157 167
157 171
157 175
157 184
157 186
157 187
157 189
157 191
157 205
157 206
157 209
157 210
157 212
157 214
157 221
157 224
157 227
157 233
157 234
157 238
158 159
158 169
158 170
158 176
158 178
158 190
158 199
158 201
158 204
158 205
158 208
158 210
158 225
158 236
158 237
158 238
158 241
158 243
158 244
158 248
159 160
159 161
159 162
159 168
159 176
159 177
159 186
159 196
159 197
159 206
159 211
159 214
159 215
159 216
159 217
159 218
159 222
159 229
159 236
159 237
159 244
159 249
160 161
160 162
160 163
160 164
160 165
160 166
160 167
160 168
160 169
160 182
160 183
160 186
160 200
160 204
160 205
160 208
160 210
160 211
160 213
160 224
160 225
160 227
160 231
160 239
160 240
160 249
161 162
161 163
161 164
161 165
161 166
161 167
161 168
161 169
161 172
161 180
161 188
161 191
161 196
161 198
161 201
161 203
161 206
161 211
161 212
161 221
161 226
161 229
161 243
161 247
162 163
162 164
162 165
162 166
162 167
162 168
162 169
162 171
162 183
162 185
162 189
162 194
162 204
162 213
162 215
162 218
162 227
162 242
162 246
162 248
163 164
163 165
163 166
163 167
163 168
163 169
163 171
163 177
163 179
163 180
163 191
163 195
163 205
163 209
163 214
163 215
163 217
163 219
163 224
163 231
163 235
163 248
164 165
164 166
164 167
164 168
164 169
164 173
164 177
164 178
164 180
164 185
164 189
164 200
164 201
164 204
164 205
164 212
164 213
164 217
164 228
164 230
164 237
164 240
165 166
165 167
165 168
165 169
165 170
165 171
165 179
165 181
165 182
165 183
165 186
165 187
165 191
165 204
165 205
165 215
165 219
165 235
165 237
165 239
166 167
166 168
166 169
166 171
166 184
166 185
166 186
166 190
166 193
166 198
166 206
166 210
166 211
166 215
166 223
166 227
166 229
166 242
166 244
166 246
166 248
167 168
167 169
167 172
167 173
167 186
167 189
167 195
167 203
167 204
167 205
167 210
167 223
167 226
167 231
167 234
167 239
167 248
168 169
168 171
168 172
168 177
168 189
168 202
168 205
168 218
168 225
168 227
168 228
168 235
168 238
168 241
168 248
168 249
169 171
169 173
169 174
169 175
169 176
169 183
169 184
169 185
169 186
169 187
169 197
169 206
169 213
169 229
169 233
169 234
169 239
169 243
169 245
170 171
170 172
170 173
170 174
170 175
170 176
170 177
170 178
170 179
170 185
170 187
170 190
170 191
170 195
170 199
170 201
170 209
170 210
170 214
170 215
170 216
170 221
170 234
170 244
170 246
170 248
170 249
171 172
171 173
171 174
171 175
171 176
171 177
171 178
171 179
171 180
171 181
171 185
171 195
171 197
171 201
171 204
171 206
171 212
171 227
171 229
171 238
171 244
171 246
172 173
172 174
172 175
172 176
172 177
172 178
172 179
172 181
172 182
172 186
172 187
172 197
172 201
172 205
172 213
172 218
172 223
172 226
172 229
172 237
172 243
172 246
173 174
173 175
173 176
173 177
173 178
173 179
173 191
173 192
173 194
173 212
173 237
173 247
173 249
174 175
174 176
174 177
174 178
174 179
174 183
174 184
174 200
174 205
174 208
174 211
174 218
174 220
174 221
174 222
174 226
174 232
174 243
174 244
175 176
175 177
175 178
175 179
175 186
175 190
175 207
175 211
175 218
175 219
175 231
175 233
175 235
175 237
176 177
176 178
176 179
176 180
176 181
176 183
176 185
176 196
176 197
176 200
176 208
176 212
176 217
176 227
176 233
176 235
176 238
176 241
177 178
177 179
177 182
177 189
177 206
177 217
177 219
177 221
177 224
177 225
177 241
177 244
178 179
178 182
178 183
178 187
178 191
178 207
178 217
178 224
178 230
178 237
178 241
178 244
179 184
179 185
179 191
179 192
179 196
179 200
179 206
179 207
179 222
179 224
179 227
179 235
179 238
179 249
180 181
180 182
180 183
180 184
180 185
180 186
180 187
180 188
180 189
180 192
180 194
180 197
180 201
180 214
180 216
180 218
180 224
180 227
180 229
180 233
180 234
180 239
180 244
181 182
181 183
181 184
181 185
181 186
181 187
181 188
181 189
181 190
181 192
181 193
181 199
181 208
181 221
181 226
181 234
181 235
181 246
181 247
182 183
182 184
182 185
182 186
182 187
182 188
182 189
182 205
182 213
182 221
182 223
182 243
182 246
183 184
183 185
183 186
183 187
183 188
183 189
183 190
183 191
183 197
183 208
183 214
183 217
183 230
183 239
183 240
184 185
184 186
184 187
184 188
184 189
184 194
184 205
184 209
184 214
184 217
184 226
184 230
184 231
184 233
184 236
184 237
184 239
184 240
184 242
184 248
185 186
185 187
185 188
185 189
185 194
185 196
185 202
185 205
185 208
185 218
185 220
185 221
185 233
185 234
185 240
185 245
185 246
186 187
186 188
186 189
186 208
186 211
186 217
186 219
186 230
186 233
186 240
186 249
187 188
187 189
187 190
187 191
187 193
187 195
187 200
187 201
187 209
187 215
187 219
187 228
187 230
187 237
187 238
187 241
187 243
188 189
188 199
188 202
188 213
188 214
188 225
188 226
188 227
188 228
188 230
188 236
189 190
189 191
189 193
189 197
189 199
189 200
189 201
189 208
189 209
189 221
189 224
189 232
189 238
192 193
192 194
192 195
192 196
192 197
192 198
192 199
192 190
192 191
192 200
192 206
192 215
192 218
192 221
192 224
192 225
192 232
192 234
192 238
192 240
192 243
192 248
192 249
193 194
193 195
193 196
193 197
193 198
193 199
193 190
193 191
193 204
193 208
193 209
193 214
193 219
193 222
193 223
193 225
193 234
193 242
193 245
194 195
194 196
194 197
194 198
194 199
194 190
194 191
194 204
194 208
194 213
194 214
194 222
194 226
194 245
195 196
195 197
195 198
195 199
195 190
195 191
195 206
195 217
195 221
195 229
195 231
195 239
195 246
196 197
196 198
196 199
196 190
196 191
196 205
196 206
196 208
196 214
196 215
196 224
196 226
196 230
196 232
196 235
196 238
196 239
196 240
196 243
196 245
196 246
196 247
196 249
197 198
197 199
197 190
197 191
197 200
197 206
197 207
197 214
197 218
197 219
197 229
197 232
197 233
197 234
197 235
197 239
197 240
197 241
197 242
197 246
197 248
198 199
198 190
198 191
198 203
198 208
198 211
198 216
198 223
198 224
198 225
198 226
198 228
198 231
198 236
198 240
198 243
198 244
199 190
199 191
199 200
199 220
199 222
199 239
199 243
199 246
190 191
190 201
190 205
190 208
190 216
190 218
190 219
190 220
190 221
190 222
190 225
190 228
190 236
190 243
190 248
191 204
191 208
191 215
191 219
191 233
191 238
191 239
191 243
200 201
200 202
200 203
200 204
200 205
200 206
200 207
200 208
200 209
200 213
200 230
200 232
200 234
200 235
200 246
200 249
201 202
201 203
201 204
201 205
201 206
201 207
201 208
201 209
201 216
201 224
201 226
201 234
201 246
202 203
202 204
202 205
202 206
202 207
202 208
202 209
202 212
202 215
202 218
202 221
202 229
202 234
202 245
203 204
203 205
203 206
203 207
203 208
203 209
203 211
203 213
203 218
203 220
203 225
203 231
203 234
203 236
203 237
204 205
204 206
204 207
204 208
204 209
204 212
204 215
204 223
204 233
204 238
204 244
204 245
205 206
205 207
205 208
205 209
205 211
205 212
205 217
205 225
205 230
205 233
205 235
205 237
205 238
205 241
205 243
205 246
206 207
206 208
206 209
206 214
206 217
206 221
206 225
206 228
206 237
206 240
206 245
207 208
207 209
207 216
207 218
207 223
207 227
207 229
208 209
208 218
208 223
208 228
208 229
208 233
208 237
208 246
209 218
209 225
209 226
209 227
209 236
209 240
209 245
210 211
210 212
210 213
210 214
210 215
210 216
210 217
210 218
210 219
210 223
210 224
210 239
210 245
211 212
211 213
211 214
211 215
211 216
211 217
211 218
211 219
211 222
211 234
211 243
211 245
212 213
212 214
212 215
212 216
212 217
212 218
212 219
212 222
212 223
212 225
212 237
212 241
213 214
213 215
213 216
213 217
213 218
213 219
213 224
213 229
213 232
213 233
213 235
213 247
214 215
214 216
214 217
214 218
214 219
214 221
214 227
214 232
214 234
214 236
214 237
214 238
214 244
214 249
215 216
215 217
215 218
215 219
215 221
215 227
215 234
215 243
216 217
216 218
216 219
216 221
216 224
216 226
216 237
217 218
217 219
217 220
217 221
217 224
217 228
217 235
217 241
217 243
217 247
218 219
218 230
218 237
218 241
218 242
218 247
219 220
219 221
219 239
224 225
224 226
224 227
224 228
224 229
224 220
224 221
224 222
224 223
224 236
224 249
225 226
225 227
225 228
225 229
225 220
225 221
225 222
225 223
225 232
225 233
225 234
225 243
225 244
225 247
226 227
226 228
226 229
226 220
226 221
226 222
226 223
226 239
226 244
226 246
226 247
227 228
227 229
227 220
227 221
227 222
227 223
227 232
227 233
227 234
227 236
227 237
227 239
227 240
227 246
227 249
228 229
228 220
228 221
228 222
228 223
228 235
228 239
228 243
229 220
229 221
229 222
229 223
229 238
229 243
229 244
229 245
229 247
220 221
220 222
220 223
220 230
220 241
220 248
221 222
221 223
221 233
221 243
222 223
222 230
222 237
222 243
223 230
223 231
223 249
230 231
230 232
230 233
230 234
230 235
230 236
230 237
230 238
230 239
231 232
231 233
231 234
231 235
231 236
231 237
231 238
231 239
231 243
231 244
231 246
231 248
231 249
232 233
232 234
232 235
232 236
232 237
232 238
232 239
232 247
233 234
233 235
233 236
233 237
233 238
233 239
233 243
233 246
234 235
234 236
234 237
234 238
234 239
234 244
234 245
234 246
235 236
235 237
235 238
235 239
235 243
235 249
236 237
236 238
236 239
236 240
236 242
236 248
237 238
237 239
237 240
237 241
237 247
238 239
238 248
239 244
239 245
239 249
240 241
240 242
240 243
240 244
240 245
240 246
240 247
240 248
240 249
241 242
241 243
241 244
241 245
241 246
241 247
241 248
241 249
242 243
242 244
242 245
242 246
242 247
242 248
242 249
243 244
243 245
243 246
243 247
243 248
243 249
244 245
244 246
244 247
244 248
244 249
245 246
245 247
245 248
245 249
246 247
246 248
246 249
247 248
247 249
248 249
