# 13041 edges
0 1
0 2
0 3
0 4
0 5
0 6
0 7
0 8
0 9
0 10
0 11
0 12
0 13
0 14
0 52
0 62
0 68
0 76
0 83
0 96
0 107
0 123
0 126
0 132
0 146
0 151
0 155
0 172
0 173
0 181
0 184
0 189
0 190
0 196
0 197
0 222
0 233
0 245
0 270
0 277
0 285
0 301
0 317
0 377
0 397
0 401
0 404
0 411
0 415
0 424
0 434
1 2
1 3
1 4
1 5
1 6
1 7
1 8
1 9
1 10
1 11
1 12
1 13
1 14
1 46
1 47
1 64
1 68
1 71
1 77
1 81
1 85
1 94
1 99
1 102
1 120
1 124
1 130
1 136
1 145
1 156
1 161
1 175
1 186
1 190
1 197
1 234
1 240
1 267
1 270
1 287
1 290
1 292
1 300
1 321
1 326
1 341
1 359
1 361
1 365
1 378
1 384
1 388
1 392
1 397
1 399
1 402
1 404
1 407
1 439
2 3
2 4
2 5
2 6
2 7
2 8
2 9
2 10
2 11
2 12
2 13
2 14
2 33
2 64
2 71
2 91
2 108
2 131
2 134
2 145
2 153
2 161
2 198
2 206
2 222
2 225
2 226
2 236
2 244
2 246
2 248
2 249
2 282
2 296
2 301
2 309
2 337
2 346
2 369
2 374
2 383
2 401
2 407
2 414
2 433
2 437
2 445
2 446
3 4
3 5
3 6
3 7
3 8
3 9
3 10
3 11
3 12
3 13
3 14
3 27
3 42
3 62
3 67
3 69
3 72
3 74
3 80
3 109
3 142
3 146
3 169
3 172
3 179
3 198
3 215
3 224
3 229
3 235
3 249
3 255
3 261
3 265
3 273
3 301
3 322
3 329
3 340
3 353
3 361
3 391
3 407
3 409
3 414
3 428
3 447
4 5
4 6
4 7
4 8
4 9
4 10
4 11
4 12
4 13
4 14
4 18
4 29
4 33
4 37
4 47
4 50
4 52
4 63
4 78
4 98
4 103
4 111
4 113
4 116
4 119
4 121
4 139
4 149
4 152
4 164
4 168
4 172
4 178
4 181
4 182
4 186
4 205
4 220
4 224
4 229
4 230
4 231
4 233
4 241
4 242
4 251
4 264
4 266
4 293
4 298
4 299
4 306
4 311
4 321
4 323
4 331
4 337
4 340
4 345
4 373
4 407
4 411
4 416
4 418
4 430
4 434
4 443
4 449
5 6
5 7
5 8
5 9
5 10
5 11
5 12
5 13
5 14
5 23
5 24
5 29
5 35
5 44
5 54
5 87
5 93
5 123
5 142
5 154
5 156
5 164
5 168
5 177
5 191
5 210
5 212
5 231
5 232
5 237
5 243
5 251
5 256
5 265
5 272
5 283
5 288
5 333
5 354
5 358
5 362
5 364
5 369
5 389
5 393
5 397
5 401
5 409
5 414
5 435
5 436
6 7
6 8
6 9
6 10
6 11
6 12
6 13
6 14
6 22
6 25
6 42
6 47
6 68
6 71
6 72
6 126
6 129
6 167
6 187
6 195
6 201
6 225
6 226
6 228
6 237
6 251
6 253
6 275
6 280
6 286
6 304
6 314
6 317
6 324
6 329
6 355
6 359
6 362
6 381
6 397
6 402
6 406
6 417
6 433
6 435
6 443
6 447
7 8
7 9
7 10
7 11
7 12
7 13
7 14
7 16
7 25
7 46
7 47
7 51
7 53
7 58
7 62
7 74
7 76
7 83
7 87
7 91
7 97
7 108
7 127
7 131
7 133
7 145
7 148
7 165
7 179
7 186
7 187
7 190
7 192
7 213
7 226
7 249
7 257
7 273
7 282
7 288
7 299
7 300
7 304
7 311
7 315
7 316
7 349
7 353
7 363
7 420
7 421
7 425
7 435
7 436
7 437
7 438
7 446
8 9
8 10
8 11
8 12
8 13
8 14
8 18
8 26
8 27
8 33
8 40
8 57
8 71
8 79
8 81
8 95
8 125
8 163
8 169
8 179
8 219
8 224
8 226
8 243
8 246
8 251
8 283
8 288
8 303
8 311
8 327
8 335
8 359
8 368
8 373
8 377
8 408
8 423
8 427
8 430
8 433
8 437
8 446
9 10
9 11
9 12
9 13
9 14
9 42
9 55
9 59
9 60
9 63
9 91
9 93
9 94
9 108
9 109
9 124
9 125
9 126
9 130
9 138
9 152
9 154
9 164
9 182
9 189
9 197
9 226
9 227
9 233
9 237
9 243
9 247
9 251
9 288
9 298
9 317
9 325
9 335
9 344
9 365
9 369
9 371
9 373
9 400
9 407
9 415
9 421
9 428
9 448
10 11
10 12
10 13
10 14
10 17
10 27
10 63
10 73
10 74
10 111
10 112
10 114
10 118
10 121
10 127
10 134
10 139
10 141
10 143
10 147
10 152
10 155
10 160
10 170
10 176
10 189
10 193
10 202
10 212
10 231
10 232
10 234
10 241
10 248
10 255
10 262
10 281
10 288
10 294
10 296
10 297
10 299
10 301
10 315
10 324
10 362
10 365
10 366
10 404
10 421
10 425
10 431
10 435
10 445
11 12
11 13
11 14
11 15
11 35
11 44
11 46
11 51
11 68
11 99
11 107
11 123
11 135
11 153
11 155
11 156
11 161
11 192
11 219
11 220
11 221
11 222
11 226
11 237
11 242
11 244
11 249
11 285
11 327
11 344
11 350
11 351
11 356
11 381
11 391
11 400
11 401
11 407
11 410
11 421
11 425
11 427
11 430
11 446
12 13
12 14
12 17
12 19
12 27
12 43
12 50
12 53
12 57
12 93
12 107
12 127
12 130
12 133
12 140
12 143
12 149
12 150
12 157
12 183
12 195
12 204
12 209
12 210
12 211
12 226
12 228
12 234
12 239
12 241
12 257
12 283
12 301
12 310
12 319
12 339
12 352
12 364
12 366
12 368
12 392
12 409
12 430
12 432
12 436
12 446
13 14
13 15
13 42
13 43
13 59
13 76
13 102
13 109
13 142
13 149
13 153
13 179
13 182
13 187
13 188
13 231
13 232
13 238
13 239
13 242
13 255
13 257
13 258
13 267
13 283
13 288
13 292
13 299
13 318
13 326
13 356
13 389
13 396
13 397
13 422
13 426
13 428
14 21
14 24
14 47
14 51
14 53
14 68
14 72
14 77
14 84
14 91
14 100
14 109
14 110
14 112
14 118
14 121
14 129
14 133
14 137
14 143
14 168
14 172
14 175
14 190
14 192
14 201
14 210
14 211
14 212
14 214
14 215
14 228
14 230
14 241
14 245
14 264
14 272
14 290
14 293
14 300
14 302
14 308
14 312
14 318
14 319
14 321
14 328
14 349
14 358
14 360
14 371
14 387
14 401
14 411
14 414
14 419
14 443
15 16
15 17
15 18
15 19
15 20
15 21
15 22
15 23
15 24
15 25
15 26
15 27
15 28
15 29
15 35
15 40
15 43
15 44
15 46
15 63
15 70
15 89
15 96
15 102
15 145
15 147
15 152
15 155
15 159
15 163
15 181
15 185
15 196
15 221
15 226
15 240
15 244
15 259
15 268
15 271
15 274
15 294
15 304
15 340
15 348
15 351
15 365
15 369
15 370
15 376
15 443
15 447
15 448
16 17
16 18
16 19
16 20
16 21
16 22
16 23
16 24
16 25
16 26
16 27
16 28
16 29
16 48
16 49
16 68
16 70
16 79
16 86
16 104
16 107
16 115
16 134
16 148
16 158
16 195
16 272
16 284
16 285
16 352
16 368
16 370
16 372
16 379
16 380
16 382
16 387
16 388
16 393
16 405
16 422
16 424
16 426
16 449
17 18
17 19
17 20
17 21
17 22
17 23
17 24
17 25
17 26
17 27
17 28
17 29
17 44
17 57
17 95
17 115
17 122
17 143
17 164
17 173
17 174
17 183
17 221
17 229
17 235
17 273
17 288
17 301
17 305
17 317
17 330
17 338
17 342
17 344
17 348
17 367
17 383
17 398
17 402
17 408
17 411
17 430
17 433
17 440
17 444
18 19
18 20
18 21
18 22
18 23
18 24
18 25
18 26
18 27
18 28
18 29
18 30
18 32
18 37
18 39
18 40
18 58
18 62
18 68
18 69
18 72
18 73
18 78
18 87
18 90
18 108
18 109
18 115
18 116
18 117
18 134
18 142
18 145
18 163
18 185
18 193
18 195
18 215
18 219
18 230
18 231
18 242
18 262
18 273
18 274
18 275
18 276
18 280
18 286
18 296
18 327
18 341
18 346
18 352
18 357
18 362
18 377
18 383
18 387
18 390
18 397
18 398
18 403
18 406
18 407
18 431
18 435
18 446
18 449
19 20
19 21
19 22
19 23
19 24
19 25
19 26
19 27
19 28
19 29
19 49
19 69
19 71
19 103
19 115
19 116
19 133
19 148
19 162
19 163
19 168
19 176
19 209
19 215
19 230
19 236
19 239
19 252
19 268
19 292
19 298
19 304
19 320
19 323
19 325
19 326
19 328
19 335
19 338
19 340
19 342
19 349
19 360
19 370
19 374
19 379
19 383
19 400
19 404
19 410
19 414
19 416
19 418
19 421
19 425
19 436
19 443
19 447
20 21
20 22
20 23
20 24
20 25
20 26
20 27
20 28
20 29
20 32
20 40
20 42
20 55
20 75
20 79
20 102
20 103
20 105
20 106
20 113
20 123
20 132
20 133
20 139
20 148
20 153
20 159
20 172
20 179
20 182
20 202
20 212
20 214
20 226
20 244
20 266
20 279
20 289
20 293
20 301
20 304
20 307
20 324
20 328
20 333
20 341
20 353
20 367
20 373
20 374
20 385
20 393
20 400
20 402
20 440
21 22
21 23
21 24
21 25
21 26
21 27
21 28
21 29
21 32
21 45
21 63
21 66
21 79
21 87
21 105
21 106
21 108
21 115
21 120
21 123
21 129
21 130
21 135
21 144
21 150
21 151
21 168
21 177
21 178
21 201
21 206
21 212
21 244
21 247
21 250
21 275
21 288
21 301
21 308
21 321
21 329
21 330
21 356
21 364
21 369
21 370
21 395
21 400
21 405
21 419
21 428
21 439
21 441
22 23
22 24
22 25
22 26
22 27
22 28
22 29
22 46
22 54
22 69
22 88
22 89
22 105
22 110
22 120
22 126
22 128
22 140
22 150
22 155
22 165
22 172
22 190
22 193
22 194
22 197
22 203
22 215
22 219
22 228
22 233
22 236
22 249
22 257
22 273
22 280
22 287
22 292
22 294
22 302
22 307
22 319
22 320
22 325
22 342
22 362
22 368
22 370
22 373
22 376
22 382
22 388
22 389
22 391
22 413
22 418
22 423
22 438
22 439
23 24
23 25
23 26
23 27
23 28
23 29
23 30
23 62
23 74
23 98
23 106
23 115
23 121
23 150
23 163
23 168
23 202
23 204
23 214
23 217
23 218
23 226
23 233
23 237
23 243
23 245
23 254
23 266
23 273
23 301
23 307
23 316
23 335
23 338
23 353
23 374
23 382
23 395
23 413
23 429
23 433
23 445
24 25
24 26
24 27
24 28
24 29
24 35
24 40
24 46
24 49
24 58
24 68
24 76
24 82
24 84
24 86
24 89
24 92
24 133
24 136
24 139
24 145
24 170
24 180
24 195
24 205
24 232
24 234
24 252
24 262
24 263
24 269
24 271
24 274
24 281
24 314
24 318
24 354
24 361
24 363
24 364
24 374
24 384
24 417
24 437
25 26
25 27
25 28
25 29
25 31
25 36
25 37
25 74
25 80
25 104
25 113
25 122
25 136
25 140
25 141
25 143
25 146
25 159
25 160
25 166
25 173
25 179
25 181
25 188
25 192
25 198
25 202
25 203
25 208
25 211
25 220
25 224
25 225
25 227
25 238
25 250
25 261
25 290
25 296
25 299
25 304
25 313
25 323
25 350
25 360
25 367
25 369
25 385
25 398
25 404
25 424
25 441
25 448
25 449
26 27
26 28
26 29
26 34
26 44
26 47
26 57
26 101
26 106
26 117
26 136
26 137
26 149
26 173
26 188
26 195
26 201
26 208
26 220
26 222
26 237
26 249
26 271
26 274
26 278
26 321
26 335
26 353
26 357
26 361
26 374
26 397
26 420
26 426
26 437
26 443
26 449
27 28
27 29
27 43
27 48
27 55
27 61
27 98
27 119
27 124
27 126
27 131
27 137
27 159
27 170
27 173
27 175
27 177
27 184
27 207
27 217
27 222
27 229
27 246
27 265
27 268
27 274
27 281
27 282
27 307
27 309
27 314
27 335
27 339
27 344
27 393
27 400
27 404
27 407
27 408
27 419
27 429
27 439
27 443
28 29
28 31
28 56
28 59
28 71
28 86
28 87
28 105
28 106
28 119
28 133
28 137
28 142
28 155
28 157
28 164
28 168
28 179
28 203
28 204
28 210
28 213
28 223
28 228
28 232
28 237
28 242
28 245
28 249
28 264
28 268
28 280
28 284
28 306
28 315
28 323
28 324
28 328
28 354
28 364
28 370
28 378
28 380
28 390
28 416
28 417
29 41
29 42
29 46
29 55
29 65
29 72
29 77
29 90
29 98
29 111
29 116
29 118
29 142
29 154
29 183
29 185
29 187
29 191
29 217
29 239
29 249
29 255
29 265
29 268
29 289
29 292
29 297
29 302
29 319
29 320
29 345
29 369
29 383
29 387
29 396
29 402
29 406
29 407
29 437
29 443
29 449
32 33
32 34
32 35
32 36
32 37
32 38
32 39
32 40
32 41
32 42
32 43
32 44
32 30
32 31
32 85
32 90
32 108
32 124
32 139
32 161
32 162
32 165
32 175
32 193
32 204
32 212
32 219
32 220
32 222
32 227
32 249
32 254
32 259
32 273
32 294
32 305
32 312
32 313
32 329
32 338
32 339
32 348
32 349
32 357
32 363
32 380
32 408
32 409
32 444
33 34
33 35
33 36
33 37
33 38
33 39
33 40
33 41
33 42
33 43
33 44
33 30
33 31
33 55
33 60
33 67
33 96
33 107
33 132
33 152
33 154
33 158
33 167
33 181
33 185
33 189
33 207
33 209
33 213
33 220
33 224
33 228
33 230
33 232
33 240
33 263
33 270
33 274
33 279
33 298
33 317
33 318
33 334
33 345
33 349
33 363
33 386
33 390
33 392
33 398
33 399
33 400
33 402
33 406
33 408
33 413
33 416
33 426
33 438
33 445
33 446
34 35
34 36
34 37
34 38
34 39
34 40
34 41
34 42
34 43
34 44
34 30
34 31
34 45
34 57
34 86
34 98
34 103
34 106
34 108
34 110
34 114
34 118
34 120
34 146
34 154
34 159
34 170
34 179
34 184
34 191
34 239
34 246
34 274
34 286
34 296
34 312
34 315
34 316
34 334
34 339
34 340
34 348
34 362
34 374
34 389
34 396
34 399
34 412
34 415
34 427
34 439
34 445
34 447
35 36
35 37
35 38
35 39
35 40
35 41
35 42
35 43
35 44
35 30
35 31
35 53
35 65
35 92
35 98
35 104
35 109
35 113
35 147
35 148
35 159
35 166
35 173
35 178
35 180
35 183
35 197
35 201
35 211
35 212
35 213
35 218
35 228
35 251
35 261
35 269
35 294
35 300
35 319
35 321
35 328
35 331
35 351
35 352
35 353
35 371
35 384
35 387
35 388
35 397
35 401
35 403
35 409
35 422
35 442
35 449
36 37
36 38
36 39
36 40
36 41
36 42
36 43
36 44
36 30
36 31
36 46
36 48
36 49
36 74
36 76
36 93
36 107
36 123
36 142
36 155
36 165
36 176
36 181
36 191
36 207
36 229
36 238
36 240
36 243
36 248
36 258
36 260
36 279
36 285
36 288
36 298
36 306
36 314
36 337
36 345
36 366
36 367
36 378
36 384
36 410
36 419
36 427
36 436
36 448
37 38
37 39
37 40
37 41
37 42
37 43
37 44
37 30
37 31
37 47
37 50
37 54
37 62
37 76
37 78
37 81
37 95
37 103
37 113
37 115
37 120
37 134
37 137
37 144
37 151
37 152
37 154
37 167
37 176
37 185
37 189
37 199
37 209
37 214
37 221
37 225
37 232
37 251
37 256
37 258
37 263
37 274
37 279
37 301
37 321
37 323
37 331
37 339
37 353
37 355
37 360
37 362
37 369
37 371
37 390
37 410
37 418
37 419
37 443
37 444
38 39
38 40
38 41
38 42
38 43
38 44
38 30
38 31
38 47
38 49
38 59
38 61
38 64
38 66
38 78
38 87
38 120
38 125
38 130
38 137
38 145
38 147
38 148
38 153
38 188
38 205
38 208
38 224
38 225
38 227
38 231
38 251
38 254
38 256
38 263
38 264
38 265
38 269
38 273
38 287
38 289
38 293
38 296
38 300
38 308
38 309
38 317
38 324
38 330
38 338
38 351
38 367
38 394
38 414
38 418
38 436
38 446
39 40
39 41
39 42
39 43
39 44
39 30
39 31
39 46
39 51
39 54
39 78
39 80
39 82
39 84
39 106
39 109
39 110
39 117
39 126
39 129
39 160
39 168
39 174
39 178
39 180
39 181
39 190
39 198
39 204
39 214
39 219
39 242
39 247
39 255
39 264
39 271
39 272
39 273
39 289
39 292
39 294
39 295
39 303
39 304
39 326
39 350
39 358
39 363
39 368
39 369
39 370
39 383
39 399
39 407
39 410
39 419
39 423
39 424
39 431
39 435
39 436
40 41
40 42
40 43
40 44
40 30
40 31
40 46
40 53
40 80
40 93
40 95
40 96
40 98
40 101
40 129
40 132
40 133
40 141
40 147
40 150
40 155
40 157
40 159
40 168
40 187
40 195
40 200
40 213
40 221
40 224
40 228
40 232
40 233
40 254
40 257
40 273
40 275
40 277
40 278
40 284
40 309
40 325
40 326
40 331
40 334
40 348
40 362
40 374
40 382
40 383
40 393
40 420
41 42
41 43
41 44
41 30
41 31
41 47
41 54
41 58
41 60
41 64
41 65
41 82
41 84
41 88
41 114
41 122
41 127
41 132
41 139
41 141
41 145
41 149
41 155
41 165
41 186
41 190
41 192
41 208
41 244
41 256
41 258
41 264
41 285
41 291
41 301
41 306
41 311
41 331
41 347
41 349
41 359
41 389
41 393
41 395
41 397
41 419
41 442
41 445
42 43
42 44
42 30
42 31
42 65
42 72
42 77
42 79
42 80
42 85
42 93
42 94
42 100
42 101
42 107
42 115
42 119
42 173
42 176
42 187
42 199
42 207
42 211
42 223
42 225
42 235
42 238
42 243
42 244
42 245
42 275
42 289
42 290
42 296
42 299
42 327
42 337
42 339
42 348
42 358
42 400
42 407
42 410
42 411
42 427
42 432
42 433
42 435
42 437
42 442
43 44
43 30
43 31
43 52
43 55
43 59
43 69
43 73
43 79
43 80
43 113
43 115
43 120
43 124
43 128
43 135
43 140
43 166
43 173
43 192
43 199
43 215
43 217
43 235
43 242
43 252
43 253
43 255
43 257
43 261
43 264
43 284
43 296
43 297
43 300
43 314
43 318
43 323
43 326
43 331
43 340
43 353
43 357
43 360
43 362
43 365
43 368
43 377
43 389
43 390
43 394
43 396
43 426
43 427
43 436
44 30
44 31
44 46
44 67
44 89
44 92
44 102
44 107
44 125
44 135
44 157
44 158
44 169
44 173
44 177
44 213
44 216
44 219
44 226
44 230
44 233
44 238
44 249
44 256
44 265
44 279
44 288
44 289
44 294
44 302
44 304
44 309
44 312
44 334
44 347
44 361
44 377
44 381
44 384
44 394
44 423
44 431
44 437
44 444
30 31
30 68
30 72
30 73
30 79
30 83
30 141
30 144
30 154
30 156
30 157
30 164
30 169
30 170
30 195
30 198
30 199
30 231
30 233
30 251
30 258
30 259
30 279
30 281
30 311
30 313
30 346
30 354
30 366
30 377
30 402
30 404
30 411
30 415
30 416
31 45
31 53
31 60
31 83
31 97
31 108
31 109
31 124
31 127
31 128
31 142
31 177
31 179
31 180
31 184
31 185
31 200
31 209
31 226
31 228
31 236
31 242
31 273
31 295
31 300
31 310
31 334
31 348
31 359
31 367
31 375
31 408
31 424
31 426
31 428
31 430
31 433
31 436
45 46
45 47
45 48
45 49
45 50
45 51
45 52
45 53
45 54
45 55
45 56
45 57
45 58
45 59
45 61
45 77
45 81
45 82
45 85
45 98
45 116
45 125
45 141
45 149
45 152
45 155
45 156
45 163
45 166
45 175
45 188
45 214
45 228
45 233
45 238
45 265
45 277
45 278
45 284
45 300
45 324
45 329
45 335
45 337
45 344
45 345
45 363
45 367
45 368
45 373
45 376
45 378
45 384
45 396
45 400
45 423
45 425
45 427
45 433
45 443
45 446
46 47
46 48
46 49
46 50
46 51
46 52
46 53
46 54
46 55
46 56
46 57
46 58
46 59
46 65
46 70
46 71
46 79
46 86
46 88
46 125
46 126
46 129
46 137
46 142
46 155
46 173
46 195
46 202
46 212
46 218
46 221
46 229
46 231
46 249
46 250
46 279
46 300
46 305
46 326
46 329
46 338
46 347
46 357
46 359
46 407
46 409
46 413
46 421
46 426
46 434
46 447
46 449
47 48
47 49
47 50
47 51
47 52
47 53
47 54
47 55
47 56
47 57
47 58
47 59
47 69
47 112
47 118
47 119
47 127
47 140
47 159
47 166
47 169
47 170
47 173
47 186
47 197
47 200
47 206
47 215
47 225
47 246
47 249
47 254
47 256
47 262
47 286
47 294
47 304
47 306
47 315
47 317
47 323
47 342
47 359
47 364
47 367
47 380
47 396
47 400
47 401
47 403
47 410
47 420
47 423
47 436
47 446
47 449
48 49
48 50
48 51
48 52
48 53
48 54
48 55
48 56
48 57
48 58
48 59
48 86
48 94
48 98
48 99
48 100
48 119
48 131
48 135
48 144
48 156
48 165
48 179
48 193
48 225
48 233
48 234
48 262
48 288
48 302
48 304
48 306
48 314
48 352
48 367
48 383
48 387
48 389
48 400
48 413
48 425
48 426
48 443
48 445
49 50
49 51
49 52
49 53
49 54
49 55
49 56
49 57
49 58
49 59
49 65
49 74
49 95
49 98
49 108
49 131
49 133
49 139
49 152
49 161
49 166
49 183
49 190
49 202
49 206
49 217
49 219
49 228
49 231
49 235
49 241
49 243
49 249
49 264
49 275
49 282
49 287
49 296
49 300
49 307
49 327
49 350
49 351
49 370
49 371
49 374
49 382
49 386
49 413
49 437
49 447
50 51
50 52
50 53
50 54
50 55
50 56
50 57
50 58
50 59
50 60
50 67
50 68
50 73
50 79
50 82
50 87
50 88
50 111
50 113
50 133
50 146
50 148
50 151
50 153
50 154
50 185
50 193
50 207
50 213
50 253
50 268
50 288
50 300
50 305
50 316
50 349
50 359
50 362
50 370
50 372
50 376
50 392
50 423
50 445
51 52
51 53
51 54
51 55
51 56
51 57
51 58
51 59
51 62
51 69
51 85
51 92
51 99
51 134
51 156
51 186
51 206
51 227
51 228
51 229
51 238
51 246
51 247
51 249
51 251
51 254
51 286
51 292
51 317
51 319
51 326
51 363
51 376
51 385
51 390
51 401
51 403
51 409
51 419
51 435
51 436
51 438
51 449
52 53
52 54
52 55
52 56
52 57
52 58
52 59
52 60
52 87
52 124
52 135
52 144
52 150
52 157
52 171
52 193
52 205
52 214
52 219
52 226
52 245
52 247
52 251
52 254
52 293
52 294
52 296
52 300
52 316
52 357
52 362
52 373
52 381
52 387
52 398
52 401
52 407
52 415
52 423
52 445
53 54
53 55
53 56
53 57
53 58
53 59
53 77
53 84
53 85
53 88
53 98
53 105
53 107
53 113
53 126
53 128
53 135
53 151
53 164
53 166
53 167
53 174
53 193
53 199
53 210
53 220
53 224
53 228
53 236
53 241
53 245
53 257
53 264
53 269
53 278
53 281
53 306
53 312
53 313
53 329
53 335
53 339
53 359
53 403
53 405
53 411
53 414
53 428
53 432
54 55
54 56
54 57
54 58
54 59
54 70
54 95
54 99
54 100
54 102
54 116
54 122
54 139
54 144
54 145
54 158
54 177
54 183
54 198
54 201
54 216
54 229
54 245
54 256
54 258
54 259
54 270
54 273
54 279
54 283
54 294
54 313
54 331
54 332
54 335
54 346
54 355
54 357
54 363
54 364
54 387
54 412
54 418
54 444
55 56
55 57
55 58
55 59
55 71
55 106
55 107
55 131
55 135
55 153
55 162
55 187
55 188
55 220
55 223
55 261
55 265
55 267
55 271
55 286
55 294
55 308
55 318
55 324
55 327
55 335
55 337
55 338
55 346
55 355
55 359
55 382
55 383
55 399
55 419
55 443
56 57
56 58
56 59
56 72
56 79
56 80
56 87
56 94
56 115
56 119
56 137
56 138
56 142
56 162
56 166
56 170
56 172
56 183
56 196
56 198
56 227
56 243
56 246
56 248
56 271
56 277
56 293
56 295
56 309
56 312
56 326
56 335
56 362
56 367
56 377
56 385
56 388
56 390
56 404
56 406
56 417
56 421
56 422
56 441
57 58
57 59
57 61
57 64
57 86
57 98
57 107
57 114
57 135
57 137
57 140
57 142
57 147
57 155
57 173
57 190
57 207
57 216
57 238
57 259
57 304
57 308
57 311
57 312
57 318
57 324
57 331
57 343
57 348
57 354
57 373
57 377
57 381
57 383
57 390
57 403
57 408
57 415
57 419
57 433
58 59
58 72
58 100
58 111
58 126
58 162
58 163
58 171
58 172
58 186
58 195
58 206
58 219
58 226
58 236
58 241
58 245
58 252
58 259
58 261
58 266
58 269
58 273
58 274
58 306
58 310
58 313
58 319
58 330
58 334
58 357
58 360
58 373
58 374
58 385
58 395
58 405
58 407
58 412
58 414
58 432
59 70
59 81
59 93
59 101
59 109
59 133
59 141
59 144
59 160
59 174
59 189
59 194
59 197
59 206
59 217
59 224
59 262
59 277
59 288
59 313
59 314
59 330
59 358
59 359
59 365
59 376
59 382
59 385
59 391
59 409
59 410
59 422
59 423
59 424
59 427
59 431
59 440
59 444
59 446
64 65
64 66
64 67
64 68
64 69
64 70
64 71
64 72
64 73
64 74
64 60
64 61
64 62
64 63
64 75
64 86
64 110
64 121
64 123
64 126
64 129
64 133
64 135
64 137
64 152
64 161
64 171
64 192
64 193
64 197
64 211
64 219
64 224
64 238
64 241
64 255
64 259
64 265
64 279
64 280
64 282
64 286
64 304
64 315
64 323
64 331
64 336
64 338
64 346
64 356
64 361
64 364
64 404
64 419
64 428
64 442
65 66
65 67
65 68
65 69
65 70
65 71
65 72
65 73
65 74
65 60
65 61
65 62
65 63
65 82
65 86
65 91
65 97
65 115
65 134
65 137
65 144
65 151
65 173
65 180
65 185
65 205
65 212
65 228
65 230
65 237
65 259
65 262
65 263
65 266
65 267
65 271
65 284
65 285
65 295
65 299
65 315
65 317
65 319
65 345
65 350
65 353
65 371
65 383
65 387
65 389
65 406
65 408
65 426
65 429
65 435
65 444
66 67
66 68
66 69
66 70
66 71
66 72
66 73
66 74
66 60
66 61
66 62
66 63
66 96
66 134
66 150
66 163
66 170
66 172
66 183
66 193
66 196
66 199
66 200
66 209
66 210
66 212
66 222
66 231
66 238
66 259
66 264
66 268
66 270
66 280
66 294
66 310
66 329
66 345
66 346
66 360
66 362
66 369
66 371
66 377
66 416
66 432
67 68
67 69
67 70
67 71
67 72
67 73
67 74
67 60
67 61
67 62
67 63
67 78
67 97
67 121
67 167
67 177
67 179
67 183
67 200
67 205
67 208
67 232
67 260
67 281
67 307
67 337
67 340
67 348
67 352
67 357
67 378
67 429
67 434
68 69
68 70
68 71
68 72
68 73
68 74
68 60
68 61
68 62
68 63
68 76
68 79
68 87
68 92
68 112
68 122
68 135
68 149
68 159
68 167
68 181
68 182
68 197
68 202
68 224
68 236
68 249
68 253
68 259
68 262
68 268
68 269
68 274
68 285
68 287
68 288
68 303
68 321
68 329
68 330
68 342
68 368
68 398
68 401
68 429
68 445
69 70
69 71
69 72
69 73
69 74
69 60
69 61
69 62
69 63
69 80
69 105
69 109
69 117
69 126
69 130
69 133
69 137
69 162
69 165
69 178
69 181
69 193
69 200
69 205
69 206
69 228
69 231
69 237
69 253
69 260
69 271
69 273
69 275
69 281
69 289
69 295
69 310
69 317
69 323
69 366
69 390
69 391
69 397
69 399
69 400
69 421
69 424
69 438
70 71
70 72
70 73
70 74
70 60
70 61
70 62
70 63
70 83
70 94
70 95
70 97
70 103
70 111
70 118
70 123
70 133
70 158
70 164
70 168
70 193
70 200
70 218
70 224
70 233
70 234
70 248
70 267
70 279
70 283
70 288
70 289
70 301
70 320
70 331
70 342
70 354
70 364
70 371
70 380
70 381
70 410
70 413
70 415
70 420
70 422
70 424
70 425
70 432
70 443
70 444
71 72
71 73
71 74
71 60
71 61
71 62
71 63
71 79
71 82
71 83
71 85
71 90
71 91
71 96
71 98
71 111
71 124
71 125
71 128
71 131
71 136
71 143
71 144
71 150
71 170
71 172
71 193
71 196
71 222
71 225
71 239
71 256
71 282
71 291
71 299
71 304
71 321
71 330
71 341
71 346
71 347
71 362
71 365
71 383
71 401
71 407
71 425
71 428
71 433
71 447
72 73
72 74
72 60
72 61
72 62
72 63
72 76
72 83
72 92
72 95
72 124
72 153
72 163
72 164
72 172
72 200
72 201
72 228
72 257
72 287
72 288
72 290
72 306
72 324
72 328
72 357
72 361
72 362
72 374
72 376
72 389
72 398
72 422
72 436
73 74
73 60
73 61
73 62
73 63
73 75
73 87
73 111
73 117
73 139
73 173
73 190
73 203
73 236
73 249
73 252
73 253
73 263
73 264
73 279
73 287
73 293
73 294
73 299
73 300
73 306
73 315
73 323
73 338
73 344
73 345
73 363
73 364
73 366
73 368
73 377
73 383
73 394
73 396
73 410
73 418
73 420
73 421
73 427
73 438
74 60
74 61
74 62
74 63
74 89
74 92
74 96
74 110
74 139
74 140
74 148
74 166
74 185
74 190
74 195
74 196
74 202
74 217
74 227
74 233
74 272
74 277
74 291
74 296
74 297
74 300
74 312
74 315
74 318
74 326
74 337
74 349
74 362
74 369
74 383
74 385
74 388
74 392
74 408
74 411
74 414
74 427
74 443
74 445
74 448
60 61
60 62
60 63
60 91
60 95
60 105
60 110
60 123
60 127
60 146
60 148
60 154
60 174
60 176
60 188
60 189
60 201
60 215
60 222
60 228
60 231
60 233
60 237
60 269
60 284
60 299
60 302
60 317
60 318
60 323
60 333
60 342
60 345
60 387
60 388
60 416
60 423
60 428
60 433
60 442
60 447
61 62
61 63
61 79
61 83
61 101
61 104
61 108
61 109
61 113
61 130
61 135
61 138
61 140
61 142
61 151
61 158
61 159
61 179
61 180
61 187
61 189
61 235
61 236
61 246
61 275
61 282
61 289
61 301
61 306
61 308
61 310
61 318
61 329
61 344
61 346
61 368
61 385
61 387
61 392
61 399
61 400
61 405
61 413
61 433
62 63
62 80
62 91
62 120
62 136
62 147
62 158
62 171
62 174
62 177
62 180
62 194
62 196
62 208
62 216
62 242
62 254
62 260
62 269
62 275
62 278
62 281
62 303
62 308
62 325
62 353
62 368
62 373
62 383
62 401
62 426
63 79
63 82
63 116
63 141
63 144
63 161
63 167
63 176
63 180
63 186
63 208
63 211
63 243
63 260
63 261
63 269
63 273
63 280
63 281
63 283
63 297
63 302
63 319
63 325
63 336
63 337
63 345
63 359
63 382
63 391
63 394
63 397
63 408
63 429
63 436
75 76
75 77
75 78
75 79
75 80
75 81
75 82
75 83
75 84
75 85
75 86
75 87
75 88
75 89
75 106
75 112
75 113
75 122
75 135
75 136
75 138
75 140
75 154
75 163
75 164
75 169
75 176
75 178
75 181
75 194
75 201
75 207
75 237
75 258
75 271
75 272
75 289
75 307
75 314
75 318
75 325
75 342
75 346
75 367
75 374
75 403
75 405
75 409
75 414
75 426
75 432
75 435
75 439
75 449
76 77
76 78
76 79
76 80
76 81
76 82
76 83
76 84
76 85
76 86
76 87
76 88
76 89
76 105
76 135
76 146
76 150
76 165
76 174
76 182
76 188
76 199
76 201
76 206
76 220
76 260
76 283
76 293
76 297
76 317
76 341
76 343
76 344
76 345
76 349
76 359
76 364
76 387
76 389
76 397
76 423
76 435
77 78
77 79
77 80
77 81
77 82
77 83
77 84
77 85
77 86
77 87
77 88
77 89
77 96
77 120
77 129
77 132
77 136
77 151
77 152
77 162
77 176
77 196
77 202
77 211
77 221
77 231
77 240
77 245
77 247
77 261
77 263
77 286
77 295
77 303
77 313
77 319
77 323
77 339
77 347
77 356
77 368
77 371
77 378
77 406
77 412
77 413
77 444
78 79
78 80
78 81
78 82
78 83
78 84
78 85
78 86
78 87
78 88
78 89
78 94
78 98
78 146
78 166
78 167
78 168
78 171
78 177
78 180
78 181
78 195
78 215
78 228
78 239
78 250
78 258
78 264
78 267
78 276
78 278
78 280
78 281
78 282
78 288
78 302
78 303
78 309
78 312
78 316
78 328
78 346
78 372
78 375
78 379
78 383
78 389
78 393
78 409
78 411
78 413
78 414
78 419
78 439
79 80
79 81
79 82
79 83
79 84
79 85
79 86
79 87
79 88
79 89
79 117
79 138
79 160
79 168
79 169
79 175
79 176
79 196
79 209
79 225
79 231
79 232
79 235
79 236
79 254
79 263
79 281
79 290
79 303
79 311
79 322
79 389
79 394
79 404
79 409
79 421
79 434
79 438
79 449
80 81
80 82
80 83
80 84
80 85
80 86
80 87
80 88
80 89
80 91
80 100
80 101
80 104
80 115
80 120
80 127
80 141
80 155
80 160
80 170
80 175
80 190
80 198
80 231
80 233
80 241
80 244
80 245
80 249
80 255
80 259
80 274
80 287
80 290
80 295
80 314
80 334
80 345
80 370
80 379
80 390
80 397
80 402
80 403
80 411
80 419
80 423
80 424
80 432
80 444
80 446
81 82
81 83
81 84
81 85
81 86
81 87
81 88
81 89
81 103
81 125
81 128
81 139
81 145
81 154
81 176
81 183
81 195
81 199
81 211
81 235
81 241
81 250
81 254
81 258
81 262
81 273
81 279
81 286
81 315
81 317
81 337
81 338
81 357
81 364
81 369
81 371
81 375
81 402
81 412
81 426
81 428
81 441
82 83
82 84
82 85
82 86
82 87
82 88
82 89
82 92
82 96
82 98
82 99
82 100
82 103
82 134
82 136
82 142
82 151
82 157
82 159
82 160
82 162
82 180
82 187
82 199
82 203
82 230
82 260
82 269
82 281
82 290
82 316
82 321
82 326
82 333
82 368
82 370
82 371
82 380
82 388
82 396
82 401
82 412
83 84
83 85
83 86
83 87
83 88
83 89
83 95
83 111
83 122
83 143
83 147
83 165
83 176
83 222
83 233
83 234
83 250
83 265
83 281
83 303
83 306
83 315
83 327
83 335
83 342
83 354
83 362
83 365
83 368
83 374
83 388
83 417
83 427
83 441
83 448
84 85
84 86
84 87
84 88
84 89
84 100
84 119
84 122
84 138
84 139
84 143
84 161
84 177
84 178
84 179
84 186
84 191
84 197
84 204
84 208
84 220
84 222
84 228
84 237
84 241
84 251
84 284
84 293
84 306
84 311
84 313
84 333
84 346
84 353
84 382
84 384
84 388
84 395
84 397
84 404
84 413
84 416
84 430
84 432
84 444
85 86
85 87
85 88
85 89
85 102
85 106
85 115
85 125
85 135
85 139
85 162
85 166
85 189
85 217
85 227
85 228
85 238
85 253
85 262
85 273
85 279
85 287
85 288
85 304
85 339
85 375
85 379
85 449
86 87
86 88
86 89
86 112
86 144
86 149
86 173
86 177
86 179
86 182
86 184
86 206
86 209
86 210
86 240
86 247
86 251
86 258
86 277
86 287
86 288
86 302
86 305
86 316
86 319
86 335
86 349
86 356
86 379
86 381
86 395
86 403
86 404
86 427
86 429
86 439
86 441
87 88
87 89
87 140
87 151
87 162
87 167
87 178
87 193
87 205
87 212
87 215
87 222
87 223
87 238
87 239
87 240
87 246
87 253
87 254
87 260
87 279
87 280
87 286
87 292
87 293
87 309
87 343
87 355
87 361
87 378
87 399
87 414
87 420
87 424
87 429
87 432
87 433
87 437
87 445
87 447
88 89
88 90
88 94
88 96
88 99
88 105
88 116
88 123
88 126
88 143
88 153
88 195
88 204
88 205
88 207
88 210
88 218
88 259
88 274
88 314
88 315
88 321
88 373
88 392
88 394
88 404
88 412
88 422
88 425
88 446
89 99
89 107
89 121
89 124
89 129
89 133
89 138
89 149
89 160
89 215
89 250
89 264
89 277
89 297
89 304
89 310
89 316
89 327
89 330
89 334
89 342
89 345
89 346
89 352
89 364
89 382
89 388
89 394
89 406
89 413
89 423
89 435
89 447
96 97
96 98
96 99
96 100
96 101
96 102
96 103
96 104
96 90
96 91
96 92
96 93
96 94
96 95
96 128
96 136
96 139
96 146
96 165
96 172
96 202
96 205
96 207
96 209
96 211
96 221
96 228
96 234
96 247
96 273
96 279
96 283
96 293
96 295
96 300
96 331
96 338
96 348
96 355
96 358
96 372
96 377
96 417
96 419
96 440
97 98
97 99
97 100
97 101
97 102
97 103
97 104
97 90
97 91
97 92
97 93
97 94
97 95
97 106
97 115
97 125
97 131
97 159
97 162
97 165
97 183
97 189
97 192
97 193
97 217
97 227
97 230
97 235
97 258
97 266
97 272
97 287
97 297
97 306
97 309
97 311
97 321
97 329
97 330
97 346
97 353
97 388
97 390
97 396
97 403
97 446
97 448
98 99
98 100
98 101
98 102
98 103
98 104
98 90
98 91
98 92
98 93
98 94
98 95
98 107
98 128
98 145
98 146
98 155
98 156
98 169
98 192
98 211
98 212
98 216
98 217
98 223
98 233
98 239
98 243
98 254
98 261
98 266
98 267
98 271
98 278
98 279
98 280
98 282
98 286
98 288
98 289
98 290
98 304
98 308
98 333
98 334
98 353
98 356
98 359
98 364
98 366
98 367
98 374
98 398
98 404
98 415
98 444
98 448
99 100
99 101
99 102
99 103
99 104
99 90
99 91
99 92
99 93
99 94
99 95
99 118
99 140
99 156
99 160
99 163
99 169
99 186
99 198
99 215
99 243
99 254
99 267
99 285
99 312
99 323
99 337
99 353
99 361
99 365
99 375
99 378
99 393
99 401
99 411
99 427
99 432
99 441
100 101
100 102
100 103
100 104
100 90
100 91
100 92
100 93
100 94
100 95
100 118
100 134
100 139
100 148
100 149
100 164
100 170
100 201
100 232
100 235
100 265
100 268
100 270
100 274
100 275
100 292
100 298
100 304
100 342
100 346
100 347
100 351
100 354
100 372
100 383
100 389
100 401
100 428
100 435
100 440
100 441
100 443
101 102
101 103
101 104
101 90
101 91
101 92
101 93
101 94
101 95
101 107
101 119
101 124
101 127
101 136
101 146
101 150
101 161
101 172
101 183
101 196
101 200
101 207
101 211
101 240
101 251
101 326
101 328
101 335
101 348
101 357
101 366
101 382
101 391
101 400
101 426
101 428
101 429
101 430
101 432
101 438
101 443
102 103
102 104
102 90
102 91
102 92
102 93
102 94
102 95
102 109
102 116
102 119
102 132
102 171
102 174
102 189
102 194
102 196
102 199
102 206
102 211
102 212
102 216
102 217
102 223
102 230
102 265
102 271
102 273
102 274
102 293
102 303
102 308
102 397
102 409
102 416
102 425
102 431
102 437
102 438
103 104
103 90
103 91
103 92
103 93
103 94
103 95
103 111
103 112
103 123
103 152
103 161
103 166
103 170
103 177
103 183
103 210
103 213
103 277
103 278
103 287
103 307
103 325
103 327
103 328
103 330
103 357
103 389
103 391
103 417
103 423
103 427
103 430
103 432
104 90
104 91
104 92
104 93
104 94
104 95
104 106
104 108
104 117
104 121
104 168
104 170
104 183
104 220
104 234
104 237
104 244
104 248
104 263
104 282
104 285
104 295
104 302
104 306
104 309
104 316
104 326
104 334
104 336
104 340
104 343
104 362
104 365
104 374
104 382
104 394
104 403
104 409
104 410
104 415
104 437
104 445
104 449
90 91
90 92
90 93
90 94
90 95
90 111
90 112
90 114
90 124
90 126
90 133
90 141
90 160
90 173
90 179
90 191
90 194
90 198
90 215
90 218
90 221
90 222
90 224
90 233
90 242
90 253
90 259
90 269
90 272
90 274
90 284
90 307
90 308
90 315
90 334
90 336
90 349
90 360
90 400
90 410
90 413
90 415
90 420
90 428
90 433
90 434
91 92
91 93
91 94
91 95
91 111
91 115
91 119
91 123
91 158
91 163
91 186
91 194
91 199
91 207
91 224
91 237
91 245
91 248
91 265
91 270
91 275
91 277
91 280
91 282
91 287
91 289
91 293
91 298
91 307
91 318
91 336
91 340
91 344
91 349
91 371
91 372
91 378
91 393
91 394
91 400
91 403
91 404
91 433
92 93
92 94
92 95
92 126
92 133
92 141
92 150
92 160
92 196
92 235
92 256
92 275
92 278
92 318
92 319
92 329
92 335
92 354
92 360
92 384
92 405
92 410
92 415
92 418
92 425
93 94
93 95
93 112
93 115
93 122
93 131
93 137
93 142
93 145
93 150
93 166
93 170
93 171
93 174
93 176
93 177
93 196
93 197
93 211
93 237
93 244
93 256
93 258
93 264
93 285
93 291
93 297
93 298
93 314
93 316
93 329
93 330
93 351
93 354
93 368
93 378
93 389
93 393
93 397
93 400
93 403
93 404
93 409
93 424
93 438
93 447
94 95
94 115
94 121
94 122
94 130
94 172
94 174
94 186
94 188
94 197
94 220
94 230
94 247
94 265
94 271
94 273
94 277
94 283
94 287
94 298
94 309
94 329
94 347
94 355
94 364
94 379
94 381
94 396
94 402
94 406
94 421
94 428
94 441
94 442
94 444
95 113
95 126
95 167
95 188
95 189
95 199
95 212
95 214
95 220
95 228
95 258
95 261
95 305
95 310
95 314
95 321
95 324
95 328
95 335
95 340
95 346
95 352
95 353
95 361
95 391
95 397
95 400
95 407
95 413
95 421
95 426
95 434
95 443
105 106
105 107
105 108
105 109
105 110
105 111
105 112
105 113
105 114
105 115
105 116
105 117
105 118
105 119
105 122
105 123
105 134
105 135
105 148
105 157
105 166
105 167
105 189
105 191
105 212
105 215
105 219
105 251
105 256
105 258
105 288
105 314
105 330
105 346
105 348
105 375
105 390
105 412
105 433
105 444
106 107
106 108
106 109
106 110
106 111
106 112
106 113
106 114
106 115
106 116
106 117
106 118
106 119
106 126
106 130
106 137
106 155
106 163
106 165
106 166
106 178
106 191
106 193
106 207
106 216
106 221
106 227
106 235
106 253
106 258
106 277
106 279
106 283
106 299
106 310
106 312
106 322
106 326
106 329
106 334
106 346
106 352
106 390
106 412
106 427
106 432
106 444
106 446
107 108
107 109
107 110
107 111
107 112
107 113
107 114
107 115
107 116
107 117
107 118
107 119
107 121
107 126
107 130
107 137
107 153
107 160
107 165
107 167
107 170
107 175
107 194
107 196
107 203
107 208
107 210
107 217
107 226
107 240
107 280
107 285
107 287
107 294
107 302
107 308
107 324
107 327
107 331
107 338
107 341
107 361
107 378
107 398
107 404
107 405
107 416
107 421
107 423
108 109
108 110
108 111
108 112
108 113
108 114
108 115
108 116
108 117
108 118
108 119
108 127
108 130
108 160
108 187
108 194
108 200
108 201
108 203
108 212
108 215
108 222
108 226
108 229
108 231
108 233
108 243
108 246
108 252
108 260
108 265
108 289
108 298
108 300
108 318
108 322
108 332
108 339
108 362
108 375
108 378
108 397
108 410
108 427
108 434
109 110
109 111
109 112
109 113
109 114
109 115
109 116
109 117
109 118
109 119
109 128
109 132
109 133
109 155
109 160
109 161
109 186
109 190
109 191
109 221
109 222
109 227
109 232
109 247
109 255
109 258
109 266
109 279
109 282
109 288
109 289
109 292
109 301
109 334
109 335
109 336
109 337
109 341
109 368
109 381
109 389
109 404
109 411
109 421
109 424
109 429
109 433
109 434
109 448
109 449
110 111
110 112
110 113
110 114
110 115
110 116
110 117
110 118
110 119
110 122
110 123
110 137
110 148
110 168
110 184
110 188
110 194
110 223
110 235
110 237
110 246
110 276
110 285
110 289
110 307
110 314
110 329
110 351
110 353
110 359
110 388
110 396
110 417
110 423
111 112
111 113
111 114
111 115
111 116
111 117
111 118
111 119
111 120
111 122
111 132
111 141
111 142
111 162
111 189
111 201
111 220
111 271
111 272
111 284
111 288
111 297
111 306
111 323
111 328
111 332
111 342
111 348
111 371
111 376
111 394
111 401
111 410
111 411
111 413
111 416
111 419
111 424
111 443
111 448
112 113
112 114
112 115
112 116
112 117
112 118
112 119
112 122
112 140
112 148
112 157
112 172
112 176
112 179
112 182
112 184
112 193
112 200
112 208
112 216
112 234
112 236
112 244
112 288
112 312
112 315
112 321
112 325
112 326
112 333
112 340
112 348
112 350
112 368
112 389
112 398
112 402
112 409
112 417
112 428
112 437
112 441
112 446
112 449
113 114
113 115
113 116
113 117
113 118
113 119
113 144
113 176
113 183
113 187
113 197
113 204
113 218
113 224
113 225
113 237
113 246
113 257
113 265
113 269
113 274
113 278
113 286
113 305
113 311
113 316
113 320
113 326
113 329
113 333
113 347
113 351
113 372
113 381
113 414
114 115
114 116
114 117
114 118
114 119
114 123
114 124
114 125
114 126
114 129
114 150
114 157
114 189
114 193
114 200
114 205
114 208
114 212
114 214
114 234
114 258
114 291
114 292
114 301
114 306
114 319
114 325
114 344
114 362
114 377
114 392
114 410
114 424
114 427
114 433
114 434
114 440
114 445
115 116
115 117
115 118
115 119
115 148
115 152
115 173
115 182
115 185
115 190
115 191
115 193
115 211
115 213
115 217
115 247
115 253
115 255
115 276
115 285
115 306
115 314
115 326
115 335
115 356
115 370
115 378
115 380
115 385
115 388
115 406
115 415
115 419
115 432
115 433
115 437
116 117
116 118
116 119
116 137
116 149
116 181
116 185
116 187
116 188
116 205
116 209
116 213
116 231
116 232
116 246
116 259
116 264
116 265
116 291
116 292
116 296
116 302
116 305
116 320
116 332
116 342
116 349
116 376
116 379
116 389
116 407
116 409
116 416
116 422
116 423
116 443
116 445
116 447
116 449
117 118
117 119
117 132
117 139
117 153
117 156
117 166
117 183
117 193
117 198
117 205
117 211
117 223
117 226
117 254
117 259
117 266
117 285
117 318
117 321
117 346
117 353
117 358
117 375
117 381
117 382
117 395
117 396
117 416
117 425
117 442
118 119
118 150
118 162
118 178
118 182
118 190
118 192
118 197
118 204
118 207
118 227
118 228
118 237
118 245
118 269
118 301
118 312
118 321
118 322
118 323
118 342
118 346
118 393
118 394
118 399
118 402
118 408
118 432
118 440
119 125
119 126
119 132
119 144
119 157
119 166
119 173
119 194
119 196
119 230
119 235
119 247
119 250
119 257
119 268
119 296
119 306
119 311
119 324
119 332
119 334
119 336
119 337
119 361
119 362
119 366
119 385
119 391
119 403
119 426
119 427
119 441
119 442
128 129
128 130
128 131
128 132
128 133
128 134
128 120
128 121
128 122
128 123
128 124
128 125
128 126
128 127
128 137
128 147
128 149
128 152
128 155
128 158
128 193
128 201
128 211
128 220
128 243
128 251
128 269
128 278
128 296
128 307
128 309
128 314
128 315
128 329
128 336
128 353
128 380
128 381
128 387
128 394
128 400
128 402
128 423
128 446
129 130
129 131
129 132
129 133
129 134
129 120
129 121
129 122
129 123
129 124
129 125
129 126
129 127
129 140
129 143
129 146
129 147
129 151
129 171
129 179
129 184
129 187
129 188
129 207
129 210
129 212
129 217
129 230
129 239
129 242
129 255
129 257
129 260
129 273
129 275
129 281
129 295
129 297
129 299
129 304
129 324
129 336
129 356
129 361
129 365
129 373
129 374
129 378
129 383
129 385
129 386
129 406
129 407
129 443
130 131
130 132
130 133
130 134
130 120
130 121
130 122
130 123
130 124
130 125
130 126
130 127
130 137
130 165
130 169
130 197
130 221
130 250
130 258
130 266
130 275
130 280
130 296
130 298
130 304
130 331
130 332
130 350
130 384
130 396
130 397
130 402
130 403
131 132
131 133
131 134
131 120
131 121
131 122
131 123
131 124
131 125
131 126
131 127
131 137
131 138
131 142
131 146
131 151
131 156
131 159
131 167
131 179
131 197
131 212
131 226
131 270
131 282
131 287
131 301
131 304
131 314
131 329
131 332
131 340
131 341
131 348
131 361
131 366
131 376
131 383
131 386
131 387
131 392
131 394
131 396
131 401
131 412
131 420
131 421
131 446
132 133
132 134
132 120
132 121
132 122
132 123
132 124
132 125
132 126
132 127
132 143
132 161
132 163
132 177
132 188
132 229
132 256
132 264
132 271
132 272
132 281
132 298
132 300
132 304
132 312
132 318
132 332
132 335
132 366
132 384
132 389
132 402
132 410
132 435
132 436
132 437
132 438
132 439
132 448
133 134
133 120
133 121
133 122
133 123
133 124
133 125
133 126
133 127
133 172
133 186
133 188
133 194
133 209
133 230
133 242
133 249
133 252
133 266
133 289
133 301
133 310
133 315
133 322
133 328
133 329
133 342
133 343
133 347
133 377
133 383
133 390
133 397
133 404
133 432
133 444
134 120
134 121
134 122
134 123
134 124
134 125
134 126
134 127
134 137
134 142
134 146
134 158
134 168
134 191
134 206
134 207
134 211
134 246
134 256
134 285
134 288
134 297
134 315
134 322
134 329
134 330
134 335
134 336
134 347
134 348
134 389
134 401
134 412
134 422
134 428
134 445
120 121
120 122
120 123
120 124
120 125
120 126
120 127
120 144
120 159
120 160
120 171
120 188
120 201
120 208
120 212
120 218
120 237
120 256
120 263
120 264
120 285
120 298
120 308
120 311
120 314
120 316
120 321
120 322
120 330
120 335
120 365
120 372
120 380
120 382
120 393
120 399
120 413
120 423
120 434
120 436
120 438
121 122
121 123
121 124
121 125
121 126
121 127
121 140
121 173
121 176
121 183
121 196
121 200
121 207
121 208
121 212
121 226
121 228
121 242
121 249
121 252
121 255
121 272
121 279
121 283
121 295
121 296
121 299
121 302
121 340
121 351
121 360
121 386
121 388
121 390
121 393
121 428
121 437
121 445
122 123
122 124
122 125
122 126
122 127
122 154
122 160
122 174
122 180
122 188
122 194
122 205
122 215
122 216
122 258
122 259
122 267
122 294
122 354
122 357
122 366
122 380
122 383
122 385
122 402
122 407
122 414
122 425
122 431
122 435
122 440
123 124
123 125
123 126
123 127
123 140
123 169
123 174
123 197
123 203
123 205
123 206
123 225
123 239
123 243
123 253
123 257
123 272
123 298
123 324
123 333
123 350
123 365
123 384
123 406
123 420
123 430
123 431
123 441
123 442
123 444
124 125
124 126
124 127
124 153
124 156
124 162
124 193
124 213
124 216
124 221
124 230
124 231
124 239
124 259
124 262
124 268
124 300
124 301
124 322
124 324
124 331
124 337
124 342
124 364
124 370
124 371
124 379
124 413
124 422
124 429
124 445
124 446
124 447
125 126
125 127
125 136
125 152
125 160
125 168
125 171
125 172
125 179
125 196
125 209
125 225
125 237
125 239
125 244
125 251
125 268
125 281
125 305
125 307
125 315
125 317
125 335
125 342
125 353
125 369
125 370
125 385
125 386
125 389
125 406
125 440
125 443
125 448
126 127
126 138
126 151
126 155
126 171
126 204
126 210
126 217
126 218
126 220
126 228
126 229
126 253
126 295
126 307
126 319
126 320
126 331
126 335
126 345
126 364
126 377
126 388
126 414
126 426
127 143
127 157
127 167
127 168
127 201
127 224
127 229
127 242
127 249
127 259
127 278
127 280
127 282
127 285
127 293
127 299
127 309
127 316
127 364
127 369
127 373
127 374
127 375
127 418
127 420
127 426
127 429
127 446
135 136
135 137
135 138
135 139
135 140
135 141
135 142
135 143
135 144
135 145
135 146
135 147
135 148
135 149
135 152
135 167
135 171
135 174
135 175
135 180
135 183
135 196
135 198
135 216
135 231
135 242
135 243
135 260
135 266
135 276
135 277
135 293
135 305
135 306
135 311
135 326
135 335
135 337
135 342
135 349
135 386
135 391
135 394
135 399
135 404
135 411
135 438
135 439
136 137
136 138
136 139
136 140
136 141
136 142
136 143
136 144
136 145
136 146
136 147
136 148
136 149
136 150
136 152
136 162
136 163
136 174
136 177
136 191
136 194
136 218
136 275
136 282
136 284
136 287
136 289
136 291
136 305
136 309
136 310
136 311
136 322
136 339
136 345
136 347
136 348
136 356
136 386
136 388
136 391
136 405
136 421
136 424
136 427
136 429
136 437
136 440
136 442
137 138
137 139
137 140
137 141
137 142
137 143
137 144
137 145
137 146
137 147
137 148
137 149
137 153
137 175
137 192
137 193
137 194
137 210
137 212
137 220
137 258
137 275
137 282
137 295
137 299
137 312
137 313
137 325
137 337
137 338
137 341
137 350
137 376
137 387
137 395
137 406
137 411
137 433
137 441
137 446
138 139
138 140
138 141
138 142
138 143
138 144
138 145
138 146
138 147
138 148
138 149
138 151
138 157
138 161
138 166
138 167
138 168
138 174
138 177
138 181
138 188
138 194
138 204
138 206
138 207
138 211
138 218
138 241
138 247
138 248
138 252
138 258
138 259
138 264
138 265
138 276
138 279
138 284
138 286
138 310
138 313
138 314
138 382
138 384
138 389
138 391
138 392
138 393
138 399
138 407
138 408
138 415
138 425
138 428
138 444
139 140
139 141
139 142
139 143
139 144
139 145
139 146
139 147
139 148
139 149
139 161
139 172
139 174
139 175
139 181
139 196
139 212
139 222
139 228
139 233
139 234
139 238
139 240
139 250
139 252
139 254
139 262
139 275
139 277
139 283
139 286
139 308
139 320
139 322
139 342
139 345
139 347
139 359
139 360
139 368
139 375
139 377
139 393
139 397
139 405
139 413
139 421
139 429
139 434
139 435
140 141
140 142
140 143
140 144
140 145
140 146
140 147
140 148
140 149
140 165
140 186
140 189
140 203
140 224
140 235
140 236
140 237
140 245
140 258
140 263
140 269
140 270
140 275
140 279
140 281
140 285
140 297
140 308
140 314
140 329
140 331
140 337
140 343
140 386
140 389
140 394
140 396
140 397
140 398
140 401
140 407
140 410
140 413
140 421
140 422
140 440
141 142
141 143
141 144
141 145
141 146
141 147
141 148
141 149
141 157
141 159
141 168
141 180
141 202
141 217
141 220
141 243
141 264
141 267
141 272
141 311
141 313
141 327
141 328
141 340
141 342
141 345
141 350
141 374
141 376
141 384
141 387
141 394
141 400
141 401
141 402
141 406
141 415
141 422
141 435
141 436
141 438
141 447
142 143
142 144
142 145
142 146
142 147
142 148
142 149
142 153
142 161
142 172
142 175
142 180
142 189
142 192
142 204
142 228
142 229
142 239
142 243
142 268
142 274
142 286
142 297
142 298
142 302
142 318
142 335
142 340
142 341
142 359
142 367
142 370
142 381
142 382
142 384
142 386
142 399
142 408
142 415
142 424
142 426
142 433
142 439
142 441
143 144
143 145
143 146
143 147
143 148
143 149
143 156
143 158
143 171
143 197
143 211
143 223
143 225
143 229
143 231
143 242
143 268
143 310
143 318
143 339
143 341
143 346
143 354
143 355
143 364
143 377
143 378
143 382
143 388
143 389
143 392
143 400
143 405
143 407
143 414
143 420
143 422
143 423
143 431
143 437
143 443
144 145
144 146
144 147
144 148
144 149
144 162
144 200
144 201
144 205
144 207
144 214
144 215
144 222
144 225
144 237
144 253
144 254
144 267
144 270
144 274
144 277
144 294
144 301
144 355
144 361
144 376
144 382
144 393
144 427
145 146
145 147
145 148
145 149
145 161
145 176
145 196
145 205
145 207
145 218
145 235
145 253
145 259
145 272
145 290
145 299
145 309
145 317
145 328
145 330
145 333
145 338
145 339
145 348
145 361
145 362
145 363
145 364
145 374
145 383
145 385
145 389
145 393
145 396
145 402
145 405
145 407
145 415
145 418
145 421
145 444
146 147
146 148
146 149
146 154
146 163
146 179
146 185
146 188
146 200
146 206
146 233
146 243
146 251
146 273
146 276
146 281
146 314
146 316
146 355
146 364
146 372
146 380
146 383
146 384
146 387
146 414
146 417
146 420
146 424
146 429
146 439
146 441
146 444
146 445
146 449
147 148
147 149
147 185
147 198
147 199
147 205
147 217
147 223
147 244
147 268
147 278
147 279
147 282
147 290
147 300
147 302
147 326
147 348
147 362
147 390
147 417
147 421
147 436
147 437
147 445
147 447
148 149
148 159
148 160
148 161
148 163
148 200
148 202
148 225
148 234
148 244
148 258
148 261
148 277
148 287
148 288
148 289
148 305
148 308
148 316
148 322
148 351
148 368
148 371
148 390
148 397
148 400
148 415
148 416
148 431
148 436
148 439
148 446
149 153
149 155
149 165
149 168
149 172
149 181
149 186
149 190
149 196
149 200
149 211
149 218
149 224
149 231
149 250
149 269
149 273
149 276
149 278
149 285
149 293
149 296
149 301
149 315
149 322
149 329
149 342
149 355
149 357
149 360
149 380
149 381
149 386
149 399
149 409
149 431
149 441
149 443
149 447
160 161
160 162
160 163
160 164
160 150
160 151
160 152
160 153
160 154
160 155
160 156
160 157
160 158
160 159
160 171
160 179
160 194
160 236
160 240
160 242
160 245
160 250
160 251
160 273
160 277
160 288
160 300
160 306
160 327
160 345
160 354
160 364
160 368
160 379
160 381
160 417
160 425
160 426
160 449
161 162
161 163
161 164
161 150
161 151
161 152
161 153
161 154
161 155
161 156
161 157
161 158
161 159
161 175
161 184
161 194
161 198
161 206
161 208
161 209
161 239
161 264
161 321
161 323
161 330
161 332
161 340
161 354
161 413
161 414
161 417
161 419
161 423
161 426
161 433
161 435
161 436
162 163
162 164
162 150
162 151
162 152
162 153
162 154
162 155
162 156
162 157
162 158
162 159
162 168
162 169
162 197
162 199
162 200
162 205
162 216
162 238
162 260
162 285
162 289
162 300
162 308
162 320
162 334
162 383
162 388
162 389
162 412
162 416
162 420
162 422
162 430
162 442
163 164
163 150
163 151
163 152
163 153
163 154
163 155
163 156
163 157
163 158
163 159
163 169
163 214
163 224
163 229
163 231
163 243
163 246
163 253
163 256
163 276
163 283
163 285
163 301
163 304
163 315
163 320
163 324
163 325
163 335
163 356
163 362
163 365
163 367
163 380
163 384
163 395
163 399
163 447
164 150
164 151
164 152
164 153
164 154
164 155
164 156
164 157
164 158
164 159
164 165
164 192
164 234
164 247
164 258
164 263
164 264
164 268
164 296
164 319
164 329
164 330
164 336
164 360
164 364
164 365
164 376
164 378
164 394
164 400
164 401
164 404
164 432
164 434
150 151
150 152
150 153
150 154
150 155
150 156
150 157
150 158
150 159
150 201
150 202
150 206
150 212
150 214
150 218
150 258
150 280
150 283
150 294
150 297
150 306
150 333
150 336
150 337
150 338
150 342
150 358
150 380
150 403
150 404
150 406
150 409
150 414
150 445
151 152
151 153
151 154
151 155
151 156
151 157
151 158
151 159
151 170
151 171
151 174
151 182
151 190
151 198
151 215
151 220
151 222
151 245
151 260
151 279
151 280
151 293
151 308
151 325
151 346
151 362
151 369
151 371
151 395
151 405
151 436
151 444
151 445
152 153
152 154
152 155
152 156
152 157
152 158
152 159
152 170
152 172
152 191
152 192
152 193
152 206
152 211
152 215
152 234
152 235
152 240
152 255
152 258
152 260
152 266
152 267
152 270
152 272
152 280
152 281
152 285
152 290
152 294
152 311
152 325
152 341
152 358
152 360
152 367
152 370
152 373
152 380
152 396
152 402
152 407
152 424
152 438
153 154
153 155
153 156
153 157
153 158
153 159
153 165
153 182
153 189
153 190
153 219
153 221
153 230
153 234
153 238
153 254
153 258
153 278
153 283
153 318
153 335
153 342
153 372
153 373
153 404
153 417
153 423
153 427
153 430
153 434
154 155
154 156
154 157
154 158
154 159
154 176
154 181
154 189
154 196
154 197
154 211
154 238
154 258
154 264
154 268
154 290
154 303
154 307
154 311
154 326
154 327
154 330
154 331
154 350
154 364
154 369
154 389
154 396
154 401
154 410
154 415
154 427
154 429
154 430
154 436
154 445
155 156
155 157
155 158
155 159
155 168
155 177
155 184
155 190
155 202
155 219
155 224
155 233
155 237
155 248
155 251
155 256
155 277
155 279
155 281
155 283
155 284
155 290
155 302
155 312
155 324
155 325
155 328
155 335
155 347
155 349
155 350
155 372
155 382
155 383
155 386
155 389
155 395
155 407
155 412
155 414
155 425
155 432
155 444
156 157
156 158
156 159
156 165
156 174
156 176
156 184
156 190
156 191
156 206
156 216
156 232
156 265
156 270
156 272
156 297
156 300
156 303
156 323
156 334
156 348
156 367
156 371
156 386
156 395
156 398
156 400
156 404
156 407
156 411
156 412
156 419
156 426
156 427
156 430
156 445
157 158
157 159
157 167
157 172
157 175
157 199
157 200
157 211
157 216
157 247
157 249
157 258
157 260
157 271
157 275
157 277
157 281
157 291
157 300
157 313
157 318
157 338
157 346
157 363
157 369
157 375
157 376
157 384
157 406
157 412
157 416
157 419
157 436
158 159
158 166
158 175
158 184
158 187
158 191
158 197
158 209
158 227
158 233
158 234
158 245
158 247
158 249
158 250
158 254
158 257
158 275
158 286
158 301
158 302
158 303
158 342
158 349
158 368
158 378
158 380
158 382
158 397
158 400
158 404
158 407
158 412
158 416
158 427
158 439
158 446
159 188
159 197
159 203
159 239
159 256
159 263
159 265
159 286
159 295
159 302
159 331
159 332
159 335
159 344
159 360
159 361
159 371
159 386
165 166
165 167
165 168
165 169
165 170
165 171
165 172
165 173
165 174
165 175
165 176
165 177
165 178
165 179
165 211
165 235
165 238
165 266
165 283
165 296
165 301
165 302
165 307
165 318
165 325
165 337
165 338
165 340
165 342
165 347
165 356
165 366
165 374
165 379
165 392
165 400
165 408
165 431
166 167
166 168
166 169
166 170
166 171
166 172
166 173
166 174
166 175
166 176
166 177
166 178
166 179
166 186
166 188
166 189
166 196
166 202
166 212
166 217
166 223
166 224
166 230
166 250
166 251
166 263
166 276
166 285
166 310
166 312
166 322
166 358
166 371
166 382
166 410
166 420
166 426
166 446
167 168
167 169
167 170
167 171
167 172
167 173
167 174
167 175
167 176
167 177
167 178
167 179
167 195
167 209
167 220
167 222
167 263
167 278
167 303
167 309
167 323
167 329
167 336
167 347
167 350
167 356
167 361
167 373
167 376
167 377
167 379
167 390
167 393
167 395
167 412
167 432
167 442
167 449
168 169
168 170
168 171
168 172
168 173
168 174
168 175
168 176
168 177
168 178
168 179
168 192
168 199
168 222
168 233
168 234
168 260
168 286
168 315
168 317
168 320
168 327
168 331
168 350
168 372
168 373
168 383
168 386
168 389
168 397
168 403
168 405
168 425
168 443
168 447
169 170
169 171
169 172
169 173
169 174
169 175
169 176
169 177
169 178
169 179
169 189
169 202
169 208
169 216
169 217
169 224
169 237
169 242
169 249
169 256
169 265
169 274
169 285
169 294
169 295
169 310
169 327
169 378
169 383
169 396
169 398
169 409
169 419
169 422
169 425
169 430
169 444
170 171
170 172
170 173
170 174
170 175
170 176
170 177
170 178
170 179
170 193
170 197
170 206
170 213
170 219
170 227
170 241
170 275
170 281
170 289
170 292
170 296
170 301
170 333
170 345
170 349
170 350
170 358
170 374
170 382
170 386
170 387
170 399
170 407
170 413
170 419
170 420
170 423
171 172
171 173
171 174
171 175
171 176
171 177
171 178
171 179
171 189
171 221
171 230
171 233
171 264
171 277
171 287
171 290
171 301
171 323
171 324
171 328
171 329
171 336
171 343
171 344
171 362
171 369
171 388
171 405
171 413
171 420
172 173
172 174
172 175
172 176
172 177
172 178
172 179
172 185
172 198
172 212
172 217
172 241
172 243
172 248
172 252
172 255
172 276
172 300
172 310
172 322
172 350
172 359
172 370
172 372
172 383
172 393
172 411
172 412
172 419
172 429
173 174
173 175
173 176
173 177
173 178
173 179
173 182
173 196
173 200
173 203
173 206
173 207
173 218
173 228
173 249
173 250
173 256
173 260
173 274
173 275
173 285
173 293
173 301
173 306
173 314
173 327
173 331
173 334
173 386
173 391
173 399
173 410
173 425
173 429
173 431
173 449
174 175
174 176
174 177
174 178
174 179
174 199
174 221
174 222
174 233
174 240
174 280
174 290
174 314
174 325
174 355
174 357
174 360
174 367
174 384
174 386
174 396
174 401
174 409
174 435
174 438
174 441
175 176
175 177
175 178
175 179
175 196
175 199
175 222
175 223
175 260
175 329
175 348
175 354
175 357
175 370
175 375
175 383
175 385
175 386
175 403
175 410
175 412
175 415
175 425
176 177
176 178
176 179
176 188
176 202
176 205
176 219
176 222
176 248
176 253
176 269
176 282
176 303
176 310
176 315
176 319
176 332
176 345
176 346
176 350
176 360
176 363
176 368
176 384
176 385
176 392
176 422
176 427
176 439
176 449
177 178
177 179
177 205
177 216
177 218
177 221
177 223
177 226
177 237
177 249
177 251
177 259
177 261
177 264
177 265
177 267
177 271
177 272
177 275
177 283
177 302
177 303
177 313
177 318
177 320
177 327
177 343
177 345
177 356
177 365
177 366
177 370
177 375
177 386
177 391
177 392
177 400
177 420
177 421
177 422
177 444
177 448
178 179
178 215
178 228
178 235
178 258
178 261
178 281
178 294
178 299
178 300
178 324
178 352
178 361
178 367
178 371
178 382
178 390
178 420
178 423
178 424
178 427
178 435
178 444
179 180
179 189
179 191
179 198
179 203
179 219
179 226
179 239
179 255
179 269
179 288
179 292
179 302
179 304
179 305
179 306
179 307
179 315
179 328
179 329
179 368
179 369
179 382
179 383
179 387
179 388
179 398
179 406
179 408
179 426
179 430
179 445
192 193
192 194
192 180
192 181
192 182
192 183
192 184
192 185
192 186
192 187
192 188
192 189
192 190
192 191
192 196
192 199
192 202
192 215
192 219
192 228
192 230
192 246
192 250
192 264
192 282
192 298
192 304
192 306
192 314
192 321
192 325
192 327
192 342
192 343
192 360
192 368
192 378
192 381
192 394
192 403
192 410
192 415
192 423
193 194
193 180
193 181
193 182
193 183
193 184
193 185
193 186
193 187
193 188
193 189
193 190
193 191
193 196
193 215
193 225
193 229
193 237
193 240
193 251
193 252
193 254
193 255
193 279
193 285
193 311
193 315
193 321
193 322
193 364
193 366
193 372
193 381
193 394
193 424
193 439
194 180
194 181
194 182
194 183
194 184
194 185
194 186
194 187
194 188
194 189
194 190
194 191
194 197
194 210
194 212
194 213
194 222
194 223
194 227
194 236
194 238
194 245
194 246
194 265
194 266
194 283
194 296
194 297
194 312
194 321
194 333
194 341
194 355
194 372
194 373
194 376
194 377
194 379
194 383
194 394
194 398
194 399
194 434
180 181
180 182
180 183
180 184
180 185
180 186
180 187
180 188
180 189
180 190
180 191
180 216
180 244
180 248
180 265
180 266
180 268
180 270
180 272
180 278
180 282
180 287
180 299
180 312
180 326
180 328
180 329
180 337
180 342
180 347
180 350
180 354
180 371
180 387
180 402
180 406
180 432
181 182
181 183
181 184
181 185
181 186
181 187
181 188
181 189
181 190
181 191
181 239
181 243
181 269
181 271
181 283
181 285
181 325
181 326
181 329
181 363
181 371
181 378
181 384
181 389
181 404
181 429
181 442
181 443
181 445
182 183
182 184
182 185
182 186
182 187
182 188
182 189
182 190
182 191
182 199
182 205
182 208
182 223
182 236
182 238
182 258
182 270
182 279
182 282
182 284
182 290
182 303
182 304
182 315
182 323
182 345
182 348
182 357
182 364
182 392
182 394
182 396
182 400
182 421
182 424
182 434
183 184
183 185
183 186
183 187
183 188
183 189
183 190
183 191
183 197
183 203
183 211
183 214
183 216
183 217
183 223
183 225
183 227
183 230
183 231
183 248
183 249
183 257
183 267
183 269
183 273
183 274
183 275
183 277
183 280
183 287
183 295
183 304
183 306
183 309
183 323
183 344
183 352
183 357
183 358
183 364
183 381
183 382
183 418
183 424
183 433
183 437
184 185
184 186
184 187
184 188
184 189
184 190
184 191
184 201
184 214
184 253
184 265
184 274
184 276
184 279
184 291
184 294
184 312
184 325
184 329
184 365
184 381
184 383
184 391
184 406
184 440
184 441
185 186
185 187
185 188
185 189
185 190
185 191
185 200
185 214
185 222
185 237
185 239
185 241
185 247
185 257
185 265
185 266
185 269
185 272
185 280
185 295
185 302
185 308
185 311
185 314
185 323
185 330
185 337
185 344
185 347
185 364
185 375
185 389
185 390
185 395
185 402
185 407
185 416
186 187
186 188
186 189
186 190
186 191
186 196
186 204
186 214
186 221
186 254
186 268
186 277
186 278
186 283
186 289
186 291
186 295
186 317
186 323
186 325
186 338
186 346
186 363
186 374
186 385
186 419
186 420
186 425
186 430
187 188
187 189
187 190
187 191
187 207
187 244
187 249
187 258
187 261
187 278
187 280
187 289
187 295
187 300
187 302
187 305
187 309
187 329
187 333
187 338
187 341
187 345
187 355
187 360
187 372
187 373
187 375
187 376
187 377
187 384
187 402
187 412
187 417
187 424
187 425
187 434
188 189
188 190
188 191
188 213
188 229
188 230
188 232
188 233
188 234
188 241
188 250
188 275
188 290
188 296
188 305
188 310
188 314
188 329
188 339
188 343
188 346
188 351
188 373
188 388
188 389
188 395
188 398
188 404
188 414
188 420
188 422
188 435
188 447
189 190
189 191
189 209
189 220
189 222
189 243
189 247
189 248
189 272
189 315
189 337
189 374
190 191
190 197
190 227
190 234
190 262
190 271
190 282
190 300
190 311
190 312
190 313
190 347
190 355
190 361
190 368
190 420
190 426
190 434
190 435
190 447
191 207
191 217
191 218
191 226
191 230
191 253
191 260
191 273
191 276
191 277
191 278
191 281
191 282
191 288
191 290
191 299
191 307
191 308
191 311
191 313
191 317
191 332
191 340
191 342
191 362
191 379
191 390
191 397
191 398
191 423
191 432
191 434
191 443
191 445
195 196
195 197
195 198
195 199
195 200
195 201
195 202
195 203
195 204
195 205
195 206
195 207
195 208
195 209
195 214
195 217
195 225
195 226
195 229
195 236
195 252
195 259
195 265
195 275
195 293
195 306
195 311
195 313
195 325
195 327
195 339
195 351
195 352
195 357
195 358
195 366
195 379
195 381
195 389
195 390
195 415
195 444
196 197
196 198
196 199
196 200
196 201
196 202
196 203
196 204
196 205
196 206
196 207
196 208
196 209
196 213
196 219
196 222
196 223
196 224
196 227
196 229
196 237
196 250
196 252
196 269
196 296
196 297
196 304
196 305
196 306
196 309
196 313
196 318
196 323
196 327
196 328
196 346
196 348
196 350
196 361
196 362
196 364
196 367
196 368
196 395
196 398
196 401
196 405
196 407
196 420
196 435
196 446
197 198
197 199
197 200
197 201
197 202
197 203
197 204
197 205
197 206
197 207
197 208
197 209
197 213
197 215
197 222
197 237
197 243
197 245
197 262
197 275
197 278
197 286
197 288
197 301
197 343
197 345
197 357
197 375
197 388
197 391
197 395
197 405
197 418
197 430
197 435
197 439
197 444
197 448
198 199
198 200
198 201
198 202
198 203
198 204
198 205
198 206
198 207
198 208
198 209
198 214
198 221
198 228
198 232
198 253
198 267
198 274
198 276
198 288
198 292
198 299
198 300
198 317
198 376
198 379
198 411
198 418
198 423
198 431
198 435
198 449
199 200
199 201
199 202
199 203
199 204
199 205
199 206
199 207
199 208
199 209
199 217
199 236
199 246
199 247
199 271
199 275
199 290
199 304
199 317
199 321
199 336
199 352
199 369
199 378
199 387
199 390
199 404
199 409
199 444
199 446
200 201
200 202
200 203
200 204
200 205
200 206
200 207
200 208
200 209
200 222
200 227
200 240
200 245
200 248
200 250
200 253
200 257
200 272
200 284
200 298
200 299
200 300
200 324
200 331
200 339
200 342
200 353
200 355
200 397
200 409
200 412
200 435
200 447
201 202
201 203
201 204
201 205
201 206
201 207
201 208
201 209
201 215
201 220
201 223
201 245
201 263
201 278
201 281
201 285
201 295
201 311
201 314
201 318
201 322
201 325
201 341
201 343
201 345
201 352
201 357
201 359
201 362
201 369
201 398
201 401
201 413
201 421
201 424
201 428
201 431
201 445
202 203
202 204
202 205
202 206
202 207
202 208
202 209
202 211
202 224
202 229
202 233
202 239
202 240
202 256
202 264
202 292
202 293
202 316
202 318
202 324
202 328
202 329
202 334
202 346
202 355
202 362
202 382
202 386
202 387
202 398
202 417
202 422
202 424
202 427
202 430
202 433
203 204
203 205
203 206
203 207
203 208
203 209
203 224
203 235
203 245
203 252
203 255
203 278
203 289
203 298
203 305
203 306
203 315
203 330
203 335
203 337
203 348
203 350
203 364
203 367
203 382
203 384
203 396
203 397
203 404
203 416
203 430
203 432
203 446
203 449
204 205
204 206
204 207
204 208
204 209
204 225
204 230
204 231
204 238
204 247
204 249
204 261
204 278
204 281
204 285
204 306
204 316
204 322
204 333
204 335
204 353
204 359
204 365
204 374
204 375
204 376
204 389
204 421
204 422
204 423
204 433
204 438
204 448
205 206
205 207
205 208
205 209
205 231
205 245
205 248
205 251
205 256
205 271
205 280
205 285
205 308
205 336
205 337
205 349
205 363
205 371
205 377
205 395
205 400
205 401
205 421
205 431
205 438
205 441
205 447
206 207
206 208
206 209
206 217
206 230
206 245
206 264
206 268
206 275
206 301
206 304
206 317
206 331
206 343
206 401
206 409
206 421
206 433
206 441
207 208
207 209
207 213
207 218
207 224
207 226
207 244
207 250
207 273
207 291
207 295
207 309
207 347
207 358
207 369
207 373
207 389
207 392
207 402
207 423
207 442
207 443
208 209
208 238
208 243
208 244
208 255
208 265
208 286
208 302
208 304
208 305
208 310
208 329
208 333
208 371
208 373
208 383
208 384
208 389
208 399
208 404
208 405
208 414
208 428
208 434
209 224
209 251
209 259
209 274
209 295
209 297
209 305
209 339
209 340
209 353
209 360
209 372
209 391
209 395
209 414
209 419
209 447
210 224
210 211
210 212
210 213
210 214
210 215
210 216
210 217
210 218
210 219
210 220
210 221
210 222
210 223
210 235
210 239
210 242
210 247
210 252
210 255
210 267
210 270
210 299
210 306
210 315
210 324
210 326
210 329
210 331
210 339
210 340
210 345
210 354
210 366
210 369
210 373
210 380
210 397
210 408
210 421
224 211
224 212
224 213
224 214
224 215
224 216
224 217
224 218
224 219
224 220
224 221
224 222
224 223
224 236
224 237
224 242
224 247
224 248
224 261
224 286
224 294
224 302
224 312
224 326
224 328
224 330
224 378
224 383
224 387
224 388
224 420
224 431
224 436
211 212
211 213
211 214
211 215
211 216
211 217
211 218
211 219
211 220
211 221
211 222
211 223
211 247
211 250
211 266
211 283
211 294
211 317
211 318
211 323
211 328
211 354
211 374
211 407
211 417
211 421
211 423
211 424
211 426
211 434
212 213
212 214
212 215
212 216
212 217
212 218
212 219
212 220
212 221
212 222
212 223
212 232
212 244
212 247
212 257
212 260
212 265
212 277
212 312
212 325
212 330
212 332
212 333
212 335
212 344
212 345
212 352
212 353
212 357
212 370
212 371
212 373
212 376
212 387
212 398
212 399
212 401
212 404
212 411
212 416
212 418
212 427
212 448
213 214
213 215
213 216
213 217
213 218
213 219
213 220
213 221
213 222
213 223
213 232
213 233
213 238
213 239
213 240
213 241
213 242
213 263
213 280
213 287
213 297
213 303
213 308
213 312
213 324
213 328
213 340
213 345
213 349
213 350
213 353
213 370
213 384
213 385
213 389
213 397
213 398
213 406
213 428
213 431
213 437
213 447
214 215
214 216
214 217
214 218
214 219
214 220
214 221
214 222
214 223
214 233
214 238
214 242
214 259
214 262
214 266
214 301
214 307
214 313
214 315
214 318
214 327
214 344
214 349
214 359
214 368
214 371
214 377
214 384
214 395
214 403
214 417
214 418
214 427
214 442
215 216
215 217
215 218
215 219
215 220
215 221
215 222
215 223
215 233
215 234
215 236
215 243
215 250
215 265
215 268
215 283
215 284
215 286
215 288
215 298
215 303
215 304
215 321
215 328
215 331
215 339
215 341
215 360
215 367
215 371
215 376
215 386
215 395
215 402
215 406
215 411
215 427
215 448
216 217
216 218
216 219
216 220
216 221
216 222
216 223
216 236
216 238
216 242
216 256
216 257
216 259
216 276
216 294
216 297
216 342
216 348
216 379
216 380
216 383
216 396
216 402
216 433
216 434
216 441
216 444
217 218
217 219
217 220
217 221
217 222
217 223
217 229
217 240
217 241
217 245
217 282
217 285
217 300
217 301
217 326
217 342
217 345
217 347
217 363
217 390
217 393
217 400
217 403
217 405
217 408
217 415
217 416
217 417
217 432
217 441
218 219
218 220
218 221
218 222
218 223
218 226
218 227
218 228
218 244
218 248
218 249
218 258
218 264
218 284
218 294
218 301
218 310
218 327
218 352
218 362
218 376
218 381
218 394
218 399
218 401
218 411
218 416
218 440
218 448
219 220
219 221
219 222
219 223
219 226
219 242
219 253
219 256
219 258
219 271
219 279
219 286
219 293
219 297
219 298
219 320
219 331
219 333
219 348
219 358
219 362
219 364
219 371
219 406
219 409
219 417
219 440
220 221
220 222
220 223
220 227
220 230
220 252
220 270
220 275
220 276
220 278
220 285
220 290
220 304
220 347
220 355
220 387
220 393
220 404
220 421
220 422
220 426
220 430
220 439
220 441
220 446
221 222
221 223
221 236
221 239
221 240
221 269
221 274
221 277
221 312
221 316
221 321
221 327
221 338
221 347
221 353
221 364
221 376
221 377
221 393
221 414
221 434
222 223
222 225
222 249
222 260
222 278
222 300
222 310
222 313
222 321
222 326
222 335
222 351
222 362
222 364
222 377
222 381
222 428
222 431
223 230
223 239
223 241
223 248
223 255
223 262
223 293
223 300
223 306
223 327
223 339
223 340
223 352
223 360
223 364
223 365
223 376
223 392
223 403
223 412
223 432
223 442
225 226
225 227
225 228
225 229
225 230
225 231
225 232
225 233
225 234
225 235
225 236
225 237
225 238
225 239
225 242
225 266
225 267
225 273
225 288
225 295
225 302
225 308
225 312
225 326
225 335
225 344
225 358
225 362
225 370
225 381
225 391
225 398
225 407
225 415
225 427
225 436
225 441
226 227
226 228
226 229
226 230
226 231
226 232
226 233
226 234
226 235
226 236
226 237
226 238
226 239
226 248
226 258
226 269
226 276
226 277
226 287
226 297
226 303
226 308
226 310
226 317
226 324
226 325
226 326
226 332
226 343
226 347
226 362
226 366
226 367
226 369
226 376
226 386
226 389
226 397
226 413
226 416
226 432
226 437
226 440
226 446
227 228
227 229
227 230
227 231
227 232
227 233
227 234
227 235
227 236
227 237
227 238
227 239
227 260
227 265
227 269
227 280
227 295
227 305
227 315
227 347
227 353
227 383
227 389
227 391
227 404
227 405
227 422
227 426
227 430
227 440
228 229
228 230
228 231
228 232
228 233
228 234
228 235
228 236
228 237
228 238
228 239
228 250
228 251
228 276
228 277
228 280
228 283
228 301
228 302
228 305
228 309
228 312
228 319
228 335
228 340
228 341
228 345
228 347
228 378
228 383
228 386
228 387
228 391
228 394
228 420
228 426
228 434
229 230
229 231
229 232
229 233
229 234
229 235
229 236
229 237
229 238
229 239
229 241
229 243
229 246
229 255
229 258
229 266
229 289
229 298
229 324
229 330
229 354
229 356
229 358
229 365
229 374
229 382
229 391
229 409
229 412
229 422
229 437
229 443
229 448
230 231
230 232
230 233
230 234
230 235
230 236
230 237
230 238
230 239
230 261
230 297
230 300
230 318
230 319
230 355
230 364
230 369
230 378
230 379
230 391
230 394
230 396
230 401
230 403
230 414
230 436
230 445
230 449
231 232
231 233
231 234
231 235
231 236
231 237
231 238
231 239
231 247
231 248
231 250
231 283
231 310
231 333
231 377
231 392
231 403
231 404
231 423
231 431
231 441
232 233
232 234
232 235
232 236
232 237
232 238
232 239
232 249
232 260
232 280
232 284
232 285
232 311
232 312
232 317
232 335
232 337
232 352
232 367
232 378
232 384
232 395
232 406
232 411
232 421
232 426
232 432
232 435
232 437
232 439
233 234
233 235
233 236
233 237
233 238
233 239
233 243
233 244
233 251
233 266
233 267
233 271
233 273
233 282
233 284
233 290
233 292
233 298
233 308
233 327
233 340
233 387
233 389
233 390
233 410
233 419
233 425
233 429
233 439
233 449
234 235
234 236
234 237
234 238
234 239
234 247
234 272
234 285
234 300
234 313
234 315
234 335
234 340
234 358
234 365
234 369
234 375
234 391
234 444
234 447
235 236
235 237
235 238
235 239
235 249
235 281
235 289
235 298
235 306
235 313
235 319
235 321
235 330
235 340
235 341
235 356
235 360
235 370
235 387
235 393
235 399
235 418
235 420
235 444
236 237
236 238
236 239
236 260
236 277
236 284
236 286
236 295
236 297
236 333
236 346
236 356
236 358
236 362
236 368
236 384
236 399
236 401
236 430
236 431
236 437
236 443
236 448
237 238
237 239
237 252
237 259
237 262
237 273
237 284
237 285
237 297
237 298
237 302
237 321
237 333
237 336
237 350
237 365
237 379
237 400
237 413
237 417
237 427
237 442
237 448
238 239
238 245
238 254
238 295
238 304
238 309
238 314
238 322
238 331
238 342
238 362
238 364
238 365
238 375
238 379
238 389
238 396
238 417
238 432
238 439
239 274
239 289
239 291
239 299
239 304
239 310
239 324
239 333
239 336
239 340
239 370
239 387
239 390
239 391
239 404
239 406
239 408
239 424
239 440
239 444
239 446
239 448
240 241
240 242
240 243
240 244
240 245
240 246
240 247
240 248
240 249
240 250
240 251
240 252
240 253
240 254
240 264
240 292
240 297
240 300
240 313
240 317
240 327
240 336
240 358
240 379
240 390
240 399
240 402
240 412
240 442
241 242
241 243
241 244
241 245
241 246
241 247
241 248
241 249
241 250
241 251
241 252
241 253
241 254
241 267
241 280
241 286
241 293
241 303
241 307
241 314
241 338
241 340
241 345
241 348
241 365
241 375
241 377
241 387
241 392
241 414
241 425
241 438
241 445
242 243
242 244
242 245
242 246
242 247
242 248
242 249
242 250
242 251
242 252
242 253
242 254
242 276
242 280
242 306
242 307
242 326
242 332
242 342
242 346
242 361
242 374
242 381
243 244
243 245
243 246
243 247
243 248
243 249
243 250
243 251
243 252
243 253
243 254
243 261
243 269
243 278
243 280
243 291
243 292
243 330
243 353
243 367
243 371
243 379
243 402
243 406
243 409
243 413
243 433
243 437
243 446
244 245
244 246
244 247
244 248
244 249
244 250
244 251
244 252
244 253
244 254
244 258
244 265
244 275
244 302
244 330
244 363
244 366
244 387
244 391
244 392
244 394
244 395
244 408
244 439
244 443
244 447
245 246
245 247
245 248
245 249
245 250
245 251
245 252
245 253
245 254
245 267
245 294
245 300
245 301
245 323
245 331
245 339
245 340
245 350
245 356
245 366
245 377
245 381
245 391
245 398
245 411
245 416
245 420
245 424
245 429
245 440
246 247
246 248
246 249
246 250
246 251
246 252
246 253
246 254
246 277
246 290
246 296
246 327
246 329
246 335
246 342
246 359
246 370
246 372
246 384
246 387
246 398
246 424
246 429
246 440
246 445
246 446
246 448
247 248
247 249
247 250
247 251
247 252
247 253
247 254
247 258
247 272
247 281
247 285
247 287
247 288
247 290
247 293
247 301
247 310
247 311
247 315
247 330
247 336
247 347
247 358
247 364
247 368
247 422
247 423
247 432
247 438
247 441
248 249
248 250
248 251
248 252
248 253
248 254
248 272
248 274
248 276
248 280
248 288
248 300
248 304
248 329
248 337
248 366
248 390
248 402
248 414
248 421
249 250
249 251
249 252
249 253
249 254
249 257
249 266
249 270
249 275
249 279
249 307
249 309
249 352
249 360
249 366
249 387
249 388
249 389
249 396
249 411
249 413
249 422
249 428
249 434
249 443
250 251
250 252
250 253
250 254
250 261
250 264
250 268
250 270
250 282
250 288
250 299
250 305
250 311
250 313
250 320
250 329
250 341
250 342
250 362
250 397
250 414
250 429
250 442
251 252
251 253
251 254
251 256
251 258
251 267
251 284
251 288
251 289
251 311
251 319
251 333
251 335
251 348
251 350
251 361
251 364
251 366
251 385
251 397
251 409
251 426
251 432
251 440
252 253
252 254
252 263
252 281
252 285
252 292
252 301
252 318
252 326
252 328
252 343
252 357
252 382
252 402
252 403
252 415
252 422
252 427
252 429
252 440
252 444
252 445
253 254
253 261
253 276
253 283
253 304
253 306
253 331
253 341
253 344
253 345
253 350
253 353
253 358
253 367
253 428
253 434
253 447
253 448
254 279
254 280
254 286
254 288
254 301
254 308
254 310
254 316
254 347
254 367
254 391
254 392
254 396
254 429
254 433
254 438
254 444
254 449
256 257
256 258
256 259
256 260
256 261
256 262
256 263
256 264
256 265
256 266
256 267
256 268
256 269
256 255
256 270
256 283
256 295
256 332
256 343
256 349
256 353
256 354
256 360
256 362
256 367
256 368
256 370
256 385
256 396
256 400
256 404
256 407
256 430
257 258
257 259
257 260
257 261
257 262
257 263
257 264
257 265
257 266
257 267
257 268
257 269
257 255
257 274
257 290
257 307
257 309
257 331
257 334
257 337
257 340
257 358
257 370
257 371
257 379
257 385
257 394
257 408
257 409
257 426
257 437
257 439
257 447
258 259
258 260
258 261
258 262
258 263
258 264
258 265
258 266
258 267
258 268
258 269
258 255
258 282
258 291
258 294
258 300
258 301
258 309
258 311
258 323
258 330
258 367
258 368
258 399
258 405
258 408
258 433
258 436
258 438
259 260
259 261
259 262
259 263
259 264
259 265
259 266
259 267
259 268
259 269
259 255
259 285
259 286
259 289
259 306
259 308
259 335
259 349
259 351
259 358
259 380
259 382
259 384
259 395
259 406
259 434
259 449
260 261
260 262
260 263
260 264
260 265
260 266
260 267
260 268
260 269
260 255
260 273
260 275
260 278
260 296
260 301
260 304
260 312
260 315
260 326
260 330
260 333
260 369
260 376
260 391
260 407
260 420
260 433
260 437
260 447
261 262
261 263
261 264
261 265
261 266
261 267
261 268
261 269
261 255
261 278
261 294
261 296
261 298
261 311
261 328
261 366
261 376
261 401
261 402
261 406
261 411
261 417
261 430
261 442
262 263
262 264
262 265
262 266
262 267
262 268
262 269
262 255
262 306
262 312
262 320
262 340
262 342
262 383
262 389
262 441
262 445
262 447
263 264
263 265
263 266
263 267
263 268
263 269
263 255
263 284
263 297
263 301
263 302
263 308
263 320
263 322
263 336
263 338
263 355
263 367
263 379
263 388
263 392
263 410
263 441
263 445
264 265
264 266
264 267
264 268
264 269
264 255
264 284
264 288
264 294
264 296
264 307
264 321
264 324
264 329
264 335
264 377
264 379
264 384
264 394
264 398
264 404
264 405
264 416
264 417
264 435
264 437
264 445
264 447
265 266
265 267
265 268
265 269
265 255
265 275
265 276
265 280
265 282
265 291
265 327
265 330
265 341
265 342
265 355
265 358
265 359
265 362
265 376
265 383
265 386
265 390
265 393
265 423
265 430
265 440
265 444
265 449
266 267
266 268
266 269
266 255
266 279
266 311
266 328
266 345
266 349
266 361
266 372
266 374
266 380
266 402
266 431
267 268
267 269
267 255
267 276
267 280
267 290
267 292
267 296
267 306
267 324
267 326
267 327
267 344
267 349
267 369
267 393
267 401
267 409
267 414
267 436
267 449
268 269
268 255
268 271
268 287
268 300
268 309
268 311
268 318
268 319
268 335
268 339
268 341
268 361
268 368
268 379
268 380
268 390
268 397
268 404
268 409
268 411
268 428
268 431
268 437
268 439
268 442
269 255
269 272
269 287
269 306
269 318
269 321
269 323
269 326
269 335
269 338
269 339
269 373
269 375
269 376
269 377
269 392
269 400
269 411
269 427
269 431
269 433
255 271
255 273
255 274
255 277
255 282
255 288
255 298
255 318
255 323
255 324
255 331
255 337
255 341
255 346
255 351
255 359
255 364
255 366
255 368
255 371
255 383
255 396
255 399
255 400
255 406
255 410
255 413
255 418
255 421
255 422
270 271
270 272
270 273
270 274
270 275
270 276
270 277
270 278
270 279
270 280
270 281
270 282
270 283
270 284
270 293
270 301
270 310
270 320
270 330
270 332
270 343
270 351
270 353
270 354
270 357
270 364
270 382
270 392
270 396
270 405
270 408
270 411
270 418
270 420
270 435
270 447
271 272
271 273
271 274
271 275
271 276
271 277
271 278
271 279
271 280
271 281
271 282
271 283
271 284
271 290
271 294
271 303
271 315
271 318
271 326
271 329
271 357
271 360
271 392
271 403
271 405
271 421
271 436
271 447
272 273
272 274
272 275
272 276
272 277
272 278
272 279
272 280
272 281
272 282
272 283
272 284
272 301
272 308
272 327
272 346
272 350
272 365
272 382
272 415
272 420
272 426
272 445
272 448
273 274
273 275
273 276
273 277
273 278
273 279
273 280
273 281
273 282
273 283
273 284
273 287
273 299
273 317
273 322
273 336
273 345
273 347
273 362
273 378
273 392
273 416
274 275
274 276
274 277
274 278
274 279
274 280
274 281
274 282
274 283
274 284
274 290
274 297
274 303
274 308
274 323
274 325
274 333
274 354
274 357
274 360
274 397
274 407
274 427
274 439
274 446
274 447
275 276
275 277
275 278
275 279
275 280
275 281
275 282
275 283
275 284
275 295
275 338
275 368
275 370
275 390
275 392
275 399
275 402
275 410
275 411
275 425
275 431
275 444
276 277
276 278
276 279
276 280
276 281
276 282
276 283
276 284
276 295
276 299
276 311
276 316
276 342
276 344
276 345
276 347
276 358
276 361
276 367
276 370
276 372
276 380
276 402
276 404
276 414
276 417
276 420
276 436
276 438
277 278
277 279
277 280
277 281
277 282
277 283
277 284
277 293
277 298
277 310
277 316
277 337
277 350
277 352
277 361
277 363
277 367
277 373
277 396
277 416
277 424
277 427
277 441
278 279
278 280
278 281
278 282
278 283
278 284
278 290
278 300
278 304
278 312
278 313
278 340
278 355
278 371
278 379
278 381
278 387
278 391
278 405
278 406
278 411
278 415
278 418
278 419
278 431
278 446
279 280
279 281
279 282
279 283
279 284
279 297
279 313
279 314
279 315
279 325
279 331
279 360
279 363
279 366
279 378
279 391
279 434
279 448
280 281
280 282
280 283
280 284
280 301
280 304
280 306
280 311
280 313
280 325
280 339
280 351
280 363
280 369
280 381
280 382
280 403
280 427
280 446
281 282
281 283
281 284
281 287
281 290
281 313
281 320
281 323
281 350
281 354
281 359
281 366
281 367
281 369
281 382
281 386
281 397
281 398
281 406
281 432
281 435
282 283
282 284
282 288
282 304
282 313
282 323
282 324
282 328
282 337
282 375
282 380
282 389
282 392
282 403
282 406
282 418
282 436
282 442
282 445
283 284
283 290
283 296
283 300
283 312
283 314
283 330
283 344
283 346
283 351
283 377
283 378
283 414
283 417
283 425
283 445
283 447
284 285
284 287
284 292
284 309
284 312
284 313
284 328
284 329
284 367
284 376
284 378
284 399
284 420
284 426
284 444
288 289
288 290
288 291
288 292
288 293
288 294
288 295
288 296
288 297
288 298
288 299
288 285
288 286
288 287
288 301
288 305
288 310
288 320
288 342
288 352
288 358
288 363
288 366
288 371
288 373
288 376
288 381
288 392
288 393
288 395
288 401
288 411
288 417
288 436
288 442
288 445
289 290
289 291
289 292
289 293
289 294
289 295
289 296
289 297
289 298
289 299
289 285
289 286
289 287
289 307
289 330
289 339
289 360
289 380
289 393
289 418
289 424
289 426
289 438
289 443
290 291
290 292
290 293
290 294
290 295
290 296
290 297
290 298
290 299
290 285
290 286
290 287
290 315
290 320
290 326
290 332
290 333
290 335
290 336
290 338
290 340
290 353
290 354
290 363
290 367
290 369
290 380
290 410
290 418
290 437
290 446
291 292
291 293
291 294
291 295
291 296
291 297
291 298
291 299
291 285
291 286
291 287
291 316
291 326
291 327
291 343
291 351
291 359
291 365
291 367
291 393
291 403
291 422
291 423
291 426
291 434
291 439
291 442
292 293
292 294
292 295
292 296
292 297
292 298
292 299
292 285
292 286
292 287
292 307
292 329
292 330
292 339
292 354
292 361
292 369
292 382
292 387
292 396
292 398
292 408
292 414
292 415
292 424
292 428
293 294
293 295
293 296
293 297
293 298
293 299
293 285
293 286
293 287
293 307
293 312
293 318
293 319
293 320
293 321
293 350
293 351
293 364
293 371
293 380
293 382
293 383
293 412
293 422
294 295
294 296
294 297
294 298
294 299
294 285
294 286
294 287
294 303
294 336
294 347
294 356
294 380
294 406
294 418
294 423
294 444
295 296
295 297
295 298
295 299
295 285
295 286
295 287
295 303
295 312
295 317
295 325
295 329
295 333
295 340
295 342
295 351
295 360
295 363
295 364
295 366
295 367
295 377
295 387
295 391
295 401
295 409
295 418
295 427
295 428
295 432
295 433
295 441
296 297
296 298
296 299
296 285
296 286
296 287
296 334
296 340
296 344
296 351
296 356
296 361
296 369
296 376
296 379
296 400
296 409
296 412
296 418
296 431
297 298
297 299
297 285
297 286
297 287
297 302
297 329
297 332
297 335
297 339
297 353
297 371
297 381
297 384
297 393
297 412
297 419
297 429
297 438
297 443
297 444
297 448
297 449
298 299
298 285
298 286
298 287
298 304
298 309
298 315
298 342
298 347
298 356
298 361
298 363
298 370
298 376
298 377
298 379
298 389
298 397
298 414
298 417
298 420
298 430
299 285
299 286
299 287
299 300
299 309
299 321
299 351
299 362
299 384
299 385
299 406
299 409
299 411
299 418
299 423
299 427
299 431
299 437
299 446
285 286
285 287
285 305
285 310
285 311
285 334
285 344
285 348
285 350
285 378
285 384
285 386
285 389
285 392
285 395
285 396
285 409
285 413
285 421
285 430
285 433
286 287
286 316
286 337
286 342
286 344
286 349
286 365
286 371
286 389
286 391
286 408
286 428
286 429
286 438
287 315
287 316
287 328
287 337
287 345
287 346
287 347
287 348
287 364
287 369
287 379
287 392
287 395
287 400
287 407
287 418
287 428
287 430
287 441
287 444
300 301
300 302
300 303
300 304
300 305
300 306
300 307
300 308
300 309
300 310
300 311
300 312
300 313
300 314
300 316
300 325
300 327
300 328
300 341
300 345
300 354
300 375
300 377
300 391
300 403
300 429
300 446
301 302
301 303
301 304
301 305
301 306
301 307
301 308
301 309
301 310
301 311
301 312
301 313
301 314
301 320
301 323
301 331
301 334
301 343
301 363
301 370
301 381
301 403
301 415
301 420
301 421
301 422
301 425
302 303
302 304
302 305
302 306
302 307
302 308
302 309
302 310
302 311
302 312
302 313
302 314
302 320
302 325
302 329
302 337
302 344
302 358
302 363
302 370
302 373
302 374
302 378
302 391
302 396
302 401
302 402
302 408
302 425
302 431
302 434
302 439
302 447
303 304
303 305
303 306
303 307
303 308
303 309
303 310
303 311
303 312
303 313
303 314
303 323
303 331
303 335
303 345
303 347
303 354
303 355
303 360
303 370
303 381
303 383
303 397
303 401
303 417
303 419
303 437
303 446
304 305
304 306
304 307
304 308
304 309
304 310
304 311
304 312
304 313
304 314
304 320
304 325
304 329
304 331
304 332
304 346
304 350
304 370
304 391
304 394
304 404
304 406
304 416
304 421
304 423
304 440
304 447
304 448
305 306
305 307
305 308
305 309
305 310
305 311
305 312
305 313
305 314
305 316
305 326
305 332
305 334
305 345
305 355
305 356
305 365
305 369
305 370
305 371
305 373
305 386
305 387
305 393
305 397
305 403
305 409
305 420
305 431
305 442
306 307
306 308
306 309
306 310
306 311
306 312
306 313
306 314
306 324
306 326
306 340
306 348
306 354
306 359
306 364
306 371
306 378
306 388
306 390
306 395
306 423
306 432
306 442
306 445
307 308
307 309
307 310
307 311
307 312
307 313
307 314
307 321
307 348
307 360
307 388
307 390
307 396
307 402
307 403
307 404
307 408
307 422
307 423
307 441
308 309
308 310
308 311
308 312
308 313
308 314
308 328
308 329
308 340
308 344
308 375
308 377
308 379
308 397
308 409
308 433
308 440
309 310
309 311
309 312
309 313
309 314
309 317
309 327
309 330
309 339
309 374
309 396
309 409
309 410
309 419
309 423
309 425
310 311
310 312
310 313
310 314
310 323
310 336
310 338
310 347
310 353
310 370
310 376
310 379
310 394
310 405
310 416
310 423
310 428
310 434
310 440
310 445
310 448
311 312
311 313
311 314
311 324
311 325
311 339
311 370
311 382
311 417
311 429
311 433
312 313
312 314
312 340
312 341
312 360
312 367
312 369
312 371
312 382
312 404
312 409
312 418
312 421
312 441
313 314
313 327
313 329
313 333
313 335
313 362
313 373
313 387
313 404
313 413
313 431
313 441
313 442
314 316
314 346
314 358
314 381
314 385
314 386
314 391
314 422
314 434
314 436
314 441
320 321
320 322
320 323
320 324
320 325
320 326
320 327
320 328
320 329
320 315
320 316
320 317
320 318
320 319
320 334
320 358
320 361
320 365
320 373
320 402
320 409
320 418
320 432
320 442
321 322
321 323
321 324
321 325
321 326
321 327
321 328
321 329
321 315
321 316
321 317
321 318
321 319
321 330
321 331
321 342
321 350
321 359
321 362
321 373
321 378
321 382
321 386
321 389
321 400
321 425
321 436
321 440
321 444
321 448
322 323
322 324
322 325
322 326
322 327
322 328
322 329
322 315
322 316
322 317
322 318
322 319
322 330
322 334
322 336
322 344
322 351
322 352
322 354
322 355
322 356
322 376
322 383
322 401
322 418
322 419
322 424
322 427
322 428
322 437
322 442
322 444
323 324
323 325
323 326
323 327
323 328
323 329
323 315
323 316
323 317
323 318
323 319
323 332
323 345
323 358
323 364
323 370
323 383
323 392
323 400
323 406
323 412
323 420
323 443
324 325
324 326
324 327
324 328
324 329
324 315
324 316
324 317
324 318
324 319
324 330
324 334
324 336
324 337
324 342
324 344
324 362
324 365
324 379
324 385
324 417
324 429
324 433
325 326
325 327
325 328
325 329
325 315
325 316
325 317
325 318
325 319
325 343
325 347
325 362
325 370
325 372
325 418
325 422
325 428
325 436
325 442
326 327
326 328
326 329
326 315
326 316
326 317
326 318
326 319
326 340
326 341
326 350
326 357
326 372
326 386
326 388
326 389
326 390
326 397
326 427
327 328
327 329
327 315
327 316
327 317
327 318
327 319
327 338
327 365
327 371
327 375
327 381
327 383
327 389
327 393
327 396
327 419
327 420
327 426
327 436
327 439
327 449
328 329
328 315
328 316
328 317
328 318
328 319
328 352
328 356
328 385
328 408
328 412
328 438
328 440
328 444
329 315
329 316
329 317
329 318
329 319
329 337
329 362
329 365
329 376
329 387
329 392
329 397
329 405
329 437
329 442
315 316
315 317
315 318
315 319
315 340
315 351
315 359
315 376
315 377
315 388
315 398
315 404
315 413
315 415
315 416
315 422
315 427
315 433
315 446
316 317
316 318
316 319
316 340
316 344
316 351
316 396
316 407
316 413
316 431
316 436
316 440
317 318
317 319
317 333
317 336
317 339
317 359
317 360
317 378
317 383
317 384
317 386
317 397
317 399
317 404
317 406
317 417
317 447
318 319
318 339
318 344
318 355
318 368
318 377
318 399
318 440
319 334
319 337
319 349
319 352
319 354
319 355
319 382
319 404
319 405
319 406
319 414
319 417
319 433
319 434
330 331
330 332
330 333
330 334
330 335
330 336
330 337
330 338
330 339
330 340
330 341
330 342
330 343
330 344
330 358
330 370
330 373
330 400
330 403
330 405
330 408
330 414
330 415
330 424
330 447
331 332
331 333
331 334
331 335
331 336
331 337
331 338
331 339
331 340
331 341
331 342
331 343
331 344
331 349
331 363
331 370
331 373
331 374
331 389
331 392
331 397
331 407
331 414
331 422
331 423
331 436
331 437
332 333
332 334
332 335
332 336
332 337
332 338
332 339
332 340
332 341
332 342
332 343
332 344
332 367
332 369
332 373
332 376
332 389
332 396
332 403
332 405
332 407
332 408
332 414
332 418
332 421
332 430
332 434
332 441
333 334
333 335
333 336
333 337
333 338
333 339
333 340
333 341
333 342
333 343
333 344
333 347
333 352
333 358
333 363
333 366
333 378
333 383
333 387
333 389
333 397
333 403
333 405
333 406
333 409
333 412
333 430
333 436
333 437
333 441
334 335
334 336
334 337
334 338
334 339
334 340
334 341
334 342
334 343
334 344
334 355
334 363
334 388
334 392
334 403
334 416
334 417
334 423
334 432
334 438
334 446
335 336
335 337
335 338
335 339
335 340
335 341
335 342
335 343
335 344
335 345
335 349
335 351
335 353
335 360
335 365
335 369
335 376
335 385
335 388
335 395
335 412
335 413
335 425
335 441
335 448
336 337
336 338
336 339
336 340
336 341
336 342
336 343
336 344
336 345
336 374
336 387
336 388
336 390
336 395
336 407
336 409
336 411
336 428
336 433
336 438
337 338
337 339
337 340
337 341
337 342
337 343
337 344
337 346
337 347
337 351
337 364
337 366
337 372
337 422
337 426
337 429
337 439
337 441
338 339
338 340
338 341
338 342
338 343
338 344
338 350
338 359
338 372
338 388
338 397
338 404
338 422
338 437
339 340
339 341
339 342
339 343
339 344
339 356
339 397
339 411
339 428
339 431
339 433
339 440
339 444
340 341
340 342
340 343
340 344
340 356
340 362
340 367
340 386
340 391
340 395
340 400
340 402
340 411
340 415
341 342
341 343
341 344
341 406
341 407
341 412
341 420
341 446
342 343
342 344
342 346
342 350
342 358
342 359
342 360
342 406
342 430
342 432
342 448
343 344
343 350
343 367
343 373
343 380
343 401
343 420
343 433
343 435
343 440
344 366
344 369
344 371
344 404
344 406
344 410
344 414
344 417
344 423
344 430
344 445
344 448
352 353
352 354
352 355
352 356
352 357
352 358
352 359
352 345
352 346
352 347
352 348
352 349
352 350
352 351
352 364
352 371
352 376
352 393
352 395
352 413
352 418
352 429
353 354
353 355
353 356
353 357
353 358
353 359
353 345
353 346
353 347
353 348
353 349
353 350
353 351
353 362
353 365
353 377
353 399
353 404
353 413
353 432
353 447
353 448
354 355
354 356
354 357
354 358
354 359
354 345
354 346
354 347
354 348
354 349
354 350
354 351
354 380
354 387
354 414
354 430
355 356
355 357
355 358
355 359
355 345
355 346
355 347
355 348
355 349
355 350
355 351
355 371
355 377
355 379
355 409
355 411
355 417
355 426
355 433
355 435
355 440
355 442
355 444
355 449
356 357
356 358
356 359
356 345
356 346
356 347
356 348
356 349
356 350
356 351
356 367
356 369
356 371
356 373
356 388
356 392
356 421
356 422
356 423
356 434
356 440
356 441
357 358
357 359
357 345
357 346
357 347
357 348
357 349
357 350
357 351
357 367
357 373
357 378
357 383
357 390
357 410
357 421
357 424
357 425
357 428
357 429
357 433
357 442
357 449
358 359
358 345
358 346
358 347
358 348
358 349
358 350
358 351
358 361
358 375
358 395
358 400
358 414
358 420
358 428
358 440
359 345
359 346
359 347
359 348
359 349
359 350
359 351
359 368
359 378
359 379
359 386
359 392
359 401
359 441
359 445
359 448
345 346
345 347
345 348
345 349
345 350
345 351
345 365
345 367
345 389
345 393
345 399
345 404
345 405
345 409
345 413
345 423
345 425
345 438
345 442
346 347
346 348
346 349
346 350
346 351
346 369
346 375
346 384
346 385
346 407
346 408
346 416
346 434
346 443
346 444
347 348
347 349
347 350
347 351
347 360
347 372
347 386
347 402
347 405
347 409
347 422
347 435
347 446
348 349
348 350
348 351
348 372
348 383
348 386
348 394
348 415
348 417
348 422
348 428
348 438
348 446
348 448
349 350
349 351
349 366
349 413
349 417
349 418
349 433
349 438
350 351
350 369
350 373
350 376
350 384
350 385
350 407
350 412
350 415
350 421
350 438
351 381
351 382
351 397
351 403
351 406
351 409
351 415
351 420
351 423
351 431
351 437
351 447
360 361
360 362
360 363
360 364
360 365
360 366
360 367
360 368
360 369
360 370
360 371
360 372
360 373
360 374
360 381
360 411
360 420
360 422
360 424
360 440
360 447
360 448
361 362
361 363
361 364
361 365
361 366
361 367
361 368
361 369
361 370
361 371
361 372
361 373
361 374
361 375
361 388
361 403
361 404
361 406
361 412
361 413
361 433
361 435
362 363
362 364
362 365
362 366
362 367
362 368
362 369
362 370
362 371
362 372
362 373
362 374
362 376
362 378
362 392
362 400
362 402
362 409
362 411
362 415
362 418
362 426
362 432
362 433
362 434
363 364
363 365
363 366
363 367
363 368
363 369
363 370
363 371
363 372
363 373
363 374
363 378
363 410
363 419
363 428
363 445
364 365
364 366
364 367
364 368
364 369
364 370
364 371
364 372
364 373
364 374
364 378
364 384
364 415
364 417
364 420
364 428
364 438
364 448
365 366
365 367
365 368
365 369
365 370
365 371
365 372
365 373
365 374
365 395
365 405
365 438
365 441
365 447
366 367
366 368
366 369
366 370
366 371
366 372
366 373
366 374
366 390
366 395
366 396
366 402
366 405
366 414
366 423
366 427
366 428
366 437
366 440
367 368
367 369
367 370
367 371
367 372
367 373
367 374
367 382
367 384
367 390
367 430
367 434
367 435
367 438
367 440
368 369
368 370
368 371
368 372
368 373
368 374
368 390
368 398
368 411
368 416
368 433
368 448
369 370
369 371
369 372
369 373
369 374
369 380
369 391
369 430
369 443
370 371
370 372
370 373
370 374
370 375
370 380
370 390
370 397
370 404
370 405
370 406
370 408
370 419
370 423
371 372
371 373
371 374
371 381
371 383
371 394
371 396
371 402
371 414
371 417
371 418
371 419
371 427
371 444
372 373
372 374
372 378
372 386
372 420
372 422
372 428
372 431
372 434
372 437
373 374
373 397
374 375
374 388
374 392
374 397
374 399
374 406
374 408
374 414
374 442
384 385
384 386
384 387
384 388
384 389
384 375
384 376
384 377
384 378
384 379
384 380
384 381
384 382
384 383
384 391
384 397
384 425
384 430
384 434
385 386
385 387
385 388
385 389
385 375
385 376
385 377
385 378
385 379
385 380
385 381
385 382
385 383
385 396
385 426
385 445
386 387
386 388
386 389
386 375
386 376
386 377
386 378
386 379
386 380
386 381
386 382
386 383
386 436
387 388
387 389
387 375
387 376
387 377
387 378
387 379
387 380
387 381
387 382
387 383
387 394
387 395
387 402
387 418
387 423
387 431
387 434
387 444
387 448
388 389
388 375
388 376
388 377
388 378
388 379
388 380
388 381
388 382
388 383
388 406
388 419
388 423
388 425
388 439
388 443
388 449
389 375
389 376
389 377
389 378
389 379
389 380
389 381
389 382
389 383
389 407
389 423
389 438
389 439
389 447
375 376
375 377
375 378
375 379
375 380
375 381
375 382
375 383
375 396
375 411
375 423
375 426
375 427
375 437
375 439
375 447
376 377
376 378
376 379
376 380
376 381
376 382
376 383
376 392
376 393
376 404
376 420
376 428
376 441
377 378
377 379
377 380
377 381
377 382
377 383
377 396
377 403
377 429
377 445
378 379
378 380
378 381
378 382
378 383
378 429
378 438
379 380
379 381
379 382
379 383
379 409
379 421
379 424
379 441
380 381
380 382
380 383
380 415
380 420
380 421
380 425
380 431
381 382
381 383
381 407
381 416
381 430
382 383
382 399
382 403
382 418
382 421
382 425
382 439
382 443
383 391
383 395
383 399
383 423
383 427
390 391
390 392
390 393
390 394
390 395
390 396
390 397
390 398
390 399
390 400
390 401
390 402
390 403
390 404
390 414
390 429
390 431
390 434
391 392
391 393
391 394
391 395
391 396
391 397
391 398
391 399
391 400
391 401
391 402
391 403
391 404
391 412
391 435
391 438
391 445
392 393
392 394
392 395
392 396
392 397
392 398
392 399
392 400
392 401
392 402
392 403
392 404
392 418
392 422
392 430
392 441
392 447
393 394
393 395
393 396
393 397
393 398
393 399
393 400
393 401
393 402
393 403
393 404
393 431
393 437
394 395
394 396
394 397
394 398
394 399
394 400
394 401
394 402
394 403
394 404
394 419
394 431
394 435
394 437
395 396
395 397
395 398
395 399
395 400
395 401
395 402
395 403
395 404
395 407
395 412
395 414
395 423
395 429
395 432
395 434
395 441
395 447
396 397
396 398
396 399
396 400
396 401
396 402
396 403
396 404
396 443
397 398
397 399
397 400
397 401
397 402
397 403
397 404
397 407
397 415
397 428
397 437
397 441
398 399
398 400
398 401
398 402
398 403
398 404
398 409
398 442
399 400
399 401
399 402
399 403
399 404
399 418
399 425
399 445
400 401
400 402
400 403
400 404
400 417
400 418
400 426
400 427
400 438
400 442
400 444
401 402
401 403
401 404
401 407
401 425
401 437
401 439
402 403
402 404
402 415
402 416
402 438
402 445
403 404
403 411
403 413
403 418
403 422
403 447
404 422
404 440
404 449
416 417
416 418
416 419
416 405
416 406
416 407
416 408
416 409
416 410
416 411
416 412
416 413
416 414
416 415
416 427
416 448
417 418
417 419
417 405
417 406
417 407
417 408
417 409
417 410
417 411
417 412
417 413
417 414
417 415
417 423
417 429
417 432
417 441
417 448
418 419
418 405
418 406
418 407
418 408
418 409
418 410
418 411
418 412
418 413
418 414
418 415
418 420
418 426
418 435
418 448
419 405
419 406
419 407
419 408
419 409
419 410
419 411
419 412
419 413
419 414
419 415
419 427
419 432
419 441
405 406
405 407
405 408
405 409
405 410
405 411
405 412
405 413
405 414
405 415
405 422
405 425
405 430
405 433
405 437
406 407
406 408
406 409
406 410
406 411
406 412
406 413
406 414
406 415
406 420
406 439
406 445
407 408
407 409
407 410
407 411
407 412
407 413
407 414
407 415
408 409
408 410
408 411
408 412
408 413
408 414
408 415
408 420
408 432
408 437
408 440
408 444
409 410
409 411
409 412
409 413
409 414
409 415
409 420
409 425
409 426
409 431
409 435
410 411
410 412
410 413
410 414
410 415
410 420
410 435
410 437
410 440
411 412
411 413
411 414
411 415
411 432
411 445
412 413
412 414
412 415
412 425
412 427
412 429
412 445
413 414
413 415
413 434
414 415
414 423
414 429
414 439
414 446
415 425
420 421
420 422
420 423
420 424
420 425
420 426
420 427
420 428
420 429
420 430
420 431
420 432
420 433
420 434
421 422
421 423
421 424
421 425
421 426
421 427
421 428
421 429
421 430
421 431
421 432
421 433
421 434
422 423
422 424
422 425
422 426
422 427
422 428
422 429
422 430
422 431
422 432
422 433
422 434
422 436
422 447
423 424
423 425
423 426
423 427
423 428
423 429
423 430
423 431
423 432
423 433
423 434
423 438
423 446
423 448
424 425
424 426
424 427
424 428
424 429
424 430
424 431
424 432
424 433
424 434
424 443
425 426
425 427
425 428
425 429
425 430
425 431
425 432
425 433
425 434
425 440
425 444
425 447
426 427
426 428
426 429
426 430
426 431
426 432
426 433
426 434
426 446
427 428
427 429
427 430
427 431
427 432
427 433
427 434
427 443
427 448
427 449
428 429
428 430
428 431
428 432
428 433
428 434
428 438
428 445
429 430
429 431
429 432
429 433
429 434
430 431
430 432
430 433
430 434
430 448
431 432
431 433
431 434
431 436
432 433
432 434
432 440
432 446
433 434
433 440
433 448
434 435
434 441
434 446
448 449
448 435
448 436
448 437
448 438
448 439
448 440
448 441
448 442
448 443
448 444
448 445
448 446
448 447
449 435
449 436
449 437
449 438
449 439
449 440
449 441
449 442
449 443
449 444
449 445
449 446
449 447
435 436
435 437
435 438
435 439
435 440
435 441
435 442
435 443
435 444
435 445
435 446
435 447
436 437
436 438
436 439
436 440
436 441
436 442
436 443
436 444
436 445
436 446
436 447
437 438
437 439
437 440
437 441
437 442
437 443
437 444
437 445
437 446
437 447
438 439
438 440
438 441
438 442
438 443
438 444
438 445
438 446
438 447
439 440
439 441
439 442
439 443
439 444
439 445
439 446
439 447
440 441
440 442
440 443
440 444
440 445
440 446
440 447
441 442
441 443
441 444
441 445
441 446
441 447
442 443
442 444
442 445
442 446
442 447
443 444
443 445
443 446
443 447
444 445
444 446
444 447
445 446
445 447
446 447
