# 10214 edges
0 1
0 2
0 3
0 4
0 5
0 6
0 7
0 8
0 9
0 19
0 21
0 23
0 45
0 47
0 49
0 57
0 58
0 59
0 62
0 63
0 65
0 66
0 67
0 71
0 78
0 82
0 88
0 89
0 91
0 99
0 102
0 112
0 118
0 120
0 121
0 127
0 128
0 135
0 136
0 138
0 141
0 144
0 146
0 150
0 156
0 166
0 167
0 168
0 176
0 179
0 184
0 185
0 191
0 192
0 194
0 200
0 213
0 217
0 226
0 227
0 228
0 240
0 241
0 247
0 256
0 258
0 260
0 265
0 269
0 272
0 273
0 275
0 276
0 280
0 296
1 2
1 3
1 4
1 5
1 6
1 7
1 8
1 9
1 13
1 14
1 18
1 22
1 39
1 47
1 58
1 72
1 79
1 81
1 82
1 83
1 85
1 94
1 102
1 104
1 106
1 107
1 108
1 109
1 115
1 116
1 118
1 120
1 123
1 129
1 131
1 132
1 138
1 139
1 155
1 159
1 172
1 180
1 186
1 187
1 188
1 196
1 203
1 204
1 208
1 211
1 217
1 221
1 225
1 229
1 234
1 237
1 239
1 241
1 242
1 249
1 260
1 264
1 267
1 270
1 276
1 283
1 284
1 285
1 294
1 296
2 3
2 4
2 5
2 6
2 7
2 8
2 9
2 11
2 15
2 21
2 25
2 29
2 32
2 36
2 40
2 43
2 47
2 69
2 80
2 84
2 90
2 107
2 109
2 112
2 114
2 117
2 118
2 120
2 137
2 140
2 142
2 144
2 150
2 171
2 174
2 176
2 191
2 195
2 209
2 211
2 212
2 215
2 217
2 221
2 223
2 228
2 234
2 238
2 242
2 247
2 249
2 252
2 254
2 257
2 289
2 291
3 4
3 5
3 6
3 7
3 8
3 9
3 28
3 33
3 39
3 40
3 59
3 66
3 69
3 76
3 77
3 85
3 86
3 87
3 92
3 96
3 103
3 109
3 110
3 125
3 126
3 129
3 140
3 148
3 150
3 156
3 164
3 174
3 176
3 181
3 188
3 193
3 201
3 217
3 220
3 221
3 224
3 231
3 239
3 241
3 243
3 244
3 246
3 252
3 257
3 276
3 277
3 286
3 290
3 291
3 294
3 296
4 5
4 6
4 7
4 8
4 9
4 14
4 19
4 42
4 45
4 50
4 51
4 56
4 74
4 79
4 88
4 99
4 106
4 112
4 117
4 119
4 121
4 136
4 138
4 140
4 142
4 150
4 151
4 152
4 153
4 155
4 159
4 164
4 167
4 169
4 170
4 179
4 182
4 185
4 192
4 195
4 198
4 201
4 202
4 207
4 208
4 209
4 212
4 214
4 220
4 240
4 242
4 245
4 246
4 249
4 259
4 266
4 273
4 278
4 281
4 282
4 286
4 299
5 6
5 7
5 8
5 9
5 19
5 22
5 23
5 27
5 29
5 32
5 37
5 43
5 44
5 45
5 46
5 48
5 59
5 61
5 65
5 74
5 79
5 84
5 85
5 99
5 104
5 105
5 111
5 115
5 119
5 123
5 133
5 145
5 151
5 154
5 167
5 169
5 172
5 174
5 176
5 179
5 183
5 186
5 190
5 203
5 207
5 211
5 214
5 223
5 234
5 241
5 255
5 257
5 259
5 260
5 264
5 267
5 270
5 278
5 281
5 292
5 297
6 7
6 8
6 9
6 13
6 18
6 24
6 26
6 28
6 32
6 36
6 42
6 45
6 47
6 52
6 58
6 64
6 73
6 75
6 84
6 93
6 98
6 102
6 105
6 106
6 108
6 111
6 114
6 116
6 126
6 129
6 134
6 137
6 144
6 147
6 149
6 151
6 159
6 163
6 167
6 173
6 175
6 176
6 177
6 181
6 183
6 194
6 198
6 200
6 211
6 215
6 219
6 224
6 225
6 226
6 228
6 229
6 234
6 236
6 237
6 246
6 259
6 261
6 269
6 273
6 282
6 283
6 287
6 288
6 290
6 293
6 294
6 297
6 298
7 8
7 9
7 10
7 11
7 16
7 26
7 28
7 30
7 34
7 36
7 42
7 43
7 45
7 50
7 59
7 63
7 66
7 70
7 71
7 73
7 76
7 78
7 93
7 101
7 112
7 116
7 121
7 123
7 134
7 135
7 139
7 141
7 143
7 148
7 154
7 161
7 163
7 164
7 169
7 171
7 175
7 179
7 180
7 182
7 184
7 185
7 194
7 211
7 216
7 217
7 221
7 223
7 227
7 232
7 233
7 246
7 248
7 261
7 263
7 264
7 267
7 275
7 277
7 282
7 283
7 294
7 296
8 9
8 14
8 18
8 27
8 40
8 41
8 48
8 56
8 60
8 62
8 66
8 76
8 81
8 82
8 85
8 87
8 93
8 101
8 106
8 109
8 115
8 116
8 122
8 133
8 136
8 138
8 153
8 161
8 168
8 169
8 170
8 177
8 180
8 183
8 204
8 207
8 208
8 211
8 212
8 214
8 215
8 219
8 224
8 228
8 237
8 239
8 243
8 247
8 251
8 259
8 260
8 264
8 269
8 278
8 285
8 286
9 11
9 17
9 20
9 23
9 37
9 42
9 46
9 56
9 57
9 63
9 66
9 67
9 70
9 72
9 85
9 92
9 95
9 100
9 121
9 123
9 124
9 136
9 154
9 162
9 172
9 177
9 182
9 183
9 190
9 196
9 199
9 201
9 203
9 212
9 220
9 221
9 223
9 228
9 232
9 234
9 241
9 246
9 248
9 256
9 260
9 264
9 265
9 270
9 272
9 275
9 281
9 285
9 288
9 299
10 11
10 12
10 13
10 14
10 15
10 16
10 17
10 18
10 19
10 20
10 29
10 32
10 35
10 39
10 44
10 56
10 58
10 69
10 70
10 74
10 77
10 83
10 84
10 85
10 92
10 96
10 112
10 117
10 118
10 121
10 132
10 140
10 148
10 150
10 153
10 155
10 158
10 160
10 162
10 166
10 175
10 178
10 179
10 195
10 196
10 197
10 201
10 203
10 208
10 212
10 224
10 225
10 226
10 231
10 233
10 234
10 237
10 241
10 244
10 247
10 256
10 258
10 261
10 263
10 277
10 281
10 283
10 291
10 295
10 296
10 298
11 12
11 13
11 14
11 15
11 16
11 17
11 18
11 19
11 33
11 35
11 42
11 48
11 49
11 56
11 57
11 60
11 62
11 64
11 67
11 79
11 83
11 96
11 101
11 107
11 113
11 119
11 127
11 129
11 135
11 139
11 140
11 143
11 152
11 158
11 159
11 160
11 169
11 170
11 174
11 178
11 179
11 181
11 185
11 186
11 208
11 216
11 219
11 223
11 233
11 239
11 248
11 250
11 266
11 279
11 285
11 289
11 290
11 291
11 295
12 13
12 14
12 15
12 16
12 17
12 18
12 19
12 20
12 25
12 26
12 27
12 28
12 29
12 36
12 43
12 49
12 51
12 52
12 55
12 57
12 58
12 64
12 65
12 66
12 75
12 76
12 78
12 82
12 85
12 96
12 97
12 104
12 106
12 108
12 113
12 120
12 122
12 140
12 141
12 150
12 151
12 162
12 176
12 188
12 192
12 193
12 194
12 200
12 204
12 206
12 214
12 223
12 235
12 242
12 244
12 249
12 251
12 258
12 268
12 270
12 271
12 276
12 281
12 282
12 286
12 295
13 14
13 15
13 16
13 17
13 18
13 19
13 28
13 30
13 33
13 34
13 39
13 43
13 48
13 52
13 55
13 56
13 59
13 72
13 75
13 78
13 80
13 103
13 104
13 106
13 113
13 118
13 122
13 130
13 146
13 153
13 166
13 168
13 172
13 175
13 178
13 182
13 186
13 191
13 193
13 194
13 212
13 219
13 222
13 225
13 231
13 235
13 239
13 240
13 243
13 250
13 257
13 271
13 273
13 274
13 280
13 281
13 288
13 289
14 15
14 16
14 17
14 18
14 19
14 24
14 25
14 26
14 30
14 31
14 38
14 42
14 44
14 52
14 54
14 64
14 73
14 76
14 77
14 82
14 83
14 86
14 89
14 91
14 93
14 97
14 102
14 107
14 114
14 125
14 126
14 127
14 131
14 133
14 137
14 143
14 144
14 147
14 151
14 153
14 172
14 188
14 195
14 198
14 205
14 217
14 223
14 225
14 226
14 229
14 235
14 241
14 244
14 247
14 252
14 262
14 265
14 269
14 270
14 271
14 273
14 277
14 282
14 298
15 16
15 17
15 18
15 19
15 20
15 27
15 29
15 35
15 41
15 47
15 48
15 55
15 58
15 63
15 68
15 70
15 72
15 75
15 77
15 80
15 82
15 83
15 92
15 98
15 105
15 106
15 107
15 112
15 114
15 118
15 128
15 129
15 130
15 135
15 138
15 140
15 141
15 156
15 166
15 167
15 169
15 173
15 176
15 180
15 182
15 187
15 188
15 189
15 192
15 193
15 194
15 196
15 198
15 202
15 207
15 210
15 212
15 215
15 216
15 222
15 225
15 231
15 233
15 244
15 247
15 248
15 257
15 267
15 279
15 282
15 286
15 287
15 289
15 296
16 17
16 18
16 19
16 23
16 29
16 30
16 37
16 38
16 43
16 45
16 48
16 51
16 54
16 56
16 60
16 63
16 66
16 69
16 71
16 72
16 74
16 76
16 86
16 90
16 91
16 94
16 96
16 99
16 106
16 109
16 122
16 124
16 125
16 136
16 137
16 139
16 140
16 141
16 155
16 159
16 162
16 175
16 179
16 196
16 200
16 203
16 206
16 209
16 210
16 220
16 225
16 227
16 245
16 254
16 256
16 261
16 266
16 270
16 274
16 278
16 283
17 18
17 19
17 24
17 26
17 29
17 37
17 40
17 52
17 53
17 57
17 64
17 65
17 67
17 75
17 78
17 82
17 83
17 85
17 86
17 91
17 92
17 94
17 118
17 122
17 127
17 143
17 146
17 149
17 150
17 151
17 152
17 156
17 167
17 172
17 174
17 175
17 179
17 184
17 187
17 195
17 215
17 220
17 232
17 256
17 257
17 260
17 263
17 269
17 274
17 275
17 276
17 280
17 281
17 282
17 286
17 291
18 19
18 31
18 35
18 38
18 41
18 49
18 50
18 51
18 52
18 57
18 60
18 63
18 67
18 71
18 75
18 77
18 78
18 80
18 85
18 93
18 94
18 96
18 100
18 102
18 104
18 112
18 114
18 120
18 128
18 129
18 135
18 138
18 139
18 142
18 155
18 161
18 170
18 178
18 183
18 192
18 212
18 215
18 218
18 225
18 228
18 232
18 234
18 235
18 239
18 242
18 246
18 247
18 257
18 268
18 280
18 282
18 289
18 293
18 294
18 295
18 296
19 26
19 27
19 31
19 33
19 39
19 44
19 46
19 50
19 59
19 62
19 66
19 75
19 88
19 97
19 103
19 106
19 115
19 124
19 131
19 134
19 138
19 139
19 144
19 147
19 157
19 166
19 168
19 169
19 171
19 173
19 197
19 203
19 214
19 228
19 234
19 235
19 236
19 237
19 241
19 243
19 251
19 255
19 268
19 277
19 282
19 283
19 299
20 21
20 22
20 23
20 24
20 25
20 26
20 27
20 28
20 29
20 39
20 40
20 46
20 67
20 72
20 76
20 77
20 78
20 79
20 83
20 95
20 98
20 104
20 109
20 112
20 113
20 116
20 119
20 123
20 126
20 132
20 149
20 152
20 157
20 158
20 189
20 191
20 201
20 202
20 205
20 208
20 209
20 211
20 212
20 217
20 219
20 225
20 227
20 228
20 235
20 237
20 243
20 253
20 258
20 262
20 269
20 271
20 288
20 295
20 296
20 297
21 22
21 23
21 24
21 25
21 26
21 27
21 28
21 29
21 56
21 67
21 77
21 84
21 87
21 89
21 96
21 97
21 99
21 110
21 122
21 126
21 127
21 128
21 129
21 132
21 155
21 156
21 159
21 163
21 171
21 176
21 182
21 186
21 188
21 201
21 203
21 207
21 212
21 214
21 217
21 219
21 221
21 226
21 234
21 235
21 236
21 237
21 244
21 245
21 247
21 252
21 253
21 256
21 257
21 261
21 264
21 268
21 272
21 275
21 278
21 282
21 285
21 290
22 23
22 24
22 25
22 26
22 27
22 28
22 29
22 33
22 37
22 40
22 48
22 50
22 55
22 57
22 65
22 66
22 75
22 76
22 77
22 79
22 80
22 82
22 89
22 93
22 95
22 103
22 105
22 106
22 110
22 111
22 122
22 127
22 129
22 137
22 143
22 150
22 152
22 154
22 155
22 158
22 165
22 167
22 173
22 177
22 180
22 183
22 184
22 186
22 187
22 189
22 193
22 194
22 202
22 206
22 208
22 214
22 220
22 223
22 225
22 229
22 233
22 236
22 244
22 252
22 256
22 262
22 266
22 268
22 276
22 279
22 284
22 285
23 24
23 25
23 26
23 27
23 28
23 29
23 35
23 38
23 40
23 43
23 50
23 53
23 55
23 58
23 59
23 60
23 61
23 62
23 64
23 69
23 78
23 81
23 85
23 86
23 104
23 108
23 111
23 113
23 117
23 120
23 123
23 144
23 147
23 150
23 156
23 157
23 160
23 162
23 167
23 170
23 174
23 175
23 178
23 188
23 195
23 196
23 200
23 202
23 211
23 236
23 241
23 248
23 255
23 259
23 262
23 263
23 264
23 274
23 283
23 286
23 289
23 290
23 292
23 295
24 25
24 26
24 27
24 28
24 29
24 39
24 44
24 47
24 49
24 51
24 61
24 84
24 85
24 93
24 96
24 99
24 106
24 109
24 110
24 113
24 114
24 115
24 118
24 120
24 121
24 137
24 173
24 180
24 188
24 192
24 193
24 195
24 204
24 213
24 214
24 217
24 233
24 235
24 244
24 247
24 251
24 255
24 258
24 265
24 269
24 272
24 276
24 280
24 285
24 287
24 299
25 26
25 27
25 28
25 29
25 43
25 53
25 59
25 79
25 81
25 90
25 108
25 113
25 118
25 119
25 143
25 161
25 167
25 169
25 170
25 175
25 179
25 180
25 189
25 209
25 223
25 231
25 232
25 236
25 247
25 263
25 265
25 266
25 267
25 268
25 274
25 275
25 277
25 279
25 280
25 282
25 283
25 284
25 288
26 27
26 28
26 29
26 30
26 41
26 47
26 49
26 50
26 51
26 68
26 74
26 77
26 81
26 89
26 102
26 128
26 129
26 140
26 150
26 160
26 163
26 164
26 167
26 188
26 200
26 201
26 203
26 209
26 218
26 219
26 228
26 234
26 245
26 261
26 266
26 273
26 274
26 279
26 280
26 292
26 299
27 28
27 29
27 41
27 48
27 52
27 54
27 62
27 63
27 72
27 76
27 80
27 84
27 86
27 92
27 105
27 113
27 117
27 119
27 123
27 124
27 127
27 135
27 142
27 143
27 147
27 156
27 158
27 159
27 173
27 177
27 178
27 181
27 183
27 186
27 205
27 206
27 208
27 212
27 215
27 219
27 223
27 225
27 227
27 232
27 234
27 235
27 237
27 249
27 250
27 253
27 255
27 257
27 263
27 264
27 267
27 268
27 272
27 273
27 281
27 282
27 285
27 288
27 299
28 29
28 33
28 34
28 35
28 36
28 40
28 41
28 42
28 47
28 54
28 59
28 64
28 67
28 70
28 73
28 74
28 80
28 88
28 90
28 99
28 105
28 110
28 118
28 120
28 123
28 130
28 136
28 137
28 140
28 144
28 150
28 155
28 156
28 167
28 174
28 187
28 188
28 189
28 190
28 191
28 196
28 197
28 198
28 199
28 200
28 201
28 205
28 207
28 208
28 211
28 216
28 217
28 218
28 221
28 225
28 227
28 228
28 233
28 246
28 247
28 249
28 252
28 257
28 258
28 266
28 271
28 277
28 282
28 287
28 296
28 298
29 32
29 38
29 42
29 45
29 52
29 53
29 58
29 61
29 62
29 74
29 83
29 86
29 90
29 101
29 104
29 108
29 124
29 132
29 135
29 144
29 146
29 150
29 151
29 163
29 178
29 184
29 190
29 191
29 198
29 201
29 205
29 206
29 208
29 216
29 220
29 223
29 231
29 237
29 238
29 241
29 243
29 251
29 253
29 261
29 266
29 276
29 284
29 290
29 292
32 33
32 34
32 35
32 36
32 37
32 38
32 39
32 30
32 31
32 40
32 41
32 43
32 48
32 56
32 68
32 82
32 86
32 87
32 88
32 89
32 91
32 97
32 100
32 101
32 105
32 108
32 111
32 115
32 117
32 123
32 124
32 148
32 150
32 155
32 167
32 174
32 180
32 184
32 188
32 198
32 201
32 204
32 205
32 209
32 212
32 214
32 222
32 240
32 241
32 243
32 245
32 250
32 255
32 257
32 258
32 264
32 265
32 270
32 278
32 279
32 282
32 285
32 286
33 34
33 35
33 36
33 37
33 38
33 39
33 30
33 31
33 43
33 45
33 47
33 49
33 52
33 53
33 75
33 76
33 79
33 81
33 82
33 86
33 87
33 90
33 97
33 109
33 119
33 122
33 125
33 127
33 150
33 153
33 157
33 163
33 170
33 176
33 183
33 184
33 196
33 204
33 205
33 219
33 220
33 223
33 229
33 231
33 234
33 236
33 239
33 244
33 245
33 248
33 249
33 252
33 255
33 261
33 263
33 270
33 275
33 280
33 282
33 284
33 294
34 35
34 36
34 37
34 38
34 39
34 30
34 31
34 43
34 54
34 56
34 70
34 81
34 82
34 84
34 88
34 89
34 94
34 104
34 119
34 123
34 124
34 128
34 140
34 142
34 145
34 146
34 152
34 155
34 159
34 161
34 163
34 169
34 175
34 185
34 190
34 193
34 198
34 200
34 205
34 207
34 215
34 222
34 225
34 228
34 229
34 232
34 235
34 238
34 244
34 250
34 254
34 258
34 259
34 260
34 262
34 263
34 268
34 271
34 276
34 284
34 287
34 290
34 292
34 294
35 36
35 37
35 38
35 39
35 30
35 31
35 48
35 52
35 53
35 55
35 57
35 62
35 67
35 69
35 70
35 73
35 77
35 82
35 93
35 94
35 95
35 100
35 107
35 108
35 117
35 120
35 131
35 137
35 143
35 145
35 148
35 151
35 157
35 160
35 161
35 163
35 164
35 166
35 167
35 168
35 188
35 193
35 198
35 201
35 203
35 208
35 213
35 214
35 220
35 224
35 225
35 250
35 251
35 257
35 261
35 269
35 280
35 283
35 285
35 293
36 37
36 38
36 39
36 30
36 31
36 41
36 44
36 47
36 50
36 52
36 56
36 64
36 85
36 90
36 98
36 100
36 103
36 117
36 119
36 125
36 128
36 131
36 132
36 137
36 139
36 149
36 150
36 152
36 153
36 161
36 168
36 169
36 172
36 178
36 180
36 186
36 187
36 189
36 192
36 197
36 201
36 208
36 219
36 221
36 226
36 232
36 233
36 234
36 236
36 242
36 245
36 251
36 261
36 264
36 270
36 273
36 275
36 283
36 288
36 290
36 296
37 38
37 39
37 30
37 31
37 46
37 49
37 50
37 51
37 55
37 57
37 61
37 70
37 72
37 73
37 74
37 75
37 76
37 88
37 89
37 90
37 99
37 104
37 108
37 110
37 116
37 119
37 120
37 130
37 135
37 141
37 144
37 148
37 153
37 163
37 168
37 169
37 171
37 176
37 177
37 179
37 181
37 184
37 187
37 191
37 197
37 217
37 228
37 231
37 234
37 240
37 243
37 265
37 274
37 275
37 282
37 288
37 289
37 290
37 291
38 39
38 30
38 31
38 40
38 44
38 58
38 65
38 67
38 69
38 84
38 86
38 87
38 97
38 98
38 99
38 104
38 106
38 108
38 109
38 116
38 125
38 127
38 129
38 143
38 146
38 149
38 153
38 162
38 166
38 167
38 178
38 187
38 189
38 190
38 191
38 196
38 198
38 199
38 207
38 209
38 215
38 219
38 241
38 243
38 249
38 252
38 262
38 263
38 265
38 272
38 276
38 285
38 286
38 291
38 292
38 296
39 30
39 31
39 46
39 52
39 56
39 69
39 75
39 99
39 108
39 117
39 118
39 131
39 135
39 136
39 137
39 138
39 140
39 141
39 146
39 152
39 154
39 155
39 161
39 162
39 164
39 168
39 174
39 176
39 181
39 183
39 187
39 193
39 196
39 197
39 198
39 199
39 201
39 202
39 203
39 206
39 210
39 213
39 215
39 219
39 220
39 222
39 233
39 235
39 244
39 245
39 255
39 256
39 269
39 278
39 283
39 285
39 286
39 291
39 294
39 299
30 31
30 45
30 51
30 54
30 55
30 56
30 58
30 67
30 71
30 78
30 81
30 83
30 88
30 95
30 103
30 107
30 113
30 119
30 131
30 135
30 138
30 140
30 141
30 143
30 144
30 150
30 153
30 155
30 157
30 164
30 169
30 175
30 184
30 185
30 188
30 189
30 194
30 195
30 197
30 198
30 215
30 219
30 221
30 225
30 229
30 231
30 233
30 236
30 240
30 248
30 250
30 251
30 252
30 258
30 262
30 265
30 267
30 270
30 275
30 276
30 277
30 286
30 290
30 293
30 296
31 50
31 54
31 57
31 63
31 64
31 65
31 67
31 77
31 78
31 80
31 81
31 86
31 88
31 98
31 107
31 108
31 111
31 114
31 116
31 123
31 124
31 128
31 129
31 131
31 134
31 146
31 147
31 154
31 157
31 161
31 167
31 173
31 177
31 187
31 189
31 190
31 193
31 201
31 210
31 219
31 220
31 225
31 229
31 241
31 251
31 254
31 260
31 261
31 264
31 268
31 271
31 273
31 276
31 279
31 282
31 299
40 41
40 42
40 43
40 44
40 45
40 46
40 47
40 48
40 49
40 53
40 58
40 59
40 68
40 71
40 83
40 95
40 105
40 112
40 114
40 124
40 125
40 130
40 133
40 135
40 137
40 140
40 143
40 146
40 149
40 155
40 169
40 184
40 186
40 193
40 194
40 198
40 199
40 203
40 207
40 209
40 210
40 212
40 218
40 222
40 246
40 251
40 266
40 267
40 271
40 282
40 287
41 42
41 43
41 44
41 45
41 46
41 47
41 48
41 49
41 51
41 52
41 53
41 54
41 64
41 65
41 77
41 88
41 99
41 103
41 105
41 107
41 110
41 112
41 116
41 123
41 135
41 137
41 152
41 164
41 171
41 179
41 183
41 186
41 189
41 193
41 205
41 211
41 216
41 224
41 235
41 236
41 247
41 250
41 253
41 268
41 269
41 270
41 272
41 274
41 276
41 289
41 290
41 291
41 296
42 43
42 44
42 45
42 46
42 47
42 48
42 49
42 59
42 61
42 62
42 74
42 80
42 83
42 85
42 91
42 93
42 100
42 102
42 108
42 114
42 117
42 128
42 133
42 140
42 141
42 146
42 147
42 149
42 150
42 169
42 172
42 174
42 183
42 188
42 197
42 202
42 204
42 209
42 211
42 216
42 219
42 222
42 226
42 228
42 244
42 255
42 257
42 258
42 260
42 262
42 269
42 272
42 278
42 281
42 292
43 44
43 45
43 46
43 47
43 48
43 49
43 52
43 57
43 61
43 63
43 64
43 67
43 81
43 98
43 99
43 100
43 101
43 103
43 109
43 113
43 116
43 117
43 134
43 142
43 144
43 148
43 149
43 160
43 164
43 170
43 174
43 179
43 200
43 202
43 204
43 206
43 210
43 212
43 215
43 218
43 228
43 230
43 234
43 235
43 238
43 239
43 242
43 243
43 245
43 252
43 254
43 263
43 264
43 266
43 272
43 274
43 275
43 278
43 286
44 45
44 46
44 47
44 48
44 49
44 52
44 53
44 61
44 64
44 72
44 76
44 91
44 92
44 100
44 101
44 106
44 110
44 111
44 116
44 118
44 124
44 128
44 138
44 142
44 147
44 160
44 162
44 169
44 173
44 174
44 181
44 184
44 195
44 203
44 208
44 209
44 215
44 218
44 228
44 231
44 232
44 233
44 234
44 236
44 237
44 242
44 246
44 247
44 250
44 254
44 263
44 269
44 273
44 285
44 286
44 288
44 289
44 290
44 299
45 46
45 47
45 48
45 49
45 61
45 69
45 70
45 78
45 79
45 81
45 83
45 91
45 92
45 93
45 97
45 107
45 108
45 109
45 110
45 119
45 125
45 131
45 133
45 135
45 136
45 138
45 143
45 145
45 150
45 155
45 156
45 159
45 161
45 171
45 172
45 173
45 184
45 187
45 190
45 201
45 203
45 207
45 209
45 216
45 217
45 219
45 221
45 225
45 229
45 230
45 240
45 246
45 247
45 252
45 265
45 273
45 277
45 278
45 281
45 286
45 288
45 291
45 293
45 294
46 47
46 48
46 49
46 61
46 64
46 67
46 69
46 79
46 93
46 96
46 99
46 108
46 110
46 112
46 116
46 118
46 127
46 142
46 144
46 146
46 164
46 166
46 174
46 180
46 190
46 193
46 205
46 206
46 214
46 217
46 221
46 222
46 227
46 240
46 244
46 245
46 270
46 274
46 277
46 279
46 286
46 294
47 48
47 49
47 54
47 58
47 59
47 62
47 64
47 70
47 71
47 77
47 81
47 82
47 84
47 89
47 93
47 94
47 97
47 112
47 116
47 118
47 124
47 131
47 137
47 147
47 148
47 149
47 152
47 153
47 159
47 162
47 163
47 165
47 172
47 173
47 181
47 182
47 198
47 201
47 206
47 212
47 216
47 221
47 224
47 234
47 236
47 237
47 241
47 243
47 244
47 246
47 249
47 250
47 252
47 255
47 268
47 275
47 278
47 279
47 282
47 286
47 295
47 298
48 49
48 61
48 63
48 70
48 75
48 76
48 80
48 81
48 87
48 88
48 89
48 99
48 106
48 109
48 111
48 123
48 130
48 131
48 139
48 141
48 143
48 166
48 172
48 176
48 177
48 184
48 188
48 193
48 195
48 196
48 201
48 206
48 207
48 209
48 210
48 216
48 225
48 231
48 232
48 234
48 241
48 245
48 246
48 249
48 251
48 260
48 280
48 288
48 295
48 299
49 61
49 65
49 66
49 68
49 82
49 93
49 94
49 97
49 107
49 109
49 112
49 113
49 114
49 127
49 145
49 157
49 162
49 164
49 165
49 169
49 170
49 179
49 185
49 188
49 194
49 210
49 211
49 212
49 213
49 221
49 227
49 239
49 249
49 258
49 264
49 280
49 282
49 283
49 285
49 291
49 295
50 51
50 52
50 53
50 54
50 55
50 56
50 57
50 58
50 59
50 63
50 75
50 78
50 79
50 90
50 93
50 98
50 100
50 103
50 104
50 112
50 114
50 115
50 116
50 120
50 143
50 150
50 153
50 162
50 169
50 171
50 173
50 175
50 176
50 178
50 181
50 185
50 203
50 206
50 207
50 215
50 220
50 225
50 229
50 232
50 234
50 235
50 237
50 240
50 242
50 249
50 255
50 258
50 268
50 274
50 280
50 284
50 289
50 290
50 293
51 52
51 53
51 54
51 55
51 56
51 57
51 58
51 59
51 67
51 68
51 71
51 72
51 75
51 79
51 85
51 89
51 90
51 96
51 103
51 104
51 114
51 122
51 124
51 129
51 130
51 132
51 137
51 149
51 159
51 162
51 164
51 167
51 169
51 183
51 185
51 188
51 198
51 204
51 209
51 211
51 214
51 215
51 219
51 220
51 222
51 223
51 227
51 239
51 242
51 243
51 248
51 249
51 257
51 258
51 259
51 267
51 268
51 269
51 273
51 274
51 290
52 53
52 54
52 55
52 56
52 57
52 58
52 59
52 73
52 74
52 78
52 79
52 85
52 87
52 88
52 94
52 107
52 114
52 125
52 130
52 132
52 135
52 136
52 142
52 143
52 152
52 169
52 171
52 177
52 182
52 203
52 204
52 207
52 227
52 229
52 233
52 239
52 242
52 247
52 256
52 260
52 263
52 264
52 277
52 282
52 284
52 288
52 291
52 295
52 296
52 299
53 54
53 55
53 56
53 57
53 58
53 59
53 63
53 65
53 67
53 73
53 75
53 81
53 82
53 86
53 95
53 98
53 105
53 109
53 114
53 116
53 124
53 128
53 133
53 144
53 152
53 153
53 154
53 156
53 169
53 171
53 180
53 182
53 184
53 189
53 190
53 193
53 195
53 198
53 201
53 205
53 207
53 219
53 221
53 222
53 223
53 225
53 227
53 230
53 233
53 234
53 235
53 237
53 241
53 243
53 248
53 249
53 251
53 257
53 261
53 273
53 280
53 281
53 282
53 285
53 289
53 297
54 55
54 56
54 57
54 58
54 59
54 64
54 78
54 86
54 88
54 97
54 98
54 103
54 106
54 108
54 110
54 113
54 114
54 117
54 118
54 120
54 135
54 142
54 143
54 145
54 146
54 147
54 153
54 154
54 159
54 167
54 170
54 172
54 177
54 179
54 184
54 191
54 204
54 209
54 239
54 246
54 251
54 256
54 257
54 263
54 264
54 274
54 286
54 296
54 299
55 56
55 57
55 58
55 59
55 72
55 75
55 76
55 94
55 95
55 99
55 100
55 103
55 107
55 108
55 111
55 115
55 122
55 124
55 133
55 134
55 141
55 142
55 149
55 156
55 158
55 159
55 167
55 169
55 172
55 175
55 187
55 191
55 192
55 195
55 199
55 205
55 207
55 211
55 214
55 218
55 229
55 230
55 238
55 255
55 257
55 260
55 263
55 265
55 269
55 270
55 274
55 276
55 278
56 57
56 58
56 59
56 72
56 73
56 84
56 90
56 91
56 93
56 95
56 98
56 101
56 103
56 105
56 108
56 118
56 122
56 124
56 126
56 128
56 136
56 137
56 138
56 143
56 153
56 154
56 162
56 176
56 186
56 194
56 195
56 206
56 208
56 216
56 219
56 222
56 223
56 225
56 232
56 244
56 246
56 250
56 251
56 253
56 254
56 256
56 257
56 261
56 270
56 276
56 277
56 278
56 296
57 58
57 59
57 63
57 69
57 72
57 73
57 76
57 82
57 86
57 88
57 92
57 94
57 96
57 104
57 107
57 110
57 118
57 126
57 127
57 132
57 134
57 136
57 138
57 139
57 145
57 146
57 159
57 161
57 164
57 166
57 168
57 173
57 176
57 179
57 183
57 184
57 186
57 188
57 196
57 197
57 204
57 212
57 213
57 225
57 229
57 232
57 233
57 235
57 238
57 242
57 245
57 249
57 255
57 266
57 271
57 281
57 297
57 299
58 59
58 66
58 79
58 88
58 90
58 93
58 98
58 100
58 105
58 107
58 108
58 110
58 114
58 126
58 129
58 132
58 135
58 138
58 143
58 148
58 150
58 156
58 164
58 170
58 177
58 181
58 187
58 195
58 203
58 206
58 216
58 217
58 224
58 228
58 234
58 236
58 238
58 247
58 249
58 253
58 260
58 262
58 268
58 269
58 277
58 286
58 294
58 295
58 296
58 298
59 62
59 65
59 68
59 69
59 74
59 77
59 91
59 93
59 96
59 104
59 106
59 110
59 111
59 118
59 120
59 124
59 126
59 128
59 129
59 130
59 135
59 141
59 149
59 150
59 152
59 155
59 156
59 159
59 163
59 166
59 167
59 169
59 170
59 177
59 178
59 180
59 182
59 183
59 191
59 194
59 200
59 204
59 209
59 214
59 219
59 224
59 229
59 233
59 236
59 240
59 241
59 242
59 243
59 247
59 248
59 251
59 255
59 262
59 266
59 267
59 268
59 271
59 273
59 275
59 278
59 281
59 289
59 294
59 299
64 65
64 66
64 67
64 68
64 69
64 60
64 61
64 62
64 63
64 72
64 74
64 82
64 83
64 85
64 88
64 93
64 94
64 98
64 99
64 106
64 110
64 111
64 119
64 123
64 125
64 126
64 133
64 142
64 160
64 161
64 172
64 173
64 175
64 176
64 178
64 181
64 182
64 209
64 212
64 213
64 214
64 221
64 227
64 230
64 235
64 237
64 239
64 248
64 258
64 260
64 267
64 275
64 277
64 279
64 280
64 284
64 293
65 66
65 67
65 68
65 69
65 60
65 61
65 62
65 63
65 71
65 74
65 77
65 78
65 82
65 83
65 89
65 103
65 104
65 107
65 112
65 123
65 125
65 127
65 128
65 134
65 144
65 149
65 157
65 159
65 161
65 164
65 175
65 176
65 181
65 184
65 198
65 199
65 210
65 211
65 212
65 224
65 226
65 232
65 233
65 236
65 243
65 269
65 270
65 272
65 287
66 67
66 68
66 69
66 60
66 61
66 62
66 63
66 71
66 72
66 76
66 78
66 79
66 83
66 85
66 89
66 90
66 94
66 103
66 107
66 109
66 113
66 119
66 121
66 126
66 134
66 139
66 141
66 147
66 152
66 157
66 164
66 166
66 170
66 174
66 177
66 180
66 190
66 198
66 200
66 205
66 211
66 215
66 217
66 223
66 233
66 236
66 237
66 269
66 271
66 281
66 283
66 289
67 68
67 69
67 60
67 61
67 62
67 63
67 77
67 80
67 82
67 83
67 86
67 89
67 91
67 95
67 96
67 101
67 103
67 106
67 126
67 142
67 143
67 144
67 146
67 154
67 158
67 172
67 174
67 184
67 188
67 190
67 192
67 201
67 208
67 214
67 225
67 229
67 231
67 237
67 240
67 249
67 257
67 265
67 266
67 269
67 272
67 277
67 279
67 280
67 285
67 290
67 293
67 294
67 295
68 69
68 60
68 61
68 62
68 63
68 70
68 71
68 75
68 77
68 83
68 85
68 89
68 94
68 98
68 114
68 119
68 134
68 137
68 143
68 146
68 147
68 151
68 156
68 157
68 169
68 171
68 177
68 179
68 181
68 193
68 195
68 198
68 200
68 205
68 208
68 213
68 214
68 215
68 219
68 222
68 245
68 251
68 259
68 260
68 265
68 266
68 269
68 276
68 284
68 297
69 60
69 61
69 62
69 63
69 77
69 79
69 88
69 98
69 115
69 124
69 125
69 127
69 138
69 140
69 144
69 146
69 147
69 150
69 151
69 157
69 167
69 170
69 172
69 173
69 175
69 177
69 182
69 196
69 197
69 198
69 200
69 204
69 214
69 215
69 218
69 220
69 223
69 224
69 225
69 226
69 237
69 245
69 248
69 252
69 258
69 260
69 261
69 263
69 265
69 269
69 273
69 280
69 285
69 291
69 292
60 61
60 62
60 63
60 73
60 81
60 86
60 106
60 108
60 114
60 116
60 124
60 129
60 131
60 138
60 140
60 141
60 145
60 146
60 147
60 149
60 153
60 154
60 156
60 162
60 175
60 185
60 193
60 195
60 199
60 203
60 204
60 211
60 228
60 229
60 232
60 236
60 237
60 239
60 240
60 243
60 249
60 251
60 254
60 255
60 256
60 268
60 277
61 62
61 63
61 75
61 80
61 85
61 90
61 97
61 105
61 107
61 108
61 113
61 123
61 124
61 143
61 146
61 148
61 157
61 160
61 163
61 165
61 168
61 175
61 184
61 185
61 187
61 191
61 203
61 208
61 211
61 214
61 216
61 223
61 224
61 225
61 229
61 233
61 247
61 248
61 249
61 253
61 256
61 259
61 260
61 268
61 269
61 274
61 277
61 284
61 288
61 290
61 297
61 298
62 63
62 75
62 77
62 78
62 81
62 82
62 86
62 97
62 99
62 117
62 124
62 126
62 131
62 144
62 148
62 149
62 150
62 157
62 160
62 166
62 176
62 181
62 186
62 189
62 190
62 199
62 201
62 208
62 213
62 215
62 217
62 219
62 222
62 231
62 236
62 241
62 244
62 245
62 252
62 256
62 261
62 263
62 264
62 286
62 295
62 299
63 73
63 78
63 79
63 83
63 85
63 86
63 87
63 93
63 95
63 98
63 99
63 103
63 106
63 109
63 112
63 114
63 119
63 120
63 124
63 131
63 139
63 143
63 147
63 151
63 152
63 154
63 160
63 165
63 168
63 169
63 173
63 176
63 177
63 178
63 183
63 194
63 197
63 199
63 200
63 208
63 209
63 213
63 221
63 226
63 230
63 231
63 234
63 240
63 248
63 252
63 255
63 259
63 263
63 268
63 273
63 274
63 275
63 279
63 281
63 288
63 290
70 71
70 72
70 73
70 74
70 75
70 76
70 77
70 78
70 79
70 86
70 89
70 91
70 93
70 94
70 98
70 117
70 124
70 140
70 142
70 143
70 147
70 148
70 160
70 167
70 177
70 178
70 180
70 182
70 186
70 189
70 193
70 196
70 198
70 199
70 209
70 212
70 219
70 221
70 222
70 225
70 227
70 231
70 239
70 243
70 244
70 248
70 251
70 256
70 257
70 259
70 261
70 265
70 278
70 282
70 285
70 287
70 290
70 293
70 298
71 72
71 73
71 74
71 75
71 76
71 77
71 78
71 79
71 82
71 84
71 91
71 94
71 95
71 99
71 101
71 106
71 108
71 110
71 111
71 116
71 131
71 132
71 141
71 149
71 153
71 156
71 159
71 164
71 177
71 180
71 197
71 199
71 202
71 206
71 212
71 216
71 217
71 218
71 229
71 234
71 235
71 236
71 237
71 241
71 245
71 258
71 263
71 267
71 268
71 279
71 283
71 287
71 288
71 291
71 292
72 73
72 74
72 75
72 76
72 77
72 78
72 79
72 98
72 103
72 106
72 109
72 111
72 116
72 120
72 122
72 123
72 127
72 128
72 129
72 139
72 143
72 146
72 149
72 155
72 160
72 166
72 169
72 178
72 179
72 180
72 184
72 192
72 194
72 197
72 199
72 200
72 202
72 206
72 209
72 222
72 224
72 225
72 226
72 228
72 230
72 231
72 233
72 237
72 251
72 267
72 271
72 274
72 284
72 286
73 74
73 75
73 76
73 77
73 78
73 79
73 92
73 93
73 97
73 99
73 101
73 103
73 104
73 105
73 107
73 114
73 121
73 124
73 127
73 131
73 132
73 137
73 141
73 142
73 145
73 148
73 151
73 152
73 154
73 158
73 166
73 176
73 181
73 185
73 187
73 191
73 193
73 196
73 197
73 199
73 201
73 204
73 209
73 212
73 215
73 216
73 223
73 226
73 231
73 235
73 239
73 248
73 249
73 251
73 268
73 269
73 272
73 274
73 278
73 279
73 280
73 286
73 288
73 293
73 298
74 75
74 76
74 77
74 78
74 79
74 87
74 89
74 105
74 107
74 117
74 118
74 124
74 125
74 140
74 142
74 143
74 164
74 169
74 175
74 177
74 179
74 184
74 185
74 186
74 203
74 207
74 208
74 213
74 216
74 218
74 224
74 227
74 236
74 240
74 253
74 254
74 258
74 263
74 265
74 266
74 267
74 273
74 278
74 283
74 286
74 287
74 295
75 76
75 77
75 78
75 79
75 80
75 81
75 89
75 96
75 98
75 103
75 111
75 113
75 115
75 117
75 120
75 135
75 136
75 139
75 142
75 145
75 147
75 148
75 152
75 160
75 165
75 168
75 171
75 177
75 183
75 197
75 200
75 205
75 212
75 214
75 218
75 222
75 228
75 231
75 239
75 240
75 241
75 251
75 253
75 254
75 259
75 260
75 264
75 284
75 289
76 77
76 78
76 79
76 90
76 91
76 95
76 102
76 116
76 118
76 119
76 124
76 128
76 137
76 139
76 143
76 147
76 149
76 152
76 160
76 164
76 183
76 187
76 192
76 197
76 199
76 201
76 203
76 210
76 211
76 216
76 223
76 224
76 237
76 239
76 249
76 256
76 265
76 276
76 277
76 283
76 285
76 292
76 298
76 299
77 78
77 79
77 87
77 98
77 100
77 107
77 115
77 119
77 126
77 129
77 130
77 131
77 133
77 146
77 157
77 160
77 164
77 165
77 166
77 175
77 183
77 185
77 189
77 206
77 209
77 212
77 214
77 216
77 222
77 241
77 246
77 247
77 254
77 259
77 264
77 266
77 275
77 277
77 280
77 283
77 286
78 79
78 82
78 87
78 88
78 91
78 99
78 104
78 106
78 107
78 120
78 131
78 136
78 140
78 141
78 142
78 143
78 145
78 150
78 154
78 160
78 163
78 171
78 176
78 186
78 189
78 197
78 198
78 208
78 216
78 221
78 224
78 226
78 228
78 229
78 230
78 249
78 254
78 261
78 263
78 265
78 269
78 274
78 286
78 292
78 295
78 297
79 80
79 89
79 96
79 98
79 103
79 109
79 111
79 122
79 135
79 143
79 144
79 156
79 161
79 166
79 167
79 172
79 179
79 180
79 185
79 186
79 192
79 198
79 212
79 214
79 216
79 224
79 238
79 252
79 262
79 265
79 274
79 276
79 277
79 293
79 294
79 295
79 297
79 299
80 81
80 82
80 83
80 84
80 85
80 86
80 87
80 88
80 89
80 96
80 100
80 108
80 113
80 118
80 120
80 125
80 126
80 127
80 136
80 138
80 143
80 145
80 153
80 155
80 163
80 164
80 165
80 177
80 183
80 185
80 188
80 189
80 193
80 198
80 199
80 221
80 223
80 229
80 238
80 242
80 251
80 254
80 256
80 258
80 259
80 265
80 272
80 273
80 274
80 280
80 285
80 292
80 294
80 296
81 82
81 83
81 84
81 85
81 86
81 87
81 88
81 89
81 97
81 99
81 108
81 109
81 111
81 115
81 121
81 123
81 129
81 133
81 144
81 155
81 162
81 167
81 171
81 172
81 176
81 177
81 180
81 181
81 187
81 196
81 200
81 207
81 211
81 226
81 230
81 231
81 236
81 239
81 250
81 251
81 253
81 254
81 262
81 263
81 264
81 265
81 266
81 270
81 291
81 293
82 83
82 84
82 85
82 86
82 87
82 88
82 89
82 107
82 108
82 117
82 119
82 120
82 122
82 127
82 128
82 130
82 133
82 139
82 142
82 147
82 148
82 158
82 171
82 173
82 174
82 176
82 179
82 193
82 199
82 202
82 206
82 208
82 211
82 213
82 214
82 228
82 229
82 235
82 242
82 245
82 248
82 253
82 267
82 271
82 273
82 293
82 295
82 298
83 84
83 85
83 86
83 87
83 88
83 89
83 92
83 101
83 102
83 103
83 109
83 117
83 118
83 120
83 124
83 127
83 128
83 133
83 135
83 138
83 142
83 143
83 145
83 148
83 150
83 155
83 162
83 166
83 174
83 176
83 199
83 206
83 209
83 212
83 215
83 220
83 222
83 226
83 227
83 228
83 231
83 237
83 238
83 242
83 251
83 273
83 295
83 296
84 85
84 86
84 87
84 88
84 89
84 92
84 99
84 100
84 102
84 108
84 115
84 116
84 122
84 129
84 139
84 144
84 147
84 160
84 164
84 169
84 186
84 190
84 195
84 203
84 205
84 207
84 209
84 210
84 211
84 216
84 236
84 253
84 257
84 258
84 259
84 260
84 268
84 275
84 276
84 277
84 279
84 281
84 284
84 288
84 295
85 86
85 87
85 88
85 89
85 92
85 106
85 109
85 112
85 119
85 124
85 130
85 135
85 137
85 139
85 146
85 147
85 167
85 173
85 176
85 179
85 182
85 183
85 190
85 196
85 197
85 205
85 206
85 209
85 210
85 221
85 223
85 229
85 239
85 242
85 251
85 254
85 255
85 256
85 258
85 259
85 269
85 270
85 276
85 278
85 287
85 288
85 291
85 297
86 87
86 88
86 89
86 104
86 112
86 115
86 118
86 120
86 124
86 135
86 137
86 144
86 150
86 151
86 155
86 157
86 161
86 167
86 171
86 180
86 193
86 205
86 207
86 212
86 213
86 214
86 216
86 219
86 226
86 245
86 247
86 251
86 252
86 254
86 256
86 266
86 277
86 281
86 282
86 287
86 293
86 294
86 296
87 88
87 89
87 90
87 91
87 97
87 104
87 106
87 107
87 122
87 126
87 127
87 143
87 147
87 152
87 157
87 163
87 165
87 169
87 171
87 177
87 182
87 185
87 187
87 188
87 189
87 190
87 191
87 195
87 197
87 200
87 201
87 205
87 213
87 224
87 225
87 235
87 238
87 245
87 246
87 253
87 257
87 264
87 265
87 267
87 268
87 272
87 278
87 285
87 287
87 293
87 294
88 89
88 92
88 96
88 98
88 105
88 117
88 121
88 134
88 136
88 137
88 141
88 144
88 152
88 157
88 163
88 166
88 169
88 178
88 180
88 183
88 184
88 190
88 194
88 198
88 202
88 203
88 206
88 211
88 215
88 221
88 227
88 229
88 230
88 234
88 236
88 237
88 239
88 248
88 251
88 256
88 257
88 262
88 265
88 276
88 281
88 282
88 283
88 284
88 299
89 95
89 97
89 99
89 103
89 107
89 108
89 119
89 120
89 123
89 127
89 142
89 144
89 145
89 149
89 163
89 165
89 171
89 172
89 174
89 185
89 188
89 189
89 192
89 193
89 198
89 220
89 223
89 238
89 239
89 243
89 245
89 249
89 250
89 252
89 256
89 266
89 272
89 274
89 279
89 286
89 289
89 294
89 295
89 296
89 299
96 97
96 98
96 99
96 90
96 91
96 92
96 93
96 94
96 95
96 106
96 110
96 111
96 125
96 126
96 127
96 136
96 137
96 138
96 141
96 143
96 154
96 158
96 162
96 169
96 179
96 184
96 211
96 214
96 216
96 224
96 228
96 230
96 231
96 232
96 234
96 238
96 239
96 242
96 244
96 251
96 255
96 260
96 262
96 263
96 267
96 268
96 270
96 272
96 274
96 280
96 288
96 293
96 297
97 98
97 99
97 90
97 91
97 92
97 93
97 94
97 95
97 101
97 103
97 105
97 110
97 120
97 121
97 123
97 128
97 135
97 139
97 149
97 153
97 154
97 155
97 157
97 172
97 182
97 184
97 185
97 192
97 194
97 196
97 200
97 204
97 208
97 210
97 221
97 224
97 227
97 236
97 238
97 239
97 251
97 262
97 264
97 272
97 273
97 277
97 281
97 282
97 290
97 291
97 294
97 296
98 99
98 90
98 91
98 92
98 93
98 94
98 95
98 100
98 102
98 104
98 105
98 116
98 129
98 134
98 136
98 137
98 145
98 146
98 147
98 151
98 155
98 156
98 162
98 169
98 171
98 173
98 176
98 179
98 180
98 183
98 184
98 193
98 200
98 211
98 212
98 216
98 220
98 223
98 224
98 229
98 233
98 235
98 239
98 240
98 243
98 244
98 247
98 250
98 262
98 267
98 270
98 282
98 283
98 284
98 295
99 90
99 91
99 92
99 93
99 94
99 95
99 105
99 109
99 113
99 114
99 115
99 117
99 120
99 122
99 123
99 124
99 142
99 145
99 149
99 157
99 163
99 170
99 176
99 178
99 181
99 191
99 193
99 201
99 202
99 209
99 212
99 219
99 222
99 227
99 233
99 234
99 238
99 241
99 244
99 249
99 260
99 266
99 270
99 271
99 274
99 276
99 277
99 281
99 283
99 285
99 288
99 289
99 291
99 293
99 294
99 297
99 299
90 91
90 92
90 93
90 94
90 95
90 104
90 108
90 114
90 127
90 130
90 133
90 148
90 151
90 156
90 160
90 163
90 166
90 179
90 192
90 195
90 197
90 206
90 208
90 209
90 211
90 220
90 223
90 226
90 229
90 233
90 236
90 241
90 244
90 263
90 272
90 273
90 275
90 281
90 282
90 285
90 292
90 296
91 92
91 93
91 94
91 95
91 101
91 104
91 105
91 107
91 113
91 114
91 123
91 126
91 127
91 137
91 140
91 142
91 156
91 162
91 164
91 165
91 168
91 185
91 194
91 203
91 211
91 221
91 228
91 230
91 232
91 236
91 245
91 246
91 247
91 253
91 257
91 258
91 271
91 275
91 279
91 284
91 293
92 93
92 94
92 95
92 102
92 105
92 114
92 126
92 127
92 128
92 156
92 160
92 163
92 201
92 205
92 206
92 207
92 208
92 211
92 213
92 215
92 222
92 226
92 228
92 234
92 236
92 237
92 240
92 248
92 254
92 258
92 264
92 267
92 275
92 276
92 277
92 278
92 286
92 292
92 295
92 297
92 298
92 299
93 94
93 95
93 102
93 122
93 123
93 126
93 139
93 154
93 159
93 164
93 172
93 183
93 186
93 194
93 199
93 202
93 206
93 209
93 210
93 211
93 215
93 217
93 219
93 224
93 227
93 232
93 233
93 245
93 249
93 267
93 268
93 272
93 275
93 278
93 286
93 288
93 290
93 292
93 296
94 95
94 100
94 102
94 113
94 114
94 116
94 126
94 127
94 128
94 154
94 157
94 158
94 173
94 176
94 178
94 181
94 183
94 199
94 201
94 207
94 212
94 219
94 223
94 225
94 239
94 242
94 256
94 258
94 265
94 272
94 292
94 297
95 105
95 107
95 113
95 115
95 116
95 118
95 120
95 134
95 136
95 141
95 147
95 151
95 152
95 154
95 157
95 170
95 171
95 179
95 181
95 184
95 188
95 189
95 190
95 200
95 206
95 218
95 222
95 227
95 230
95 234
95 247
95 251
95 255
95 256
95 257
95 258
95 260
95 262
95 264
95 267
95 275
95 285
95 290
95 292
95 293
100 101
100 102
100 103
100 104
100 105
100 106
100 107
100 108
100 109
100 115
100 116
100 120
100 121
100 127
100 131
100 134
100 138
100 160
100 168
100 172
100 174
100 186
100 187
100 189
100 190
100 194
100 198
100 200
100 203
100 216
100 223
100 224
100 229
100 240
100 243
100 246
100 260
100 268
100 269
100 272
100 275
100 286
100 292
100 295
101 102
101 103
101 104
101 105
101 106
101 107
101 108
101 109
101 110
101 111
101 112
101 119
101 129
101 130
101 135
101 141
101 142
101 143
101 144
101 147
101 150
101 151
101 160
101 164
101 166
101 170
101 173
101 186
101 190
101 191
101 196
101 200
101 205
101 211
101 217
101 218
101 222
101 229
101 241
101 243
101 249
101 261
101 268
101 269
101 271
101 283
101 284
101 293
101 296
102 103
102 104
102 105
102 106
102 107
102 108
102 109
102 117
102 120
102 123
102 127
102 133
102 136
102 138
102 142
102 149
102 169
102 170
102 171
102 174
102 182
102 186
102 189
102 204
102 207
102 211
102 215
102 222
102 223
102 224
102 226
102 228
102 238
102 243
102 247
102 250
102 252
102 259
102 273
102 274
102 275
102 279
102 280
102 292
102 293
103 104
103 105
103 106
103 107
103 108
103 109
103 129
103 130
103 131
103 138
103 143
103 146
103 148
103 151
103 157
103 162
103 169
103 171
103 173
103 174
103 178
103 186
103 189
103 191
103 194
103 198
103 199
103 203
103 213
103 220
103 223
103 225
103 227
103 228
103 230
103 232
103 239
103 241
103 248
103 249
103 253
103 260
103 261
103 266
103 269
103 270
103 273
103 275
103 277
103 279
103 282
103 286
103 293
103 298
104 105
104 106
104 107
104 108
104 109
104 110
104 113
104 115
104 118
104 126
104 134
104 135
104 136
104 142
104 146
104 161
104 171
104 175
104 182
104 189
104 192
104 201
104 206
104 208
104 209
104 210
104 211
104 218
104 219
104 223
104 227
104 229
104 230
104 235
104 237
104 244
104 245
104 246
104 247
104 249
104 252
104 253
104 254
104 268
104 283
104 285
104 287
104 292
104 299
105 106
105 107
105 108
105 109
105 110
105 115
105 123
105 125
105 129
105 142
105 143
105 156
105 157
105 162
105 165
105 173
105 176
105 179
105 185
105 186
105 196
105 205
105 209
105 220
105 221
105 230
105 232
105 239
105 243
105 256
105 258
105 259
105 262
105 265
105 271
105 279
105 281
105 285
105 287
105 293
105 294
106 107
106 108
106 109
106 111
106 119
106 130
106 137
106 149
106 155
106 156
106 161
106 164
106 170
106 172
106 173
106 176
106 181
106 182
106 187
106 188
106 198
106 202
106 203
106 220
106 229
106 248
106 255
106 258
106 263
106 264
106 266
106 268
106 275
106 278
106 282
106 286
106 294
106 296
106 298
106 299
107 108
107 109
107 115
107 130
107 131
107 135
107 140
107 141
107 145
107 151
107 159
107 162
107 175
107 196
107 211
107 215
107 219
107 221
107 222
107 224
107 227
107 229
107 241
107 244
107 247
107 253
107 256
107 259
107 260
107 261
107 266
107 280
107 283
107 288
107 291
107 296
108 109
108 111
108 117
108 122
108 131
108 133
108 150
108 151
108 159
108 163
108 164
108 168
108 170
108 171
108 173
108 177
108 187
108 190
108 192
108 198
108 200
108 209
108 210
108 215
108 217
108 223
108 226
108 227
108 231
108 235
108 244
108 246
108 247
108 249
108 251
108 265
108 266
108 269
108 270
108 272
108 274
108 281
108 284
108 287
108 293
108 294
108 298
109 129
109 130
109 136
109 138
109 150
109 159
109 161
109 164
109 165
109 168
109 170
109 185
109 196
109 197
109 198
109 201
109 203
109 204
109 208
109 210
109 211
109 212
109 218
109 226
109 227
109 236
109 246
109 247
109 256
109 261
109 264
109 265
109 266
109 267
109 268
109 272
109 279
109 286
109 287
109 294
109 299
110 111
110 112
110 113
110 114
110 115
110 116
110 117
110 118
110 119
110 132
110 133
110 136
110 150
110 154
110 155
110 158
110 160
110 161
110 163
110 174
110 175
110 177
110 181
110 189
110 190
110 199
110 202
110 210
110 218
110 221
110 226
110 228
110 231
110 233
110 236
110 241
110 242
110 251
110 256
110 259
110 273
110 277
110 281
110 293
110 295
110 299
111 112
111 113
111 114
111 115
111 116
111 117
111 118
111 119
111 124
111 134
111 143
111 145
111 148
111 157
111 172
111 176
111 178
111 181
111 187
111 189
111 190
111 201
111 205
111 215
111 219
111 224
111 225
111 227
111 229
111 234
111 241
111 245
111 258
111 263
111 267
111 268
111 270
111 275
111 279
111 290
111 291
111 294
111 295
112 113
112 114
112 115
112 116
112 117
112 118
112 119
112 122
112 123
112 127
112 138
112 140
112 147
112 150
112 160
112 161
112 169
112 171
112 172
112 173
112 176
112 177
112 181
112 194
112 195
112 205
112 209
112 225
112 227
112 229
112 241
112 254
112 255
112 256
112 260
112 263
112 268
112 276
112 280
112 281
112 285
112 293
112 297
112 299
113 114
113 115
113 116
113 117
113 118
113 119
113 132
113 134
113 136
113 138
113 142
113 143
113 156
113 159
113 165
113 173
113 174
113 175
113 180
113 193
113 196
113 201
113 204
113 209
113 218
113 221
113 222
113 227
113 239
113 252
113 255
113 268
113 275
113 277
113 278
113 285
113 288
113 291
113 298
113 299
114 115
114 116
114 117
114 118
114 119
114 121
114 123
114 124
114 125
114 126
114 133
114 134
114 135
114 136
114 137
114 147
114 156
114 163
114 179
114 183
114 184
114 189
114 193
114 195
114 205
114 207
114 210
114 211
114 215
114 219
114 221
114 229
114 230
114 234
114 235
114 236
114 241
114 254
114 264
114 266
114 268
114 269
114 270
114 271
114 275
114 285
114 287
114 291
114 294
114 296
115 116
115 117
115 118
115 119
115 122
115 137
115 139
115 148
115 154
115 156
115 161
115 162
115 166
115 167
115 177
115 181
115 185
115 193
115 198
115 203
115 206
115 209
115 217
115 223
115 226
115 241
115 242
115 244
115 262
115 287
115 297
115 299
116 117
116 118
116 119
116 123
116 124
116 140
116 145
116 148
116 151
116 158
116 160
116 161
116 162
116 166
116 172
116 183
116 184
116 196
116 200
116 217
116 221
116 228
116 229
116 241
116 243
116 245
116 247
116 260
116 261
116 263
116 265
116 276
116 277
116 280
116 288
116 292
116 297
117 118
117 119
117 127
117 133
117 135
117 138
117 141
117 152
117 159
117 176
117 187
117 189
117 191
117 194
117 195
117 211
117 214
117 222
117 223
117 227
117 231
117 247
117 257
117 264
117 270
117 277
117 281
117 284
117 294
117 295
118 119
118 121
118 122
118 126
118 130
118 136
118 137
118 152
118 154
118 157
118 165
118 168
118 179
118 182
118 184
118 187
118 191
118 204
118 206
118 208
118 214
118 217
118 219
118 223
118 224
118 229
118 234
118 240
118 242
118 243
118 249
118 258
118 271
118 276
118 284
118 285
118 296
118 297
119 135
119 143
119 151
119 153
119 173
119 176
119 180
119 181
119 187
119 198
119 204
119 207
119 220
119 229
119 230
119 244
119 255
119 259
119 264
119 267
119 276
119 280
119 281
119 283
119 286
119 287
119 289
119 290
119 292
119 298
128 129
128 120
128 121
128 122
128 123
128 124
128 125
128 126
128 127
128 134
128 143
128 151
128 154
128 156
128 167
128 180
128 181
128 184
128 188
128 195
128 201
128 203
128 207
128 220
128 227
128 231
128 232
128 237
128 240
128 241
128 259
128 270
128 281
128 288
128 293
129 120
129 121
129 122
129 123
129 124
129 125
129 126
129 127
129 133
129 140
129 147
129 153
129 160
129 161
129 179
129 186
129 199
129 202
129 203
129 204
129 213
129 214
129 217
129 229
129 234
129 236
129 237
129 242
129 243
129 244
129 246
129 247
129 249
129 250
129 256
129 259
129 265
129 269
129 273
129 288
129 293
129 294
129 295
129 297
120 121
120 122
120 123
120 124
120 125
120 126
120 127
120 134
120 136
120 142
120 145
120 148
120 158
120 160
120 161
120 173
120 174
120 180
120 185
120 186
120 208
120 211
120 217
120 219
120 230
120 233
120 240
120 249
120 250
120 251
120 253
120 255
120 260
120 261
120 269
120 275
120 279
120 288
120 290
120 297
120 298
121 122
121 123
121 124
121 125
121 126
121 127
121 131
121 133
121 149
121 152
121 163
121 164
121 175
121 176
121 177
121 178
121 180
121 186
121 200
121 201
121 203
121 207
121 209
121 210
121 211
121 218
121 219
121 231
121 234
121 242
121 248
121 261
121 265
121 268
121 276
121 278
121 279
121 280
121 281
121 282
121 285
121 288
121 296
122 123
122 124
122 125
122 126
122 127
122 133
122 138
122 144
122 148
122 155
122 159
122 173
122 178
122 179
122 183
122 190
122 196
122 205
122 208
122 211
122 214
122 215
122 222
122 224
122 228
122 230
122 233
122 238
122 239
122 244
122 248
122 249
122 254
122 259
122 262
122 263
122 265
122 274
122 282
122 285
122 294
122 298
123 124
123 125
123 126
123 127
123 133
123 134
123 142
123 146
123 165
123 176
123 187
123 191
123 199
123 201
123 209
123 216
123 225
123 226
123 228
123 234
123 235
123 244
123 246
123 250
123 252
123 255
123 258
123 259
123 260
123 263
123 265
123 266
123 267
123 269
123 270
123 276
123 277
123 284
123 288
123 289
123 299
124 125
124 126
124 127
124 132
124 133
124 134
124 135
124 139
124 140
124 141
124 142
124 146
124 148
124 153
124 158
124 161
124 166
124 173
124 174
124 175
124 176
124 178
124 181
124 186
124 190
124 193
124 194
124 200
124 220
124 222
124 239
124 243
124 246
124 253
124 270
124 272
124 274
124 275
124 286
124 289
124 296
125 126
125 127
125 134
125 136
125 144
125 156
125 162
125 165
125 168
125 171
125 179
125 184
125 195
125 201
125 203
125 208
125 210
125 215
125 221
125 224
125 226
125 227
125 242
125 245
125 253
125 263
125 268
125 274
125 275
125 281
125 282
125 287
125 295
126 127
126 130
126 133
126 135
126 137
126 138
126 141
126 143
126 146
126 154
126 157
126 161
126 165
126 168
126 177
126 180
126 185
126 196
126 198
126 203
126 207
126 209
126 238
126 243
126 248
126 249
126 253
126 257
126 266
126 278
126 285
126 286
126 287
126 296
127 130
127 135
127 143
127 144
127 159
127 165
127 172
127 184
127 193
127 195
127 202
127 203
127 205
127 217
127 221
127 234
127 239
127 242
127 243
127 245
127 257
127 261
127 267
127 272
127 274
127 276
127 277
127 278
127 284
127 289
127 291
127 297
130 131
130 132
130 133
130 134
130 135
130 136
130 137
130 138
130 139
130 153
130 154
130 156
130 158
130 159
130 167
130 173
130 176
130 184
130 185
130 186
130 193
130 199
130 200
130 202
130 208
130 210
130 211
130 217
130 228
130 234
130 235
130 239
130 246
130 248
130 250
130 254
130 255
130 257
130 261
130 262
130 270
130 275
130 290
130 295
131 132
131 133
131 134
131 135
131 136
131 137
131 138
131 139
131 143
131 144
131 145
131 153
131 171
131 190
131 194
131 195
131 196
131 200
131 201
131 204
131 206
131 207
131 222
131 232
131 238
131 246
131 251
131 256
131 267
131 274
131 277
131 282
131 291
131 296
132 133
132 134
132 135
132 136
132 137
132 138
132 139
132 141
132 142
132 145
132 150
132 157
132 160
132 163
132 164
132 169
132 171
132 182
132 186
132 193
132 194
132 201
132 207
132 211
132 214
132 215
132 228
132 230
132 232
132 233
132 237
132 241
132 242
132 243
132 253
132 256
132 259
132 272
132 273
132 275
132 288
132 290
132 293
133 134
133 135
133 136
133 137
133 138
133 139
133 146
133 150
133 151
133 157
133 158
133 164
133 167
133 169
133 176
133 180
133 181
133 183
133 185
133 198
133 199
133 201
133 206
133 208
133 209
133 211
133 212
133 214
133 220
133 221
133 222
133 223
133 226
133 239
133 242
133 246
133 247
133 252
133 273
133 282
133 287
133 291
133 293
133 299
134 135
134 136
134 137
134 138
134 139
134 142
134 143
134 153
134 156
134 157
134 161
134 162
134 167
134 174
134 187
134 190
134 192
134 194
134 199
134 202
134 203
134 210
134 211
134 222
134 227
134 231
134 246
134 249
134 251
134 252
134 259
134 267
134 271
134 272
134 277
134 280
134 283
134 288
134 290
134 291
134 292
134 294
134 296
134 297
134 299
135 136
135 137
135 138
135 139
135 140
135 146
135 151
135 157
135 160
135 164
135 174
135 179
135 190
135 196
135 198
135 206
135 220
135 222
135 223
135 226
135 231
135 235
135 250
135 254
135 259
135 267
135 273
135 282
135 283
135 284
135 285
135 286
135 287
135 291
136 137
136 138
136 139
136 145
136 151
136 160
136 167
136 181
136 185
136 193
136 203
136 208
136 213
136 217
136 218
136 222
136 233
136 242
136 248
136 266
136 268
136 269
136 270
136 272
136 274
136 278
136 279
136 284
136 289
136 290
136 299
137 138
137 139
137 144
137 152
137 154
137 158
137 160
137 162
137 182
137 188
137 193
137 200
137 203
137 211
137 212
137 218
137 221
137 239
137 245
137 254
137 257
137 261
137 264
137 269
137 272
137 276
137 277
137 286
137 287
138 139
138 141
138 143
138 150
138 160
138 161
138 167
138 168
138 176
138 183
138 186
138 187
138 193
138 196
138 201
138 205
138 206
138 207
138 210
138 212
138 222
138 226
138 228
138 230
138 232
138 236
138 250
138 251
138 258
138 260
138 265
138 268
138 269
138 270
138 272
138 278
138 279
138 281
138 283
138 284
138 288
138 294
138 296
139 144
139 152
139 161
139 162
139 168
139 170
139 173
139 176
139 182
139 183
139 190
139 198
139 204
139 211
139 213
139 217
139 218
139 229
139 231
139 232
139 234
139 249
139 259
139 263
139 267
139 273
139 274
139 283
140 141
140 142
140 143
140 144
140 145
140 146
140 147
140 148
140 149
140 152
140 160
140 161
140 166
140 181
140 182
140 183
140 186
140 192
140 195
140 196
140 197
140 209
140 210
140 215
140 226
140 227
140 230
140 243
140 248
140 254
140 265
140 268
140 270
140 273
140 279
140 282
140 286
140 290
140 291
140 293
140 295
140 296
140 297
141 142
141 143
141 144
141 145
141 146
141 147
141 148
141 149
141 153
141 157
141 161
141 165
141 167
141 168
141 171
141 174
141 177
141 181
141 193
141 202
141 209
141 211
141 214
141 220
141 221
141 227
141 237
141 240
141 244
141 248
141 252
141 254
141 258
141 268
141 269
141 270
141 274
141 276
141 278
141 279
141 282
141 284
141 298
142 143
142 144
142 145
142 146
142 147
142 148
142 149
142 151
142 154
142 163
142 170
142 176
142 186
142 189
142 192
142 205
142 207
142 213
142 217
142 229
142 235
142 243
142 244
142 250
142 251
142 268
142 271
142 282
142 284
142 299
143 144
143 145
143 146
143 147
143 148
143 149
143 150
143 156
143 157
143 160
143 161
143 179
143 188
143 204
143 206
143 215
143 223
143 227
143 228
143 230
143 231
143 235
143 236
143 238
143 245
143 247
143 253
143 260
143 269
143 270
143 278
143 285
143 299
144 145
144 146
144 147
144 148
144 149
144 151
144 156
144 163
144 164
144 165
144 169
144 179
144 184
144 185
144 186
144 196
144 197
144 209
144 213
144 224
144 226
144 235
144 236
144 238
144 239
144 250
144 251
144 255
144 259
144 262
144 265
144 269
144 270
144 276
144 287
144 290
144 295
144 296
145 146
145 147
145 148
145 149
145 155
145 159
145 160
145 172
145 175
145 183
145 184
145 194
145 195
145 197
145 211
145 216
145 218
145 226
145 229
145 230
145 231
145 234
145 235
145 238
145 240
145 241
145 244
145 246
145 252
145 253
145 259
145 263
145 272
145 274
145 275
145 276
145 280
145 299
146 147
146 148
146 149
146 161
146 163
146 169
146 180
146 182
146 196
146 202
146 205
146 206
146 213
146 214
146 225
146 230
146 232
146 234
146 237
146 238
146 243
146 246
146 254
146 258
146 259
146 261
146 267
146 276
146 279
146 281
146 289
146 293
146 294
146 295
146 298
147 148
147 149
147 154
147 155
147 170
147 172
147 173
147 175
147 184
147 190
147 199
147 205
147 208
147 215
147 216
147 221
147 228
147 240
147 244
147 254
147 255
147 256
147 264
147 277
147 280
147 286
147 289
147 295
147 299
148 149
148 153
148 157
148 159
148 168
148 174
148 181
148 188
148 189
148 204
148 205
148 210
148 212
148 213
148 230
148 232
148 233
148 235
148 239
148 247
148 252
148 259
148 264
148 266
148 268
148 269
148 270
148 275
148 277
148 297
149 157
149 171
149 172
149 173
149 184
149 185
149 186
149 189
149 197
149 201
149 203
149 204
149 205
149 206
149 207
149 208
149 210
149 217
149 222
149 232
149 236
149 239
149 240
149 241
149 244
149 245
149 247
149 253
149 256
149 262
149 264
149 265
149 267
149 274
149 283
149 284
149 285
149 292
149 293
149 297
150 151
150 152
150 153
150 154
150 155
150 156
150 157
150 158
150 159
150 164
150 166
150 168
150 177
150 180
150 182
150 188
150 195
150 197
150 199
150 200
150 206
150 217
150 225
150 228
150 231
150 234
150 236
150 246
150 255
150 258
150 259
150 261
150 263
150 267
150 272
150 281
150 285
150 286
150 290
150 291
150 298
151 152
151 153
151 154
151 155
151 156
151 157
151 158
151 159
151 169
151 172
151 174
151 183
151 192
151 193
151 195
151 196
151 203
151 205
151 210
151 213
151 214
151 216
151 219
151 221
151 222
151 223
151 224
151 226
151 237
151 272
151 276
151 280
151 294
151 296
152 153
152 154
152 155
152 156
152 157
152 158
152 159
152 161
152 167
152 175
152 181
152 185
152 188
152 192
152 196
152 203
152 205
152 209
152 210
152 214
152 216
152 221
152 228
152 267
152 277
152 278
152 279
152 293
152 295
153 154
153 155
153 156
153 157
153 158
153 159
153 164
153 166
153 170
153 171
153 186
153 188
153 192
153 197
153 198
153 199
153 203
153 208
153 211
153 214
153 216
153 220
153 232
153 240
153 244
153 247
153 254
153 259
153 260
153 267
153 270
153 272
153 273
153 278
153 279
153 281
153 283
153 285
153 288
153 293
154 155
154 156
154 157
154 158
154 159
154 171
154 181
154 182
154 190
154 192
154 206
154 213
154 225
154 244
154 247
154 254
154 258
154 260
154 263
154 264
154 268
154 286
154 291
155 156
155 157
155 158
155 159
155 162
155 163
155 164
155 170
155 171
155 176
155 182
155 189
155 193
155 200
155 205
155 207
155 213
155 215
155 222
155 225
155 226
155 236
155 262
155 269
155 271
155 278
155 280
155 286
155 287
155 291
155 294
155 296
155 297
155 298
156 157
156 158
156 159
156 160
156 163
156 167
156 178
156 179
156 183
156 190
156 191
156 198
156 200
156 207
156 209
156 211
156 213
156 227
156 229
156 231
156 233
156 239
156 240
156 242
156 248
156 249
156 250
156 258
156 259
156 261
156 275
156 277
156 286
156 288
156 289
157 158
157 159
157 167
157 171
157 177
157 179
157 180
157 184
157 188
157 190
157 192
157 200
157 203
157 204
157 209
157 227
157 231
157 236
157 254
157 275
157 282
157 284
157 291
157 292
157 293
158 159
158 163
158 177
158 178
158 187
158 195
158 198
158 204
158 212
158 213
158 220
158 227
158 228
158 229
158 254
158 259
158 260
158 262
158 264
158 284
158 285
158 287
158 288
158 290
159 160
159 163
159 164
159 172
159 175
159 180
159 181
159 200
159 219
159 222
159 232
159 233
159 234
159 236
159 244
159 249
159 255
159 257
159 261
159 273
159 279
159 280
159 289
159 291
159 293
159 294
159 295
160 161
160 162
160 163
160 164
160 165
160 166
160 167
160 168
160 169
160 171
160 173
160 177
160 181
160 188
160 192
160 194
160 197
160 198
160 199
160 209
160 210
160 217
160 221
160 224
160 225
160 237
160 238
160 241
160 244
160 255
160 258
160 262
160 265
160 266
160 273
160 275
160 291
160 292
160 297
161 162
161 163
161 164
161 165
161 166
161 167
161 168
161 169
161 172
161 173
161 177
161 182
161 187
161 190
161 201
161 204
161 205
161 215
161 220
161 221
161 230
161 234
161 241
161 243
161 246
161 256
161 260
161 264
161 266
161 280
161 288
161 289
161 291
161 296
162 163
162 164
162 165
162 166
162 167
162 168
162 169
162 182
162 184
162 187
162 192
162 194
162 196
162 208
162 220
162 228
162 241
162 253
162 255
162 258
162 266
162 267
162 272
162 273
162 274
162 277
162 282
162 292
162 293
162 295
162 296
163 164
163 165
163 166
163 167
163 168
163 169
163 174
163 178
163 189
163 190
163 197
163 200
163 207
163 208
163 220
163 222
163 223
163 224
163 225
163 227
163 231
163 238
163 239
163 240
163 241
163 245
163 247
163 249
163 264
163 265
163 270
163 271
163 272
163 276
163 277
163 278
163 283
163 290
163 294
164 165
164 166
164 167
164 168
164 169
164 174
164 193
164 197
164 198
164 199
164 210
164 216
164 224
164 228
164 233
164 235
164 250
164 254
164 265
164 269
164 270
164 275
164 279
164 281
164 284
164 285
164 287
164 288
164 292
165 166
165 167
165 168
165 169
165 170
165 172
165 175
165 179
165 181
165 184
165 190
165 201
165 208
165 211
165 214
165 218
165 221
165 225
165 228
165 232
165 236
165 238
165 240
165 245
165 249
165 269
165 277
165 280
165 284
165 289
165 290
165 291
165 292
165 295
165 299
166 167
166 168
166 169
166 173
166 176
166 189
166 195
166 214
166 217
166 229
166 237
166 250
166 260
166 264
166 269
166 270
166 276
166 278
166 279
167 168
167 169
167 171
167 175
167 177
167 185
167 196
167 198
167 209
167 217
167 219
167 229
167 237
167 242
167 245
167 247
167 250
167 253
167 262
167 265
167 271
167 284
167 292
168 169
168 171
168 172
168 176
168 179
168 184
168 186
168 188
168 193
168 200
168 204
168 210
168 215
168 239
168 248
168 269
168 270
168 280
168 297
169 175
169 179
169 189
169 201
169 202
169 216
169 220
169 222
169 229
169 235
169 241
169 249
169 252
169 255
169 259
169 267
169 269
169 270
169 271
169 277
169 284
169 289
169 291
170 171
170 172
170 173
170 174
170 175
170 176
170 177
170 178
170 179
170 184
170 187
170 188
170 191
170 193
170 199
170 207
170 208
170 211
170 216
170 218
170 228
170 240
170 252
170 257
170 258
170 261
170 262
170 264
170 265
170 274
170 276
170 281
170 282
170 283
170 291
170 294
171 172
171 173
171 174
171 175
171 176
171 177
171 178
171 179
171 187
171 190
171 191
171 194
171 198
171 203
171 209
171 214
171 221
171 224
171 227
171 228
171 245
171 248
171 251
171 252
171 253
171 254
171 259
171 261
171 263
171 269
171 272
171 274
171 282
171 283
171 284
171 289
171 293
171 295
171 298
171 299
172 173
172 174
172 175
172 176
172 177
172 178
172 179
172 182
172 184
172 188
172 192
172 193
172 194
172 217
172 218
172 225
172 229
172 235
172 244
172 246
172 257
172 259
172 264
172 270
172 271
172 272
172 274
172 280
172 286
172 295
173 174
173 175
173 176
173 177
173 178
173 179
173 185
173 190
173 200
173 202
173 203
173 205
173 210
173 218
173 219
173 221
173 223
173 224
173 231
173 232
173 246
173 250
173 254
173 258
173 264
173 278
173 280
173 282
173 283
173 293
173 298
174 175
174 176
174 177
174 178
174 179
174 189
174 201
174 209
174 214
174 215
174 222
174 223
174 225
174 235
174 237
174 239
174 248
174 252
174 257
174 258
174 260
174 261
174 263
174 273
174 276
174 280
174 285
174 289
174 290
174 292
174 295
174 297
175 176
175 177
175 178
175 179
175 182
175 183
175 184
175 188
175 190
175 193
175 202
175 213
175 215
175 225
175 231
175 235
175 239
175 244
175 245
175 252
175 261
175 266
175 267
175 273
175 288
175 289
175 290
175 295
175 298
175 299
176 177
176 178
176 179
176 181
176 188
176 190
176 208
176 216
176 226
176 229
176 233
176 237
176 246
176 253
176 261
176 270
176 276
176 280
176 289
176 291
176 292
177 178
177 179
177 180
177 183
177 194
177 196
177 202
177 204
177 212
177 235
177 241
177 249
177 256
177 260
177 264
177 274
177 275
177 278
177 279
177 286
178 179
178 184
178 186
178 198
178 199
178 208
178 209
178 215
178 217
178 222
178 234
178 239
178 240
178 243
178 249
178 258
178 264
178 268
178 285
178 290
178 291
178 295
178 298
179 185
179 189
179 192
179 196
179 198
179 212
179 217
179 220
179 221
179 224
179 227
179 229
179 236
179 240
179 242
179 247
179 249
179 250
179 254
179 255
179 261
179 271
179 273
179 275
179 276
179 279
179 281
179 282
179 283
179 286
180 181
180 182
180 183
180 184
180 185
180 186
180 187
180 188
180 189
180 191
180 192
180 199
180 206
180 213
180 230
180 232
180 234
180 239
180 249
180 251
180 253
180 258
180 259
180 266
180 274
180 276
180 280
180 285
180 286
180 292
180 293
180 299
181 182
181 183
181 184
181 185
181 186
181 187
181 188
181 189
181 199
181 201
181 205
181 206
181 207
181 214
181 215
181 221
181 222
181 236
181 239
181 253
181 258
181 263
181 266
181 274
181 278
181 282
181 283
181 285
181 288
181 289
181 292
181 294
182 183
182 184
182 185
182 186
182 187
182 188
182 189
182 196
182 199
182 209
182 211
182 212
182 213
182 220
182 222
182 235
182 241
182 242
182 244
182 245
182 248
182 250
182 258
182 287
182 288
182 292
182 293
182 294
183 184
183 185
183 186
183 187
183 188
183 189
183 195
183 196
183 198
183 200
183 207
183 214
183 224
183 230
183 232
183 235
183 240
183 244
183 257
183 269
183 275
183 277
183 281
183 282
183 283
183 285
183 286
183 287
183 293
183 297
184 185
184 186
184 187
184 188
184 189
184 191
184 195
184 198
184 203
184 206
184 209
184 217
184 221
184 229
184 232
184 236
184 247
184 255
184 259
184 261
184 262
184 264
184 277
184 278
184 279
184 281
184 296
185 186
185 187
185 188
185 189
185 192
185 196
185 202
185 205
185 207
185 211
185 218
185 225
185 227
185 231
185 232
185 234
185 238
185 248
185 249
185 255
185 257
185 261
185 280
185 288
185 292
186 187
186 188
186 189
186 191
186 192
186 195
186 208
186 209
186 213
186 214
186 224
186 234
186 237
186 238
186 239
186 240
186 241
186 245
186 251
186 253
186 258
186 262
186 266
186 269
186 273
186 278
186 280
186 283
186 286
186 289
186 297
187 188
187 189
187 204
187 215
187 220
187 225
187 226
187 229
187 236
187 237
187 239
187 243
187 250
187 255
187 261
187 263
187 265
187 266
187 267
187 268
187 276
187 287
187 299
188 189
188 190
188 196
188 198
188 202
188 203
188 205
188 210
188 212
188 218
188 222
188 223
188 225
188 226
188 231
188 239
188 245
188 248
188 258
188 259
188 278
188 279
188 283
188 286
188 289
188 292
188 296
189 194
189 201
189 202
189 205
189 212
189 236
189 237
189 239
189 242
189 245
189 247
189 248
189 249
189 251
189 253
189 261
189 263
189 267
189 268
189 274
189 276
189 287
189 298
192 193
192 194
192 195
192 196
192 197
192 198
192 199
192 190
192 191
192 200
192 201
192 210
192 216
192 224
192 225
192 231
192 233
192 235
192 244
192 247
192 250
192 258
192 261
192 262
192 266
192 268
192 270
192 274
192 277
192 278
192 283
192 296
193 194
193 195
193 196
193 197
193 198
193 199
193 190
193 191
193 202
193 206
193 212
193 213
193 215
193 220
193 222
193 226
193 243
193 244
193 251
193 254
193 257
193 259
193 272
193 279
193 280
193 282
193 291
193 294
193 296
194 195
194 196
194 197
194 198
194 199
194 190
194 191
194 206
194 214
194 215
194 224
194 231
194 236
194 238
194 239
194 242
194 248
194 250
194 252
194 258
194 273
194 275
194 278
194 281
194 288
194 293
195 196
195 197
195 198
195 199
195 190
195 191
195 211
195 213
195 216
195 231
195 233
195 236
195 237
195 258
195 263
195 274
195 275
195 276
195 277
195 280
195 285
195 286
195 294
195 299
196 197
196 198
196 199
196 190
196 191
196 205
196 206
196 217
196 222
196 223
196 232
196 241
196 242
196 246
196 247
196 250
196 253
196 259
196 263
196 269
196 273
196 284
196 286
196 291
196 293
196 296
196 297
197 198
197 199
197 190
197 191
197 201
197 208
197 209
197 210
197 212
197 216
197 218
197 219
197 220
197 234
197 237
197 238
197 259
197 261
197 263
197 264
197 266
197 267
197 269
197 274
197 283
197 286
197 289
197 294
197 296
197 297
198 199
198 190
198 191
198 204
198 210
198 213
198 217
198 228
198 232
198 234
198 237
198 245
198 258
198 274
198 278
198 281
198 285
198 292
198 293
199 190
199 191
199 214
199 215
199 219
199 225
199 228
199 229
199 231
199 235
199 238
199 239
199 244
199 249
199 261
199 266
199 273
199 281
199 288
199 290
199 296
190 191
190 202
190 211
190 213
190 216
190 219
190 223
190 233
190 235
190 239
190 240
190 252
190 266
190 271
190 278
190 288
190 295
190 298
191 201
191 203
191 212
191 214
191 217
191 219
191 239
191 257
191 259
191 262
191 266
191 271
191 278
191 280
191 284
191 288
191 291
191 296
200 201
200 202
200 203
200 204
200 205
200 206
200 207
200 208
200 209
200 224
200 228
200 239
200 247
200 252
200 270
200 275
200 281
200 287
200 289
200 297
201 202
201 203
201 204
201 205
201 206
201 207
201 208
201 209
201 218
201 227
201 232
201 237
201 246
201 248
201 256
201 260
201 270
201 273
201 288
201 296
201 297
202 203
202 204
202 205
202 206
202 207
202 208
202 209
202 210
202 211
202 216
202 222
202 232
202 236
202 237
202 246
202 254
202 255
202 260
202 265
202 268
202 269
202 274
202 284
202 289
202 298
202 299
203 204
203 205
203 206
203 207
203 208
203 209
203 216
203 224
203 225
203 230
203 235
203 252
203 254
203 255
203 259
203 261
203 264
203 275
203 278
203 285
203 286
203 292
203 295
203 299
204 205
204 206
204 207
204 208
204 209
204 235
204 238
204 240
204 244
204 245
204 261
204 262
204 267
204 268
204 274
204 281
205 206
205 207
205 208
205 209
205 210
205 213
205 221
205 222
205 226
205 227
205 228
205 229
205 231
205 234
205 248
205 252
205 263
205 264
205 269
205 277
205 281
205 287
205 289
205 291
205 293
206 207
206 208
206 209
206 212
206 218
206 225
206 227
206 228
206 230
206 231
206 233
206 235
206 236
206 242
206 246
206 249
206 254
206 259
206 262
206 265
206 271
206 281
206 285
206 286
206 290
206 291
206 293
206 296
207 208
207 209
207 211
207 212
207 217
207 218
207 219
207 220
207 228
207 230
207 241
207 245
207 252
207 254
207 255
207 256
207 267
207 270
207 276
207 285
207 286
207 288
207 294
207 296
208 209
208 225
208 227
208 234
208 242
208 243
208 245
208 255
208 262
208 268
208 270
208 279
208 281
208 282
208 283
208 285
208 289
208 290
208 296
208 297
209 210
209 213
209 215
209 222
209 225
209 231
209 240
209 247
209 254
209 256
209 257
209 259
209 265
209 269
209 272
209 291
209 293
209 294
209 295
209 297
210 211
210 212
210 213
210 214
210 215
210 216
210 217
210 218
210 219
210 223
210 228
210 231
210 239
210 243
210 246
210 249
210 259
210 262
210 268
210 274
210 279
210 286
210 289
210 299
211 212
211 213
211 214
211 215
211 216
211 217
211 218
211 219
211 221
211 224
211 239
211 240
211 244
211 246
211 249
211 250
211 256
211 257
211 261
211 262
211 266
211 267
211 269
211 271
211 273
211 280
211 292
211 297
212 213
212 214
212 215
212 216
212 217
212 218
212 219
212 230
212 235
212 241
212 243
212 244
212 254
212 257
212 263
212 271
212 273
212 278
213 214
213 215
213 216
213 217
213 218
213 219
213 228
213 243
213 260
213 278
213 287
213 299
214 215
214 216
214 217
214 218
214 219
214 226
214 235
214 241
214 242
214 247
214 248
214 261
214 266
214 267
214 278
214 288
215 216
215 217
215 218
215 219
215 223
215 227
215 231
215 234
215 236
215 241
215 245
215 252
215 258
215 261
215 266
215 267
215 285
215 288
215 290
215 296
216 217
216 218
216 219
216 222
216 251
216 255
216 272
216 273
216 282
216 289
216 295
216 298
217 218
217 219
217 222
217 226
217 227
217 232
217 234
217 240
217 242
217 243
217 245
217 251
217 255
217 258
217 263
217 267
217 272
217 275
217 283
217 285
217 288
217 290
218 219
218 224
218 225
218 226
218 235
218 239
218 252
218 256
218 258
218 262
218 265
218 266
218 267
218 286
218 288
218 289
218 297
219 221
219 228
219 268
219 270
219 272
219 283
219 292
219 299
224 225
224 226
224 227
224 228
224 229
224 220
224 221
224 222
224 223
224 237
224 246
224 247
224 263
224 269
224 271
224 292
224 295
224 299
225 226
225 227
225 228
225 229
225 220
225 221
225 222
225 223
225 235
225 241
225 257
225 261
225 266
225 267
225 268
225 271
225 272
225 280
225 294
225 295
225 298
226 227
226 228
226 229
226 220
226 221
226 222
226 223
226 235
226 237
226 240
226 248
226 254
226 258
226 264
226 270
226 271
226 286
226 288
226 289
226 290
226 292
227 228
227 229
227 220
227 221
227 222
227 223
227 232
227 245
227 246
227 260
227 261
227 269
227 281
227 282
227 292
227 294
227 297
228 229
228 220
228 221
228 222
228 223
228 232
228 233
228 236
228 244
228 249
228 254
228 256
228 257
228 260
228 261
228 267
228 276
228 284
228 285
228 287
228 293
228 295
228 296
229 220
229 221
229 222
229 223
229 231
229 238
229 245
229 247
229 250
229 251
229 253
229 265
229 267
229 276
229 281
229 284
229 287
229 295
220 221
220 222
220 223
220 233
220 234
220 250
220 259
220 263
220 264
220 267
220 274
220 278
220 280
220 282
220 286
220 288
220 292
220 293
220 298
221 222
221 223
221 233
221 234
221 239
221 242
221 243
221 245
221 246
221 255
221 261
221 262
221 266
221 269
221 271
221 276
221 277
221 279
221 286
221 291
221 294
221 296
222 223
222 230
222 233
222 243
222 252
222 255
222 264
222 272
222 275
222 284
222 292
222 293
222 296
222 299
223 230
223 233
223 234
223 235
223 243
223 257
223 258
223 260
223 265
223 269
223 272
223 273
223 276
223 282
223 284
223 285
223 297
223 298
230 231
230 232
230 233
230 234
230 235
230 236
230 237
230 238
230 239
230 242
230 246
230 251
230 253
230 258
230 277
230 279
230 283
230 285
230 297
230 299
231 232
231 233
231 234
231 235
231 236
231 237
231 238
231 239
231 250
231 252
231 260
231 262
231 266
231 269
231 272
231 274
231 284
231 286
231 287
231 289
231 292
231 295
231 296
232 233
232 234
232 235
232 236
232 237
232 238
232 239
232 242
232 251
232 258
232 261
232 262
232 270
232 276
232 279
232 284
232 289
232 292
233 234
233 235
233 236
233 237
233 238
233 239
233 244
233 247
233 250
233 252
233 256
233 258
233 259
233 264
233 266
233 271
233 273
233 274
233 276
233 280
233 283
233 287
233 298
234 235
234 236
234 237
234 238
234 239
234 242
234 243
234 245
234 249
234 250
234 252
234 255
234 257
234 260
234 261
234 265
234 266
234 273
234 284
234 285
234 286
234 293
234 298
235 236
235 237
235 238
235 239
235 240
235 241
235 247
235 249
235 256
235 263
235 264
235 266
235 270
235 279
235 285
236 237
236 238
236 239
236 243
236 250
236 255
236 257
236 264
236 272
236 278
236 281
236 294
236 297
237 238
237 239
237 241
237 248
237 251
237 258
237 260
237 266
237 271
237 288
237 290
237 293
237 298
238 239
238 248
238 254
238 255
238 256
238 262
238 266
238 271
238 273
238 277
238 280
238 285
238 297
239 247
239 250
239 280
240 241
240 242
240 243
240 244
240 245
240 246
240 247
240 248
240 249
240 252
240 257
240 264
240 265
240 269
240 270
240 271
240 273
240 282
240 283
240 285
240 286
240 288
240 289
240 292
240 296
240 299
241 242
241 243
241 244
241 245
241 246
241 247
241 248
241 249
241 251
241 253
241 259
241 263
241 266
241 272
241 280
241 285
241 286
241 291
241 293
242 243
242 244
242 245
242 246
242 247
242 248
242 249
242 256
242 258
242 259
242 268
242 270
242 288
242 292
243 244
243 245
243 246
243 247
243 248
243 249
243 252
243 259
243 264
243 265
243 282
243 285
243 292
243 293
243 295
243 297
243 298
244 245
244 246
244 247
244 248
244 249
244 267
244 271
244 279
244 280
244 288
244 289
244 290
244 296
244 297
244 298
245 246
245 247
245 248
245 249
245 251
245 254
245 255
245 256
245 270
245 278
245 279
245 282
245 283
245 297
246 247
246 248
246 249
246 255
246 258
246 260
246 261
246 273
246 279
246 281
246 283
246 286
246 288
246 290
246 291
247 248
247 249
247 252
247 255
247 261
247 271
247 272
247 276
247 277
247 282
247 287
247 294
247 295
247 297
248 249
248 255
248 258
248 266
248 279
248 282
248 285
248 288
248 289
248 292
248 298
248 299
249 251
249 262
249 271
249 275
249 284
249 285
249 286
249 287
249 289
249 291
249 292
256 257
256 258
256 259
256 250
256 251
256 252
256 253
256 254
256 255
256 261
256 270
256 274
256 276
256 285
256 288
256 289
257 258
257 259
257 250
257 251
257 252
257 253
257 254
257 255
257 263
257 267
257 269
257 274
257 278
257 281
257 285
257 289
257 296
258 259
258 250
258 251
258 252
258 253
258 254
258 255
258 271
258 273
258 279
258 280
258 285
258 288
258 289
259 250
259 251
259 252
259 253
259 254
259 255
259 261
259 268
259 275
259 276
259 280
259 296
259 297
250 251
250 252
250 253
250 254
250 255
250 263
250 271
250 278
250 282
250 283
250 286
250 287
250 291
250 299
251 252
251 253
251 254
251 255
251 261
251 262
251 266
251 268
251 274
251 281
251 291
251 294
251 296
251 299
252 253
252 254
252 255
252 263
252 264
252 271
252 276
252 278
252 279
252 282
252 283
252 288
252 291
252 294
252 295
252 297
253 254
253 255
253 261
253 263
253 268
253 270
253 286
253 287
253 288
253 297
254 255
254 264
254 268
254 271
254 272
254 274
254 276
254 283
254 284
254 288
255 263
255 266
255 271
255 274
255 275
255 277
255 278
255 286
255 297
255 299
260 261
260 262
260 263
260 264
260 265
260 266
260 267
260 268
260 269
260 273
260 280
261 262
261 263
261 264
261 265
261 266
261 267
261 268
261 269
261 270
261 272
261 282
261 284
261 291
261 292
261 293
261 298
262 263
262 264
262 265
262 266
262 267
262 268
262 269
262 274
262 278
262 282
262 284
262 297
263 264
263 265
263 266
263 267
263 268
263 269
263 274
263 279
263 291
263 292
263 297
264 265
264 266
264 267
264 268
264 269
264 272
264 274
264 276
264 280
264 284
264 289
264 290
264 298
265 266
265 267
265 268
265 269
265 271
265 284
265 291
266 267
266 268
266 269
266 271
266 272
266 274
266 279
266 284
266 288
266 289
266 297
267 268
267 269
267 276
267 293
267 297
267 298
268 269
268 272
268 282
268 283
268 288
269 281
269 286
269 290
269 291
269 293
269 295
270 271
270 272
270 273
270 274
270 275
270 276
270 277
270 278
270 279
270 284
270 288
270 291
270 294
270 296
271 272
271 273
271 274
271 275
271 276
271 277
271 278
271 279
271 280
271 281
271 283
271 286
271 289
271 290
271 292
271 293
271 294
272 273
272 274
272 275
272 276
272 277
272 278
272 279
272 280
272 293
272 298
272 299
273 274
273 275
273 276
273 277
273 278
273 279
273 282
273 284
274 275
274 276
274 277
274 278
274 279
274 280
274 285
274 288
274 291
274 297
275 276
275 277
275 278
275 279
275 281
275 289
275 291
275 292
275 296
275 299
276 277
276 278
276 279
276 282
276 284
276 293
277 278
277 279
277 280
277 282
277 288
277 296
278 279
278 287
278 289
278 292
278 294
278 296
279 284
279 286
288 289
288 280
288 281
288 282
288 283
288 284
288 285
288 286
288 287
288 290
288 298
289 280
289 281
289 282
289 283
289 284
289 285
289 286
289 287
289 290
289 293
289 294
289 295
280 281
280 282
280 283
280 284
280 285
280 286
280 287
280 294
281 282
281 283
281 284
281 285
281 286
281 287
281 291
281 296
281 298
282 283
282 284
282 285
282 286
282 287
282 298
283 284
283 285
283 286
283 287
284 285
284 286
284 287
284 290
284 292
285 286
285 287
285 292
285 295
285 299
286 287
286 291
286 292
286 295
286 296
286 297
286 299
287 290
287 293
290 291
290 292
290 293
290 294
290 295
290 296
290 297
290 298
290 299
291 292
291 293
291 294
291 295
291 296
291 297
291 298
291 299
292 293
292 294
292 295
292 296
292 297
292 298
292 299
293 294
293 295
293 296
293 297
293 298
293 299
294 295
294 296
294 297
294 298
294 299
295 296
295 297
295 298
295 299
296 297
296 298
296 299
297 298
297 299
298 299
