# 5717 edges
0 1
0 2
0 3
0 4
0 5
0 6
0 7
0 8
0 9
0 47
0 57
0 63
0 71
0 78
0 91
0 102
0 118
0 121
0 127
0 141
0 146
0 150
0 167
0 168
0 176
0 179
0 184
0 185
0 191
0 192
0 217
0 228
0 240
0 265
0 272
0 280
0 296
1 2
1 3
1 4
1 5
1 6
1 7
1 8
1 9
1 22
1 82
1 102
1 106
1 109
1 116
1 120
1 129
1 139
1 186
1 187
1 204
1 208
1 211
1 217
1 221
1 225
1 234
1 239
1 242
1 260
1 264
1 270
1 276
1 285
1 296
2 3
2 4
2 5
2 6
2 7
2 8
2 9
2 11
2 25
2 36
2 40
2 47
2 84
2 90
2 117
2 120
2 137
2 140
2 142
2 150
2 171
2 176
2 191
2 209
2 211
2 215
2 228
2 234
2 238
2 242
2 247
2 249
2 252
2 254
2 257
2 289
3 4
3 5
3 6
3 7
3 8
3 9
3 28
3 59
3 66
3 86
3 103
3 126
3 129
3 140
3 148
3 156
3 193
3 201
3 217
3 220
3 221
3 231
3 239
3 241
3 243
3 244
3 277
3 291
3 296
4 5
4 6
4 7
4 8
4 9
4 14
4 42
4 51
4 74
4 79
4 88
4 106
4 112
4 119
4 138
4 142
4 150
4 151
4 167
4 182
4 202
4 207
4 209
4 212
4 214
4 220
4 249
4 282
4 286
5 6
5 7
5 8
5 9
5 19
5 22
5 29
5 48
5 65
5 74
5 79
5 85
5 99
5 105
5 111
5 115
5 123
5 151
5 172
5 179
5 190
5 203
5 211
5 241
5 257
5 259
5 264
5 278
5 297
6 7
6 8
6 9
6 13
6 24
6 28
6 32
6 42
6 45
6 47
6 58
6 73
6 93
6 98
6 106
6 108
6 111
6 114
6 116
6 134
6 144
6 147
6 159
6 163
6 167
6 173
6 176
6 177
6 181
6 200
6 215
6 219
6 224
6 225
6 226
6 228
6 236
6 237
6 246
6 259
6 261
6 288
6 293
6 294
7 8
7 9
7 11
7 16
7 26
7 28
7 36
7 42
7 45
7 50
7 78
7 112
7 116
7 121
7 123
7 135
7 139
7 148
7 154
7 163
7 164
7 169
7 175
7 184
7 194
7 227
7 233
7 263
7 282
7 294
7 296
8 9
8 14
8 18
8 27
8 41
8 60
8 62
8 81
8 82
8 87
8 93
8 101
8 106
8 115
8 122
8 133
8 138
8 183
8 204
8 208
8 212
8 214
8 219
8 239
8 243
8 247
8 251
8 259
8 264
8 285
8 286
9 17
9 20
9 37
9 42
9 63
9 66
9 67
9 121
9 124
9 162
9 182
9 190
9 196
9 220
9 221
9 223
9 232
9 246
9 248
9 270
9 275
9 281
9 299
10 11
10 12
10 13
10 14
10 15
10 16
10 17
10 18
10 19
10 29
10 32
10 39
10 44
10 70
10 74
10 77
10 96
10 112
10 117
10 121
10 132
10 148
10 150
10 158
10 162
10 166
10 175
10 196
10 197
10 201
10 203
10 208
10 212
10 224
10 226
10 233
10 237
10 241
10 247
10 258
10 277
10 281
10 283
10 295
10 298
11 12
11 13
11 14
11 15
11 16
11 17
11 18
11 19
11 35
11 49
11 56
11 57
11 60
11 62
11 83
11 96
11 119
11 127
11 143
11 152
11 158
11 169
11 170
11 174
11 181
11 185
11 186
11 219
11 223
11 233
11 290
11 291
11 295
12 13
12 14
12 15
12 16
12 17
12 18
12 19
12 25
12 26
12 27
12 28
12 36
12 43
12 51
12 52
12 58
12 65
12 82
12 96
12 104
12 106
12 120
12 150
12 188
12 194
12 204
12 244
12 249
12 251
12 268
12 271
12 276
13 14
13 15
13 16
13 17
13 18
13 19
13 28
13 33
13 48
13 56
13 72
13 80
13 104
13 113
13 118
13 122
13 153
13 168
13 172
13 175
13 178
13 182
13 191
13 222
13 235
13 239
13 240
13 243
13 271
13 273
13 274
13 288
13 289
14 15
14 16
14 17
14 18
14 19
14 24
14 25
14 26
14 30
14 38
14 52
14 54
14 64
14 82
14 89
14 97
14 126
14 127
14 133
14 137
14 143
14 147
14 151
14 188
14 198
14 217
14 225
14 235
14 244
14 265
14 269
14 271
14 273
15 16
15 17
15 18
15 19
15 20
15 27
15 35
15 41
15 48
15 68
15 72
15 82
15 118
15 128
15 129
15 166
15 167
15 169
15 173
15 176
15 182
15 189
15 194
15 196
15 198
15 202
15 207
15 210
15 215
15 225
15 231
15 244
15 248
15 257
15 267
15 286
15 287
15 289
15 296
16 17
16 18
16 19
16 23
16 30
16 37
16 56
16 63
16 69
16 71
16 72
16 74
16 76
16 90
16 99
16 137
16 140
16 141
16 179
16 196
16 200
16 206
16 210
16 220
16 225
16 245
16 254
16 256
16 261
16 278
17 18
17 19
17 29
17 37
17 53
17 65
17 83
17 85
17 86
17 91
17 122
17 149
17 150
17 151
17 152
17 156
17 167
17 172
17 174
17 179
17 215
17 257
17 274
17 280
17 281
17 286
18 19
18 31
18 41
18 50
18 51
18 57
18 60
18 71
18 75
18 77
18 80
18 96
18 102
18 104
18 112
18 128
18 135
18 138
18 142
18 178
18 192
18 212
18 215
18 218
18 225
18 228
18 234
18 235
18 242
18 268
18 280
18 289
18 294
18 295
18 296
19 31
19 33
19 39
19 44
19 46
19 62
19 88
19 106
19 115
19 124
19 144
19 157
19 169
19 171
19 173
19 197
19 214
19 235
19 237
19 241
19 251
19 255
19 282
19 283
19 299
20 21
20 22
20 23
20 24
20 25
20 26
20 27
20 28
20 29
20 46
20 72
20 79
20 112
20 119
20 123
20 149
20 152
20 157
20 158
20 201
20 202
20 208
20 209
20 212
20 225
20 227
20 228
20 237
20 253
20 258
20 262
20 269
20 288
20 296
21 22
21 23
21 24
21 25
21 26
21 27
21 28
21 29
21 56
21 89
21 96
21 97
21 122
21 126
21 128
21 156
21 159
21 182
21 186
21 188
21 203
21 207
21 212
21 219
21 226
21 235
21 244
21 245
21 247
21 253
21 256
21 264
21 268
21 272
21 278
22 23
22 24
22 25
22 26
22 27
22 28
22 29
22 33
22 37
22 40
22 55
22 57
22 66
22 75
22 76
22 77
22 79
22 80
22 93
22 95
22 106
22 110
22 129
22 137
22 155
22 158
22 165
22 167
22 173
22 177
22 183
22 184
22 186
22 193
22 214
22 223
22 225
22 236
22 252
22 266
22 276
22 279
22 284
23 24
23 25
23 26
23 27
23 28
23 29
23 38
23 50
23 55
23 58
23 59
23 61
23 78
23 85
23 104
23 111
23 117
23 160
23 162
23 167
23 170
23 174
23 178
23 196
23 200
23 211
23 236
23 241
23 255
23 259
23 274
23 283
23 286
23 289
24 25
24 26
24 27
24 28
24 29
24 39
24 49
24 85
24 93
24 96
24 110
24 114
24 115
24 121
24 188
24 192
24 193
24 213
24 214
24 233
24 235
24 244
24 251
24 269
24 272
24 280
24 299
25 26
25 27
25 28
25 29
25 43
25 53
25 90
25 167
25 179
25 180
25 247
25 263
25 265
25 267
25 274
25 275
25 277
25 282
25 283
25 288
26 27
26 28
26 29
26 30
26 47
26 49
26 51
26 74
26 89
26 102
26 140
26 160
26 167
26 188
26 209
26 218
26 219
26 228
26 266
26 274
26 280
27 28
27 29
27 48
27 63
27 76
27 80
27 92
27 105
27 113
27 117
27 119
27 123
27 142
27 158
27 173
27 177
27 183
27 186
27 205
27 208
27 215
27 219
27 225
27 227
27 232
27 234
27 235
27 253
27 257
27 263
27 264
27 267
27 268
27 273
27 282
27 285
28 29
28 33
28 34
28 40
28 41
28 42
28 59
28 67
28 70
28 88
28 110
28 118
28 120
28 140
28 144
28 155
28 156
28 167
28 187
28 198
28 199
28 200
28 201
28 205
28 211
28 221
28 252
28 266
28 271
28 277
28 282
28 287
29 32
29 38
29 42
29 45
29 52
29 53
29 58
29 61
29 62
29 86
29 90
29 101
29 104
29 124
29 144
29 146
29 178
29 190
29 191
29 208
29 223
29 237
29 238
29 243
29 251
29 284
29 290
32 33
32 34
32 35
32 36
32 37
32 38
32 39
32 30
32 31
32 43
32 48
32 56
32 68
32 82
32 88
32 89
32 100
32 108
32 115
32 117
32 155
32 167
32 180
32 198
32 201
32 214
32 222
32 240
32 241
32 243
32 250
32 255
32 258
32 264
32 265
32 270
32 279
32 285
32 286
33 34
33 35
33 36
33 37
33 38
33 39
33 30
33 31
33 43
33 52
33 53
33 76
33 81
33 87
33 119
33 122
33 125
33 150
33 163
33 176
33 183
33 196
33 204
33 205
33 231
33 239
33 244
33 245
33 270
33 275
33 280
33 294
34 35
34 36
34 37
34 38
34 39
34 30
34 31
34 43
34 54
34 56
34 81
34 89
34 104
34 123
34 124
34 140
34 145
34 155
34 161
34 163
34 175
34 185
34 190
34 200
34 207
34 225
34 228
34 229
34 232
34 238
34 250
34 254
34 263
34 268
34 271
34 284
34 292
35 36
35 37
35 38
35 39
35 30
35 31
35 48
35 55
35 62
35 67
35 69
35 77
35 82
35 94
35 95
35 100
35 117
35 137
35 143
35 145
35 148
35 151
35 157
35 163
35 164
35 166
35 188
35 193
35 198
35 213
35 214
35 225
35 257
35 269
35 293
36 37
36 38
36 39
36 30
36 31
36 41
36 50
36 56
36 85
36 98
36 103
36 137
36 139
36 149
36 152
36 153
36 161
36 168
36 172
36 178
36 180
36 189
36 201
36 208
36 236
36 242
36 251
36 270
36 273
36 288
37 38
37 39
37 30
37 31
37 49
37 57
37 70
37 88
37 104
37 108
37 120
37 130
37 135
37 141
37 144
37 153
37 163
37 171
37 177
37 179
37 181
37 184
37 187
37 228
37 231
37 234
37 240
37 265
37 275
37 290
38 39
38 30
38 31
38 40
38 67
38 69
38 87
38 97
38 98
38 104
38 106
38 109
38 116
38 149
38 153
38 189
38 196
38 198
38 199
38 209
38 219
38 252
38 272
38 286
38 291
38 292
39 30
39 31
39 69
39 75
39 99
39 108
39 117
39 131
39 135
39 136
39 138
39 141
39 154
39 155
39 161
39 168
39 174
39 176
39 183
39 187
39 193
39 197
39 198
39 203
39 206
39 215
39 219
39 220
39 222
39 233
39 245
39 256
39 285
39 291
39 294
39 299
30 31
30 45
30 51
30 54
30 67
30 83
30 107
30 113
30 119
30 135
30 138
30 140
30 141
30 143
30 150
30 153
30 155
30 157
30 164
30 175
30 185
30 189
30 194
30 198
30 215
30 219
30 225
30 229
30 231
30 233
30 236
30 240
30 251
30 258
30 262
30 267
30 275
30 277
30 290
31 50
31 54
31 77
31 78
31 80
31 81
31 88
31 98
31 107
31 108
31 114
31 123
31 128
31 134
31 147
31 154
31 157
31 177
31 187
31 189
31 201
31 219
31 241
31 254
31 264
31 268
31 276
31 279
31 282
31 299
40 41
40 42
40 43
40 44
40 45
40 46
40 47
40 48
40 49
40 58
40 68
40 95
40 105
40 112
40 114
40 130
40 143
40 149
40 169
40 186
40 193
40 194
40 199
40 209
40 212
40 222
40 266
40 271
40 282
41 42
41 43
41 44
41 45
41 46
41 47
41 48
41 49
41 51
41 52
41 64
41 88
41 103
41 110
41 116
41 123
41 135
41 137
41 152
41 164
41 186
41 189
41 193
41 236
41 250
41 268
41 272
41 276
41 289
42 43
42 44
42 45
42 46
42 47
42 48
42 49
42 62
42 85
42 91
42 102
42 108
42 114
42 128
42 133
42 140
42 146
42 183
42 204
42 209
42 211
42 216
42 222
42 244
42 255
42 258
42 260
42 262
42 269
42 292
43 44
43 45
43 46
43 47
43 48
43 49
43 52
43 57
43 64
43 81
43 100
43 103
43 109
43 116
43 117
43 142
43 144
43 149
43 170
43 174
43 179
43 228
43 235
43 239
43 242
43 243
43 254
43 264
43 274
43 278
43 286
44 45
44 46
44 47
44 48
44 49
44 61
44 64
44 76
44 91
44 92
44 110
44 111
44 124
44 138
44 142
44 147
44 160
44 162
44 169
44 173
44 184
44 208
44 209
44 215
44 218
44 228
44 233
44 237
44 242
44 247
44 250
44 254
44 269
44 273
44 285
44 289
45 46
45 47
45 48
45 49
45 61
45 70
45 78
45 79
45 83
45 109
45 119
45 125
45 133
45 135
45 145
45 171
45 172
45 216
45 217
45 221
45 230
45 240
45 247
45 252
45 265
45 273
45 286
45 291
45 293
46 47
46 48
46 49
46 67
46 79
46 108
46 110
46 112
46 116
46 142
46 164
46 174
46 180
46 190
46 193
46 214
46 217
46 222
46 227
46 244
46 245
46 270
46 294
47 48
47 49
47 58
47 62
47 71
47 77
47 81
47 82
47 112
47 118
47 124
47 148
47 152
47 153
47 159
47 163
47 221
47 224
47 234
47 236
47 237
47 244
47 249
47 250
47 275
47 278
47 279
48 49
48 61
48 63
48 81
48 88
48 89
48 109
48 111
48 141
48 143
48 176
48 184
48 196
48 207
48 232
48 234
48 241
48 245
48 246
48 280
48 288
48 295
49 68
49 82
49 93
49 94
49 109
49 112
49 113
49 127
49 162
49 164
49 165
49 169
49 170
49 185
49 194
49 211
49 213
49 221
49 227
49 258
49 280
49 285
49 295
50 51
50 52
50 53
50 54
50 55
50 56
50 57
50 58
50 59
50 79
50 93
50 104
50 112
50 120
50 153
50 169
50 171
50 173
50 175
50 178
50 181
50 235
50 240
50 258
50 274
50 289
51 52
51 53
51 54
51 55
51 56
51 57
51 58
51 59
51 71
51 72
51 75
51 85
51 103
51 114
51 122
51 129
51 130
51 132
51 137
51 159
51 164
51 169
51 183
51 204
51 215
51 222
51 223
51 239
51 248
51 249
51 258
51 259
51 267
51 273
51 290
52 53
52 54
52 55
52 56
52 57
52 58
52 59
52 78
52 79
52 114
52 130
52 135
52 142
52 171
52 182
52 207
52 227
52 229
52 233
52 242
52 256
52 260
52 264
52 282
52 284
52 288
52 295
52 299
53 54
53 55
53 56
53 57
53 58
53 59
53 63
53 65
53 67
53 75
53 98
53 105
53 109
53 114
53 133
53 152
53 153
53 169
53 180
53 184
53 198
53 221
53 225
53 227
53 233
53 234
53 235
53 237
53 241
53 243
53 248
53 251
53 261
53 273
53 280
53 281
53 285
53 297
54 55
54 56
54 57
54 58
54 59
54 86
54 98
54 103
54 106
54 108
54 110
54 114
54 118
54 120
54 146
54 154
54 159
54 170
54 179
54 184
54 191
54 239
54 246
54 274
54 286
54 296
55 56
55 57
55 58
55 59
55 72
55 75
55 76
55 94
55 99
55 100
55 108
55 122
55 134
55 149
55 156
55 159
55 172
55 175
55 187
55 199
55 205
55 207
55 218
55 230
55 257
55 263
55 269
55 274
55 278
56 57
56 58
56 59
56 72
56 73
56 84
56 91
56 98
56 103
56 105
56 108
56 122
56 126
56 136
56 137
56 138
56 143
56 153
56 176
56 186
56 194
56 219
56 225
56 244
56 246
56 253
56 256
56 276
56 277
56 278
56 296
57 58
57 59
57 69
57 72
57 73
57 82
57 86
57 88
57 94
57 107
57 127
57 134
57 136
57 138
57 139
57 164
57 166
57 183
57 197
57 213
57 232
57 245
57 255
57 266
57 271
57 281
57 297
58 59
58 79
58 88
58 90
58 93
58 98
58 108
58 110
58 129
58 135
58 138
58 148
58 156
58 164
58 187
58 195
58 216
58 217
58 228
58 234
58 260
58 269
58 277
58 286
58 298
59 62
59 65
59 69
59 77
59 91
59 93
59 96
59 110
59 118
59 128
59 130
59 135
59 149
59 152
59 159
59 166
59 167
59 169
59 182
59 191
59 200
59 204
59 214
59 224
59 229
59 236
59 240
59 247
59 266
59 271
59 273
59 278
59 289
59 294
64 65
64 66
64 67
64 68
64 69
64 60
64 61
64 62
64 63
64 74
64 82
64 85
64 94
64 98
64 99
64 106
64 110
64 111
64 126
64 133
64 160
64 173
64 175
64 176
64 178
64 181
64 209
64 212
64 213
64 221
64 227
64 230
64 235
64 237
64 239
64 248
64 267
64 275
64 280
64 293
65 66
65 67
65 68
65 69
65 60
65 61
65 62
65 63
65 71
65 74
65 78
65 82
65 83
65 104
65 107
65 123
65 125
65 127
65 128
65 134
65 159
65 175
65 176
65 181
65 184
65 198
65 212
65 224
65 232
65 233
65 243
65 270
66 67
66 68
66 69
66 60
66 61
66 62
66 63
66 72
66 79
66 83
66 85
66 89
66 90
66 107
66 109
66 113
66 139
66 147
66 152
66 157
66 164
66 166
66 170
66 174
66 180
66 190
66 211
66 215
66 217
66 233
66 269
66 281
66 283
66 289
67 68
67 69
67 60
67 61
67 62
67 63
67 80
67 86
67 96
67 101
67 106
67 126
67 142
67 144
67 154
67 184
67 188
67 190
67 192
67 214
67 237
67 240
67 265
67 272
67 277
67 279
67 280
67 285
67 293
67 294
68 69
68 60
68 61
68 62
68 63
68 70
68 71
68 77
68 85
68 89
68 143
68 146
68 157
68 169
68 177
68 181
68 193
68 195
68 205
68 208
68 213
68 214
68 215
68 245
68 259
68 260
68 266
68 269
68 297
69 60
69 61
69 62
69 63
69 77
69 79
69 88
69 98
69 140
69 147
69 150
69 151
69 167
69 172
69 173
69 175
69 177
69 182
69 197
69 200
69 204
69 214
69 218
69 224
69 225
69 258
69 260
69 265
69 269
69 273
69 280
69 285
60 61
60 62
60 63
60 86
60 106
60 108
60 116
60 124
60 138
60 140
60 145
60 147
60 154
60 156
60 175
60 195
60 203
60 204
60 228
60 229
60 237
60 239
60 249
60 251
60 254
60 256
60 268
60 277
61 62
61 63
61 80
61 85
61 90
61 97
61 105
61 107
61 108
61 113
61 148
61 165
61 168
61 184
61 185
61 187
61 191
61 211
61 214
61 216
61 223
61 224
61 225
61 229
61 233
61 247
61 249
61 253
61 256
61 260
61 268
61 269
61 277
61 284
61 290
61 298
62 63
62 81
62 97
62 124
62 144
62 148
62 166
62 176
62 181
62 186
62 189
62 213
62 215
62 217
62 219
62 241
62 244
62 245
62 252
62 261
62 264
62 295
63 73
63 79
63 83
63 85
63 86
63 95
63 103
63 109
63 119
63 124
63 147
63 152
63 160
63 169
63 176
63 177
63 178
63 194
63 197
63 199
63 200
63 208
63 209
63 231
63 255
63 263
63 268
63 273
63 274
63 275
63 288
70 71
70 72
70 73
70 74
70 75
70 76
70 77
70 78
70 79
70 91
70 98
70 117
70 124
70 140
70 142
70 160
70 167
70 177
70 178
70 180
70 182
70 186
70 189
70 209
70 221
70 222
70 225
70 239
70 243
70 248
70 251
70 256
70 265
70 278
70 282
70 285
70 287
70 290
70 293
71 72
71 73
71 74
71 75
71 76
71 77
71 78
71 79
71 82
71 94
71 95
71 99
71 101
71 131
71 132
71 141
71 156
71 177
71 199
71 202
71 212
71 217
71 235
71 245
71 267
71 268
71 279
71 283
71 287
72 73
72 74
72 75
72 76
72 77
72 78
72 79
72 103
72 106
72 109
72 116
72 120
72 123
72 128
72 139
72 146
72 155
72 169
72 178
72 179
72 184
72 192
72 194
72 199
72 202
72 224
72 237
72 251
72 267
72 271
72 274
72 284
73 74
73 75
73 76
73 77
73 78
73 79
73 93
73 101
73 107
73 114
73 121
73 137
73 141
73 142
73 145
73 158
73 176
73 185
73 201
73 209
73 212
73 215
73 216
73 223
73 226
73 235
73 248
73 274
73 288
73 293
73 298
74 75
74 76
74 77
74 78
74 79
74 105
74 117
74 118
74 124
74 140
74 164
74 169
74 175
74 177
74 184
74 185
74 203
74 207
74 208
74 213
74 216
74 218
74 224
74 236
74 240
74 263
74 265
74 267
74 273
74 283
74 286
74 295
75 76
75 77
75 78
75 79
75 80
75 81
75 89
75 96
75 98
75 135
75 136
75 139
75 147
75 152
75 165
75 183
75 205
75 212
75 222
75 228
75 231
75 239
75 241
75 259
75 260
75 289
76 77
76 78
76 79
76 90
76 95
76 116
76 119
76 128
76 137
76 147
76 149
76 197
76 199
76 203
76 211
76 216
76 224
76 237
76 239
76 249
76 292
76 298
76 299
77 78
77 79
77 87
77 100
77 119
77 126
77 129
77 130
77 133
77 146
77 157
77 160
77 166
77 175
77 185
77 206
77 209
77 214
77 216
77 222
77 246
77 254
77 264
77 266
77 275
77 277
77 283
78 79
78 82
78 99
78 104
78 107
78 120
78 136
78 140
78 141
78 143
78 150
78 160
78 163
78 176
78 186
78 189
78 216
78 224
78 228
78 229
78 230
78 249
78 261
78 265
78 274
78 286
78 295
79 89
79 103
79 135
79 143
79 144
79 172
79 198
79 212
79 214
79 216
79 224
79 262
79 277
79 293
79 297
79 299
80 81
80 82
80 83
80 84
80 85
80 86
80 87
80 88
80 89
80 100
80 113
80 125
80 126
80 143
80 145
80 155
80 164
80 185
80 188
80 198
80 221
80 223
80 229
80 242
80 251
80 256
80 273
80 280
80 292
80 296
81 82
81 83
81 84
81 85
81 86
81 87
81 88
81 89
81 97
81 99
81 108
81 111
81 115
81 121
81 123
81 129
81 144
81 155
81 162
81 167
81 176
81 180
81 187
81 207
81 230
81 231
81 250
81 251
81 254
81 262
81 266
81 293
82 83
82 84
82 85
82 86
82 87
82 88
82 89
82 107
82 117
82 120
82 127
82 128
82 133
82 139
82 142
82 147
82 148
82 171
82 173
82 193
82 206
82 208
82 211
82 213
82 214
82 245
82 253
82 267
82 273
83 84
83 85
83 86
83 87
83 88
83 89
83 103
83 118
83 138
83 150
83 155
83 166
83 199
83 209
83 212
83 220
83 222
83 226
83 242
83 273
83 295
84 85
84 86
84 87
84 88
84 89
84 92
84 99
84 115
84 122
84 129
84 164
84 186
84 216
84 236
84 257
84 258
84 259
84 268
84 276
84 277
84 279
84 281
84 284
85 86
85 87
85 88
85 89
85 106
85 112
85 137
85 139
85 146
85 183
85 196
85 205
85 210
85 221
85 223
85 229
85 239
85 255
85 256
85 258
85 269
85 270
85 297
86 87
86 88
86 89
86 124
86 135
86 144
86 150
86 157
86 171
86 193
86 205
86 214
86 219
86 226
86 245
86 247
86 251
86 254
86 293
86 294
86 296
87 88
87 89
87 90
87 106
87 147
87 152
87 163
87 171
87 177
87 188
87 191
87 197
87 205
87 213
87 235
87 257
87 264
87 265
87 268
87 278
87 285
87 287
87 293
88 89
88 96
88 98
88 105
88 121
88 134
88 136
88 137
88 144
88 163
88 169
88 180
88 190
88 194
88 198
88 206
88 211
88 215
88 227
88 234
88 239
88 248
88 251
88 276
88 282
88 283
88 299
89 95
89 99
89 119
89 163
89 165
89 171
89 174
89 188
89 192
89 220
89 245
89 249
89 250
89 252
89 266
89 272
89 289
89 294
89 295
96 97
96 98
96 99
96 90
96 91
96 92
96 93
96 94
96 95
96 110
96 127
96 136
96 158
96 179
96 224
96 228
96 231
96 232
96 238
96 244
96 251
96 263
96 268
96 274
96 293
96 297
97 98
97 99
97 90
97 91
97 92
97 93
97 94
97 95
97 101
97 103
97 110
97 123
97 128
97 135
97 139
97 153
97 182
97 210
97 221
97 236
97 272
97 273
97 281
97 282
97 296
98 99
98 90
98 91
98 92
98 93
98 94
98 95
98 105
98 116
98 129
98 136
98 146
98 151
98 155
98 162
98 169
98 171
98 176
98 179
98 183
98 184
98 216
98 220
98 223
98 229
98 240
98 244
98 267
98 270
98 283
98 284
98 295
99 90
99 91
99 92
99 93
99 94
99 95
99 105
99 115
99 117
99 122
99 124
99 142
99 170
99 181
99 193
99 201
99 209
99 233
99 241
99 244
99 260
99 274
99 289
99 294
99 297
90 91
90 92
90 93
90 94
90 95
90 108
90 127
90 133
90 148
90 151
90 166
90 179
90 195
90 206
90 208
90 209
90 220
90 223
90 229
90 233
90 244
90 263
90 281
90 282
90 285
90 296
91 92
91 93
91 94
91 95
91 105
91 107
91 113
91 114
91 137
91 162
91 168
91 194
91 211
91 246
91 247
91 271
91 275
91 293
92 93
92 94
92 95
92 102
92 127
92 128
92 160
92 163
92 201
92 205
92 207
92 211
92 226
92 234
92 248
92 258
92 264
92 267
92 275
92 277
92 278
92 286
92 295
92 299
93 94
93 95
93 122
93 123
93 139
93 159
93 183
93 202
93 209
93 210
93 217
93 224
93 245
93 249
93 267
93 268
93 272
93 292
93 296
94 95
94 100
94 102
94 113
94 126
94 128
94 157
94 173
94 176
94 178
94 201
94 207
94 223
94 225
94 239
94 242
94 256
94 265
94 292
94 297
95 107
95 115
95 118
95 120
95 134
95 136
95 147
95 151
95 152
95 171
95 181
95 184
95 206
95 218
95 227
95 234
95 255
95 257
95 260
95 262
95 267
95 275
95 293
100 101
100 102
100 103
100 104
100 105
100 106
100 107
100 108
100 109
100 116
100 127
100 134
100 172
100 187
100 198
100 223
100 224
100 240
100 268
100 269
100 275
100 286
100 292
100 295
101 102
101 103
101 104
101 105
101 106
101 107
101 108
101 109
101 111
101 129
101 130
101 142
101 143
101 144
101 147
101 151
101 160
101 164
101 166
101 186
101 190
101 200
101 205
101 218
101 222
101 241
101 243
101 249
101 269
101 271
101 283
101 284
101 296
102 103
102 104
102 105
102 106
102 107
102 108
102 109
102 120
102 127
102 133
102 136
102 138
102 142
102 174
102 189
102 204
102 207
102 222
102 223
102 228
102 238
102 247
102 250
102 292
102 293
103 104
103 105
103 106
103 107
103 108
103 109
103 131
103 138
103 143
103 148
103 157
103 162
103 169
103 173
103 191
103 194
103 198
103 199
103 203
103 220
103 225
103 228
103 230
103 232
103 241
103 248
103 249
103 269
103 270
103 277
103 279
104 105
104 106
104 107
104 108
104 109
104 135
104 136
104 146
104 175
104 182
104 189
104 201
104 206
104 208
104 210
104 218
104 229
104 244
104 246
104 268
104 285
104 287
104 292
104 299
105 106
105 107
105 108
105 109
105 110
105 115
105 123
105 143
105 165
105 176
105 205
105 221
105 232
105 243
105 256
105 259
105 262
105 265
105 279
105 281
105 293
106 107
106 108
106 109
106 111
106 137
106 149
106 155
106 164
106 170
106 173
106 176
106 198
106 203
106 220
106 248
106 263
106 268
106 278
106 296
107 108
107 109
107 131
107 159
107 162
107 196
107 221
107 224
107 241
107 247
107 256
107 260
107 266
107 288
107 291
108 109
108 133
108 150
108 151
108 159
108 163
108 170
108 171
108 173
108 187
108 192
108 209
108 215
108 226
108 227
108 235
108 249
108 272
108 281
108 284
108 287
108 298
109 129
109 136
109 150
109 161
109 185
109 196
109 198
109 201
109 204
109 208
109 210
109 212
109 227
109 236
109 246
109 267
109 268
109 272
109 286
109 294
109 299
110 111
110 112
110 113
110 114
110 115
110 116
110 117
110 118
110 119
110 133
110 136
110 150
110 154
110 160
110 174
110 175
110 177
110 181
110 199
110 210
110 218
110 226
110 231
110 233
110 241
110 251
110 256
110 259
110 299
111 112
111 113
111 114
111 115
111 116
111 117
111 118
111 119
111 134
111 143
111 157
111 172
111 176
111 181
111 187
111 205
111 224
111 227
111 234
111 241
111 263
111 270
111 275
111 295
112 113
112 114
112 115
112 116
112 117
112 118
112 119
112 122
112 138
112 140
112 147
112 169
112 172
112 173
112 176
112 177
112 181
112 194
112 195
112 205
112 209
112 225
112 227
112 229
112 255
112 260
112 263
112 281
112 293
112 297
112 299
113 114
113 115
113 116
113 117
113 118
113 119
113 136
113 138
113 156
113 159
113 165
113 174
113 201
113 239
113 255
113 268
113 275
113 277
113 288
113 298
114 115
114 116
114 117
114 118
114 119
114 121
114 124
114 125
114 134
114 135
114 137
114 147
114 156
114 163
114 184
114 189
114 193
114 195
114 205
114 219
114 235
114 254
114 270
114 271
114 285
114 287
114 294
114 296
115 116
115 117
115 118
115 119
115 122
115 161
115 177
115 198
115 217
115 241
115 287
115 297
115 299
116 117
116 118
116 119
116 123
116 140
116 145
116 148
116 172
116 200
116 221
116 247
116 277
116 280
116 288
116 292
116 297
117 118
117 119
117 138
117 189
117 194
117 211
117 214
117 222
117 227
117 247
117 257
117 270
117 284
117 294
118 119
118 122
118 136
118 137
118 152
118 157
118 179
118 191
118 204
118 208
118 214
118 217
118 223
118 224
118 229
118 240
118 242
118 243
118 258
118 276
118 284
118 285
118 297
119 143
119 173
119 176
119 204
119 220
119 230
119 255
119 259
119 267
119 276
119 280
119 283
119 287
128 129
128 120
128 121
128 122
128 123
128 124
128 125
128 126
128 127
128 134
128 143
128 167
128 181
128 195
128 207
128 231
128 237
128 259
128 293
129 120
129 121
129 122
129 123
129 124
129 125
129 126
129 127
129 140
129 153
129 186
129 199
129 202
129 203
129 213
129 214
129 229
129 237
129 243
129 244
129 249
129 250
129 256
129 265
129 273
129 288
129 294
129 295
120 121
120 122
120 123
120 124
120 125
120 126
120 127
120 142
120 145
120 158
120 161
120 173
120 180
120 185
120 186
120 208
120 211
120 217
120 233
120 240
120 251
120 253
120 255
120 261
120 269
120 275
120 290
120 297
121 122
121 123
121 124
121 125
121 126
121 127
121 133
121 176
121 200
121 201
121 207
121 209
121 210
121 231
121 234
121 248
121 268
121 279
121 280
121 282
121 288
121 296
122 123
122 124
122 125
122 126
122 127
122 133
122 138
122 148
122 173
122 179
122 183
122 208
122 215
122 233
122 239
122 248
122 249
122 263
122 282
122 294
122 298
123 124
123 125
123 126
123 127
123 133
123 134
123 146
123 165
123 176
123 187
123 199
123 209
123 216
123 225
123 226
123 255
123 258
123 260
123 265
123 267
123 269
123 270
123 277
123 288
123 289
123 299
124 125
124 126
124 127
124 132
124 133
124 135
124 140
124 141
124 146
124 148
124 161
124 174
124 175
124 178
124 181
124 186
124 193
124 194
124 200
124 220
124 222
124 243
124 246
124 272
124 275
124 289
125 126
125 127
125 136
125 162
125 171
125 179
125 184
125 201
125 210
125 221
125 226
125 227
125 242
125 245
125 263
125 281
125 287
126 127
126 135
126 138
126 143
126 157
126 161
126 168
126 177
126 180
126 209
126 238
126 248
126 249
126 257
126 285
126 286
127 143
127 172
127 202
127 203
127 205
127 221
127 239
127 243
127 272
127 276
127 277
127 289
127 291
130 131
130 132
130 133
130 134
130 135
130 136
130 137
130 138
130 139
130 153
130 154
130 156
130 158
130 167
130 173
130 184
130 186
130 200
130 208
130 210
130 211
130 217
130 228
130 254
130 257
130 261
130 275
131 132
131 133
131 134
131 135
131 136
131 137
131 138
131 139
131 144
131 145
131 153
131 171
131 190
131 195
131 200
131 201
131 207
131 222
131 232
131 238
131 277
131 282
131 296
132 133
132 134
132 135
132 136
132 137
132 138
132 139
132 141
132 142
132 145
132 157
132 160
132 163
132 171
132 182
132 194
132 207
132 214
132 228
132 230
132 233
132 237
132 253
132 256
132 259
132 272
132 288
132 290
132 293
133 134
133 135
133 136
133 137
133 138
133 139
133 151
133 157
133 158
133 167
133 180
133 181
133 183
133 185
133 199
133 208
133 209
133 214
133 221
133 223
133 226
133 239
133 246
133 252
133 282
134 135
134 136
134 137
134 138
134 139
134 143
134 156
134 157
134 174
134 192
134 199
134 203
134 210
134 227
134 231
134 252
134 259
134 288
134 290
134 294
134 299
135 136
135 137
135 138
135 139
135 151
135 157
135 160
135 164
135 174
135 190
135 220
135 231
135 235
135 250
135 259
135 267
135 273
135 284
135 286
135 291
136 137
136 138
136 139
136 145
136 185
136 208
136 218
136 222
136 242
136 266
136 268
136 269
136 270
136 274
136 284
136 289
137 138
137 139
137 152
137 154
137 162
137 188
137 200
137 221
137 245
137 254
137 257
137 261
137 276
137 277
137 287
138 139
138 141
138 161
138 167
138 176
138 186
138 196
138 205
138 210
138 212
138 226
138 228
138 251
138 260
138 268
138 278
138 284
138 288
139 144
139 152
139 161
139 173
139 176
139 183
139 211
139 217
139 218
139 249
139 259
139 263
140 141
140 142
140 143
140 144
140 145
140 146
140 147
140 148
140 149
140 161
140 181
140 182
140 183
140 186
140 192
140 195
140 196
140 210
140 230
140 243
140 254
140 265
140 273
140 279
140 282
140 291
140 293
140 295
140 296
140 297
141 142
141 143
141 144
141 145
141 146
141 147
141 148
141 149
141 153
141 167
141 168
141 174
141 177
141 181
141 193
141 211
141 237
141 240
141 244
141 248
141 254
141 258
141 274
141 276
141 278
141 279
141 284
142 143
142 144
142 145
142 146
142 147
142 148
142 149
142 154
142 192
142 213
142 235
142 243
142 244
142 250
142 251
142 271
142 284
143 144
143 145
143 146
143 147
143 148
143 149
143 150
143 156
143 157
143 160
143 161
143 179
143 188
143 206
143 215
143 228
143 236
143 247
144 145
144 146
144 147
144 148
144 149
144 164
144 169
144 179
144 184
144 196
144 209
144 213
144 224
144 226
144 235
144 236
144 239
144 250
144 255
144 262
144 276
144 290
144 295
145 146
145 147
145 148
145 149
145 155
145 160
145 175
145 183
145 216
145 218
145 226
145 229
145 230
145 234
145 240
145 244
145 259
145 272
145 275
145 280
145 299
146 147
146 148
146 149
146 169
146 180
146 205
146 214
146 225
146 232
146 237
146 238
146 246
146 254
146 258
146 259
146 267
146 279
146 281
146 298
147 148
147 149
147 170
147 173
147 184
147 190
147 199
147 221
147 228
147 240
147 244
147 256
147 280
147 286
147 295
147 299
148 149
148 153
148 157
148 168
148 174
148 181
148 210
148 212
148 232
148 233
148 252
148 259
148 264
148 266
148 270
148 297
149 157
149 171
149 173
149 186
149 197
149 201
149 203
149 204
149 205
149 208
149 239
149 241
149 247
149 256
149 262
149 264
149 265
149 267
149 285
149 292
150 151
150 152
150 153
150 154
150 155
150 156
150 157
150 158
150 159
150 164
150 168
150 195
150 225
150 234
150 246
150 255
150 281
150 286
150 291
150 298
151 152
151 153
151 154
151 155
151 156
151 157
151 158
151 159
151 193
151 195
151 196
151 205
151 213
151 221
151 226
151 237
151 280
151 296
152 153
152 154
152 155
152 156
152 157
152 158
152 159
152 167
152 188
152 192
152 210
152 221
152 267
152 278
152 279
152 295
153 154
153 155
153 156
153 157
153 158
153 159
153 170
153 186
153 208
153 211
153 220
153 232
153 240
153 247
153 259
153 267
153 270
153 273
153 279
153 293
154 155
154 156
154 157
154 158
154 159
154 182
154 192
154 206
154 213
154 225
154 244
154 247
154 263
154 264
154 268
154 286
155 156
155 157
155 158
155 159
155 162
155 163
155 164
155 171
155 176
155 182
155 189
155 193
155 205
155 207
155 213
155 222
155 226
155 236
155 269
155 278
155 291
155 296
155 298
156 157
156 158
156 159
156 178
156 191
156 198
156 227
156 229
156 233
156 240
156 242
156 249
156 258
156 261
156 275
156 277
156 289
157 158
157 159
157 167
157 171
157 180
157 190
157 200
157 204
157 227
157 231
157 254
157 282
157 292
157 293
158 159
158 163
158 178
158 187
158 198
158 204
158 212
158 213
158 229
158 264
159 160
159 164
159 234
159 257
159 289
159 294
160 161
160 162
160 163
160 164
160 165
160 166
160 167
160 168
160 169
160 188
160 192
160 194
160 197
160 199
160 221
160 224
160 225
160 255
160 262
160 266
160 273
160 292
161 162
161 163
161 164
161 165
161 166
161 167
161 168
161 169
161 172
161 173
161 187
161 190
161 201
161 204
161 220
161 234
161 241
161 264
161 266
161 280
161 288
161 289
162 163
162 164
162 165
162 166
162 167
162 168
162 169
162 182
162 184
162 194
162 196
162 255
162 266
162 277
162 282
162 293
163 164
163 165
163 166
163 167
163 168
163 169
163 178
163 190
163 197
163 200
163 207
163 208
163 223
163 224
163 225
163 231
163 238
163 239
163 245
163 264
163 265
163 271
163 277
163 278
163 294
164 165
164 166
164 167
164 168
164 169
164 198
164 210
164 216
164 233
164 254
164 269
164 275
164 279
164 284
164 287
164 288
164 292
165 166
165 167
165 168
165 169
165 170
165 172
165 175
165 179
165 181
165 184
165 190
165 201
165 208
165 211
165 228
165 238
165 280
165 289
165 290
165 292
165 295
166 167
166 168
166 169
166 173
166 214
166 229
166 269
166 270
166 276
167 168
167 169
167 198
167 217
167 219
167 229
167 237
167 247
167 250
167 271
167 284
167 292
168 169
168 176
168 179
168 184
168 188
168 193
168 204
168 215
168 270
169 175
169 189
169 202
169 222
169 229
169 235
169 241
169 252
169 255
169 259
169 267
169 270
169 271
169 277
169 289
170 171
170 172
170 173
170 174
170 175
170 176
170 177
170 178
170 179
170 187
170 193
170 199
170 211
170 218
170 228
170 240
170 252
170 261
170 262
170 264
170 274
170 276
170 283
170 291
171 172
171 173
171 174
171 175
171 176
171 177
171 178
171 179
171 190
171 203
171 209
171 221
171 224
171 228
171 245
171 248
171 251
171 252
171 254
171 263
171 272
171 283
171 289
171 299
172 173
172 174
172 175
172 176
172 177
172 178
172 179
172 182
172 184
172 194
172 217
172 218
172 225
172 244
172 246
172 259
172 270
173 174
173 175
173 176
173 177
173 178
173 179
173 190
173 200
173 203
173 205
173 210
173 218
173 223
173 224
173 246
173 250
173 254
173 258
173 293
173 298
174 175
174 176
174 177
174 178
174 179
174 201
174 209
174 214
174 222
174 239
174 252
174 260
174 263
174 280
174 285
174 290
174 292
174 295
174 297
175 176
175 177
175 178
175 179
175 182
175 184
175 188
175 193
175 202
175 213
175 231
175 235
175 239
175 244
175 266
175 267
175 273
175 288
175 289
175 295
175 298
175 299
176 177
176 178
176 179
176 208
176 246
176 253
176 261
176 270
176 280
177 178
177 179
177 196
177 235
177 256
177 275
177 278
178 179
178 198
178 199
178 209
178 215
178 234
178 240
178 264
178 285
178 290
178 295
178 298
179 185
179 217
179 220
179 227
179 236
179 242
179 247
179 250
179 255
179 271
179 275
179 276
179 279
179 281
179 282
180 181
180 182
180 183
180 184
180 185
180 186
180 187
180 188
180 189
180 191
180 192
180 206
180 232
180 239
180 251
180 253
180 259
180 280
180 286
180 292
180 293
181 182
181 183
181 184
181 185
181 186
181 187
181 188
181 189
181 199
181 201
181 214
181 215
181 236
181 239
181 253
181 263
181 274
181 278
181 282
181 285
181 288
181 289
181 294
182 183
182 184
182 185
182 186
182 187
182 188
182 189
182 199
182 213
182 222
182 235
182 241
182 242
182 250
182 292
182 294
183 184
183 185
183 186
183 187
183 188
183 189
183 196
183 198
183 207
183 230
183 240
183 257
183 275
183 281
183 283
183 287
183 293
183 297
184 185
184 186
184 187
184 188
184 189
184 198
184 209
184 229
184 247
184 255
184 264
184 279
184 281
184 296
185 186
185 187
185 188
185 189
185 192
185 196
185 211
185 218
185 231
185 232
185 234
185 248
185 261
186 187
186 188
186 189
186 192
186 213
186 214
186 224
186 237
186 239
186 245
186 253
186 283
186 286
187 188
187 189
187 220
187 225
187 229
187 236
187 239
187 243
187 250
187 255
187 261
187 267
187 268
187 276
188 189
188 196
188 202
188 205
188 212
188 218
188 226
188 231
188 239
188 248
188 278
188 286
188 289
188 296
189 205
189 212
189 242
189 245
189 247
189 249
189 251
189 261
189 268
189 274
189 287
192 193
192 194
192 195
192 196
192 197
192 198
192 199
192 190
192 191
192 200
192 210
192 216
192 244
192 247
192 250
192 268
192 274
192 277
192 278
193 194
193 195
193 196
193 197
193 198
193 199
193 190
193 191
193 202
193 212
193 215
193 220
193 243
193 251
193 257
193 272
193 282
193 291
193 294
193 296
194 195
194 196
194 197
194 198
194 199
194 190
194 191
194 206
194 214
194 215
194 231
194 238
194 273
194 275
194 281
194 288
195 196
195 197
195 198
195 199
195 190
195 191
195 231
195 233
195 237
195 258
195 275
195 276
195 285
195 286
195 299
196 197
196 198
196 199
196 190
196 191
196 222
196 241
196 242
196 246
196 247
196 253
196 263
196 269
196 273
196 284
196 291
196 296
196 297
197 198
197 199
197 190
197 191
197 201
197 208
197 209
197 210
197 212
197 216
197 218
197 219
197 220
197 234
197 238
197 263
197 264
197 283
197 286
197 289
197 294
197 296
197 297
198 199
198 190
198 191
198 204
198 228
198 234
198 245
198 274
198 278
198 293
199 190
199 191
199 215
199 231
199 235
199 238
199 244
199 261
199 273
199 290
190 191
190 213
190 219
190 223
190 233
190 235
190 240
190 271
190 278
190 288
190 295
190 298
191 212
191 217
191 257
191 259
191 280
191 291
200 201
200 202
200 203
200 204
200 205
200 206
200 207
200 208
200 209
200 228
200 239
200 252
200 270
200 297
201 202
201 203
201 204
201 205
201 206
201 207
201 208
201 209
201 218
201 232
201 248
201 256
201 260
201 270
201 273
201 288
201 296
202 203
202 204
202 205
202 206
202 207
202 208
202 209
202 216
202 232
202 237
202 246
202 268
202 284
202 289
202 298
202 299
203 204
203 205
203 206
203 207
203 208
203 209
203 224
203 230
203 261
203 292
203 295
204 205
204 206
204 207
204 208
204 209
204 235
204 238
204 240
204 244
204 245
204 262
204 268
204 274
205 206
205 207
205 208
205 209
205 222
205 226
205 227
205 231
205 234
205 252
205 263
205 269
205 281
206 207
206 208
206 209
206 218
206 225
206 230
206 231
206 233
206 242
206 254
206 259
206 262
206 271
206 281
206 285
206 296
207 208
207 209
207 217
207 228
207 241
207 245
207 252
207 256
207 285
207 296
208 209
208 281
208 283
208 290
209 213
209 222
209 231
209 247
209 256
209 265
209 291
209 293
209 294
209 295
209 297
210 211
210 212
210 213
210 214
210 215
210 216
210 217
210 218
210 219
210 223
210 228
210 239
210 246
210 249
210 262
211 212
211 213
211 214
211 215
211 216
211 217
211 218
211 219
211 221
211 224
211 239
211 244
211 246
211 249
211 256
211 261
211 262
211 266
211 267
211 273
211 280
212 213
212 214
212 215
212 216
212 217
212 218
212 219
212 235
212 241
212 243
212 244
212 263
212 273
212 278
213 214
213 215
213 216
213 217
213 218
213 219
213 287
213 299
214 215
214 216
214 217
214 218
214 219
214 226
214 235
214 241
214 247
214 248
214 266
214 267
214 278
215 216
215 217
215 218
215 219
215 227
215 236
215 241
215 245
215 252
215 258
215 285
215 288
216 217
216 218
216 219
216 272
216 273
216 282
217 218
217 219
217 222
217 240
217 242
217 243
217 245
217 272
218 219
218 224
218 226
218 252
218 258
218 262
218 265
218 267
218 286
218 288
218 297
219 221
219 268
219 270
219 283
224 225
224 226
224 227
224 228
224 229
224 220
224 221
224 222
224 223
224 237
224 246
224 247
224 269
224 271
224 292
224 295
224 299
225 226
225 227
225 228
225 229
225 220
225 221
225 222
225 223
225 261
225 266
225 268
225 298
226 227
226 228
226 229
226 220
226 221
226 222
226 223
226 254
226 270
226 286
226 288
227 228
227 229
227 220
227 221
227 222
227 223
227 245
227 260
227 282
228 229
228 220
228 221
228 222
228 223
228 233
228 244
228 256
228 260
228 267
228 285
228 293
228 295
228 296
229 220
229 221
229 222
229 223
229 238
229 251
229 253
229 267
229 276
229 281
229 287
229 295
220 221
220 222
220 223
220 250
220 264
220 267
220 274
220 278
220 293
221 222
221 223
221 242
221 245
221 255
221 262
221 266
221 269
221 276
221 286
221 294
221 296
222 223
222 230
222 233
222 252
222 255
222 264
222 272
222 284
222 293
222 299
223 230
223 235
223 257
223 265
223 269
223 272
223 273
223 284
223 285
223 298
230 231
230 232
230 233
230 234
230 235
230 236
230 237
230 238
230 239
230 253
230 258
230 277
230 279
230 283
230 299
231 232
231 233
231 234
231 235
231 236
231 237
231 238
231 239
231 250
231 252
231 262
231 266
231 269
231 274
231 286
231 292
232 233
232 234
232 235
232 236
232 237
232 238
232 239
232 270
232 292
233 234
233 235
233 236
233 237
233 238
233 239
233 247
233 252
233 264
233 266
233 271
233 276
233 280
233 287
234 235
234 236
234 237
234 238
234 239
234 243
234 250
234 255
234 257
234 260
234 265
234 284
234 286
234 293
234 298
235 236
235 237
235 238
235 239
235 240
235 247
235 256
235 270
236 237
236 238
236 239
236 250
236 255
236 257
236 264
236 272
236 278
236 294
236 297
237 238
237 239
237 241
237 248
237 251
237 271
237 288
238 239
238 248
238 254
238 255
238 266
238 271
238 273
239 247
239 250
239 280
240 241
240 242
240 243
240 244
240 245
240 246
240 247
240 248
240 249
240 257
240 264
240 270
240 271
240 273
240 282
240 285
240 292
240 296
240 299
241 242
241 243
241 244
241 245
241 246
241 247
241 248
241 249
241 251
241 253
241 263
241 266
241 272
241 280
241 285
242 243
242 244
242 245
242 246
242 247
242 248
242 249
242 259
242 268
242 270
242 288
242 292
243 244
243 245
243 246
243 247
243 248
243 249
243 252
243 259
243 282
243 295
243 298
244 245
244 246
244 247
244 248
244 249
244 267
244 280
244 297
245 246
245 247
245 248
245 249
245 254
245 278
245 282
245 283
246 247
246 248
246 249
246 255
246 260
246 261
246 286
246 290
246 291
247 248
247 249
247 271
247 272
247 277
247 282
247 297
248 249
248 255
248 258
248 266
248 279
248 282
248 288
248 289
248 292
249 251
249 284
249 285
249 286
249 287
249 291
256 257
256 258
256 259
256 250
256 251
256 252
256 253
256 254
256 255
256 276
256 285
256 289
257 258
257 259
257 250
257 251
257 252
257 253
257 254
257 255
257 267
257 274
257 289
258 259
258 250
258 251
258 252
258 253
258 254
258 255
258 271
258 273
258 279
259 250
259 251
259 252
259 253
259 254
259 255
259 268
259 276
259 297
250 251
250 252
250 253
250 254
250 255
250 278
250 291
250 299
251 252
251 253
251 254
251 255
251 274
251 281
251 291
251 294
251 299
252 253
252 254
252 255
252 263
252 264
252 278
252 279
252 282
252 283
252 297
253 254
253 255
253 268
253 288
254 255
254 264
254 268
254 274
255 263
255 275
255 277
255 286
260 261
260 262
260 263
260 264
260 265
260 266
260 267
260 268
260 269
260 273
261 262
261 263
261 264
261 265
261 266
261 267
261 268
261 269
261 270
261 272
261 282
261 291
261 292
262 263
262 264
262 265
262 266
262 267
262 268
262 269
262 282
263 264
263 265
263 266
263 267
263 268
263 269
263 279
263 291
264 265
264 266
264 267
264 268
264 269
264 280
265 266
265 267
265 268
265 269
266 267
266 268
266 269
266 271
266 272
266 284
266 288
266 297
267 268
267 269
267 276
267 293
267 298
268 269
268 272
268 282
268 288
269 281
269 286
270 271
270 272
270 273
270 274
270 275
270 276
270 277
270 278
270 279
270 284
270 291
271 272
271 273
271 274
271 275
271 276
271 277
271 278
271 279
271 280
271 281
271 283
271 286
271 289
271 294
272 273
272 274
272 275
272 276
272 277
272 278
272 279
272 293
272 298
273 274
273 275
273 276
273 277
273 278
273 279
273 282
274 275
274 276
274 277
274 278
274 279
274 280
274 288
274 297
275 276
275 277
275 278
275 279
275 292
275 296
275 299
276 277
276 278
276 279
276 282
276 284
276 293
277 278
277 279
277 280
277 288
277 296
278 279
278 294
278 296
279 284
288 289
288 280
288 281
288 282
288 283
288 284
288 285
288 286
288 287
288 290
288 298
289 280
289 281
289 282
289 283
289 284
289 285
289 286
289 287
289 290
280 281
280 282
280 283
280 284
280 285
280 286
280 287
281 282
281 283
281 284
281 285
281 286
281 287
282 283
282 284
282 285
282 286
282 287
282 298
283 284
283 285
283 286
283 287
284 285
284 286
284 287
285 286
285 287
285 292
285 295
286 287
286 291
286 295
286 296
287 293
290 291
290 292
290 293
290 294
290 295
290 296
290 297
290 298
290 299
291 292
291 293
291 294
291 295
291 296
291 297
291 298
291 299
292 293
292 294
292 295
292 296
292 297
292 298
292 299
293 294
293 295
293 296
293 297
293 298
293 299
294 295
294 296
294 297
294 298
294 299
295 296
295 297
295 298
295 299
296 297
296 298
296 299
297 298
297 299
298 299
