# 7558 edges
0 1
0 2
0 3
0 4
0 5
0 6
0 7
0 8
0 9
0 47
0 57
0 63
0 71
0 78
0 91
0 102
0 118
0 121
0 127
0 141
0 146
0 150
0 167
0 168
0 176
0 179
0 184
0 185
0 191
0 192
0 217
0 228
0 240
0 265
0 272
0 280
0 296
0 312
1 2
1 3
1 4
1 5
1 6
1 7
1 8
1 9
1 32
1 52
1 56
1 59
1 66
1 70
1 79
1 89
1 136
1 137
1 154
1 158
1 161
1 167
1 171
1 175
1 184
1 189
1 192
1 210
1 214
1 220
1 226
1 235
1 246
1 251
1 265
1 276
1 280
1 287
1 324
1 330
2 3
2 4
2 5
2 6
2 7
2 8
2 9
2 17
2 20
2 37
2 40
2 42
2 50
2 71
2 76
2 91
2 109
2 111
2 115
2 128
2 134
2 138
2 142
2 147
2 149
2 152
2 154
2 157
2 189
2 218
2 249
2 256
2 276
2 293
2 316
2 319
2 330
2 338
2 346
3 4
3 5
3 6
3 7
3 8
3 9
3 43
3 51
3 67
3 70
3 71
3 81
3 89
3 91
3 93
3 94
3 127
3 141
3 146
3 154
3 182
3 191
3 214
3 219
3 228
3 246
3 252
3 259
3 278
3 282
3 290
3 291
3 307
3 322
3 342
3 347
3 349
4 5
4 6
4 7
4 8
4 9
4 12
4 14
4 20
4 49
4 82
4 86
4 109
4 112
4 119
4 138
4 155
4 164
4 169
4 175
4 189
4 195
4 201
4 205
4 213
4 241
4 262
4 269
4 280
4 293
4 301
4 331
4 347
4 349
5 6
5 7
5 8
5 9
5 14
5 28
5 47
5 53
5 64
5 68
5 72
5 82
5 85
5 87
5 98
5 113
5 133
5 138
5 146
5 148
5 151
5 154
5 156
5 174
5 184
5 187
5 199
5 203
5 207
5 213
5 216
5 217
5 221
5 240
5 255
5 259
5 264
5 265
5 266
5 268
5 276
5 277
5 286
5 299
5 301
5 328
5 333
5 334
5 341
5 346
6 7
6 8
6 9
6 16
6 18
6 26
6 32
6 35
6 40
6 68
6 102
6 106
6 111
6 113
6 125
6 129
6 138
6 144
6 153
6 154
6 159
6 165
6 174
6 184
6 217
6 223
6 253
6 272
6 284
6 286
6 294
6 298
6 307
6 321
6 340
6 342
7 8
7 9
7 21
7 22
7 27
7 33
7 41
7 46
7 55
7 62
7 73
7 78
7 123
7 144
7 148
7 152
7 154
7 159
7 179
7 183
7 187
7 191
7 199
7 204
7 225
7 226
7 247
7 250
7 267
7 272
7 293
7 296
7 297
8 9
8 11
8 14
8 52
8 72
8 80
8 86
8 110
8 111
8 113
8 122
8 136
8 138
8 160
8 165
8 171
8 189
8 199
8 202
8 209
8 214
8 240
8 244
8 247
8 266
8 282
8 287
8 291
8 302
8 318
8 320
8 328
8 332
8 336
8 345
9 26
9 27
9 31
9 33
9 38
9 42
9 54
9 56
9 63
9 67
9 71
9 77
9 88
9 107
9 111
9 113
9 125
9 128
9 145
9 159
9 166
9 167
9 170
9 172
9 193
9 206
9 229
9 237
9 253
9 262
9 268
9 279
9 280
9 284
9 291
9 295
9 296
9 329
9 333
9 343
10 11
10 12
10 13
10 14
10 15
10 16
10 17
10 18
10 19
10 70
10 71
10 75
10 85
10 86
10 87
10 88
10 96
10 103
10 111
10 112
10 118
10 125
10 142
10 156
10 164
10 166
10 180
10 210
10 248
10 254
10 264
10 304
10 309
10 311
10 328
10 331
10 336
11 12
11 13
11 14
11 15
11 16
11 17
11 18
11 19
11 38
11 43
11 58
11 66
11 82
11 90
11 114
11 123
11 128
11 132
11 163
11 178
11 182
11 185
11 188
11 192
11 201
11 232
11 245
11 249
11 250
11 253
11 281
11 283
11 284
11 298
11 299
11 314
11 315
11 316
11 320
11 328
11 342
11 344
12 13
12 14
12 15
12 16
12 17
12 18
12 19
12 24
12 42
12 49
12 57
12 86
12 87
12 93
12 97
12 103
12 107
12 111
12 148
12 158
12 177
12 185
12 195
12 204
12 225
12 229
12 231
12 233
12 260
12 267
12 275
12 281
12 288
12 308
12 312
12 322
13 14
13 15
13 16
13 17
13 18
13 19
13 28
13 38
13 39
13 76
13 77
13 79
13 83
13 86
13 92
13 99
13 104
13 106
13 108
13 112
13 117
13 120
13 125
13 135
13 141
13 154
13 158
13 167
13 177
13 196
13 197
13 199
13 206
13 213
13 220
13 227
13 246
13 253
13 259
13 261
13 262
13 264
13 266
13 280
13 289
13 327
13 330
13 331
14 15
14 16
14 17
14 18
14 19
14 39
14 56
14 60
14 66
14 70
14 80
14 85
14 105
14 114
14 116
14 121
14 138
14 169
14 177
14 193
14 205
14 223
14 225
14 226
14 231
14 262
14 289
14 290
14 291
14 292
14 296
14 307
14 312
14 314
14 319
15 16
15 17
15 18
15 19
15 25
15 67
15 84
15 90
15 91
15 96
15 121
15 131
15 140
15 141
15 147
15 150
15 161
15 165
15 167
15 170
15 186
15 192
15 194
15 202
15 218
15 225
15 228
15 232
15 268
15 282
15 302
15 305
15 308
15 315
15 318
15 324
15 325
15 332
16 17
16 18
16 19
16 28
16 40
16 49
16 54
16 55
16 56
16 71
16 73
16 79
16 84
16 86
16 102
16 128
16 146
16 155
16 164
16 184
16 197
16 209
16 211
16 213
16 237
16 254
16 275
16 277
16 281
16 291
16 295
16 322
16 323
16 339
17 18
17 19
17 26
17 52
17 59
17 92
17 99
17 103
17 129
17 132
17 137
17 138
17 181
17 182
17 188
17 189
17 192
17 205
17 207
17 208
17 217
17 233
17 238
17 242
17 249
17 268
17 276
17 306
17 339
17 346
17 347
18 19
18 42
18 46
18 48
18 76
18 79
18 102
18 106
18 108
18 123
18 127
18 132
18 139
18 146
18 155
18 164
18 165
18 167
18 173
18 176
18 184
18 188
18 192
18 198
18 223
18 227
18 230
18 245
18 247
18 256
18 265
18 266
18 267
18 269
18 270
18 283
18 285
18 296
18 300
18 319
18 327
18 345
18 348
19 25
19 27
19 33
19 37
19 43
19 44
19 46
19 53
19 74
19 83
19 85
19 96
19 112
19 126
19 136
19 139
19 144
19 168
19 180
19 185
19 188
19 189
19 191
19 208
19 215
19 234
19 241
19 247
19 290
19 292
19 297
19 300
19 304
19 308
19 326
19 330
19 341
20 21
20 22
20 23
20 24
20 25
20 26
20 27
20 28
20 29
20 46
20 51
20 65
20 69
20 84
20 93
20 96
20 99
20 119
20 129
20 165
20 173
20 176
20 190
20 194
20 195
20 201
20 268
20 272
20 273
20 293
20 294
20 313
20 315
20 324
20 331
20 349
21 22
21 23
21 24
21 25
21 26
21 27
21 28
21 29
21 32
21 40
21 59
21 73
21 83
21 120
21 197
21 209
21 210
21 277
21 293
21 295
21 297
21 304
21 305
21 307
21 312
21 313
21 318
21 330
21 347
21 349
22 23
22 24
22 25
22 26
22 27
22 28
22 29
22 31
22 54
22 69
22 82
22 120
22 140
22 147
22 168
22 189
22 198
22 199
22 208
22 246
22 254
22 260
22 298
22 313
22 326
22 330
22 342
23 24
23 25
23 26
23 27
23 28
23 29
23 35
23 43
23 47
23 49
23 53
23 72
23 88
23 103
23 107
23 113
23 116
23 135
23 138
23 145
23 149
23 155
23 157
23 162
23 164
23 165
23 183
23 187
23 193
23 194
23 197
23 198
23 203
23 212
23 215
23 233
23 234
23 240
23 241
23 242
23 259
23 267
23 270
23 288
23 310
23 318
23 320
23 340
23 344
24 25
24 26
24 27
24 28
24 29
24 35
24 36
24 47
24 67
24 78
24 79
24 80
24 81
24 85
24 91
24 101
24 132
24 146
24 151
24 157
24 162
24 167
24 182
24 188
24 192
24 195
24 202
24 203
24 208
24 211
24 212
24 236
24 240
24 251
24 254
24 274
24 294
24 296
24 328
24 340
24 341
25 26
25 27
25 28
25 29
25 38
25 53
25 67
25 68
25 73
25 81
25 114
25 120
25 135
25 141
25 144
25 157
25 173
25 197
25 203
25 209
25 225
25 228
25 230
25 231
25 233
25 240
25 243
25 245
25 247
25 254
25 265
25 275
25 279
25 284
25 288
25 305
25 309
25 315
25 319
25 321
25 323
25 326
25 330
25 341
25 348
26 27
26 28
26 29
26 32
26 37
26 45
26 47
26 60
26 80
26 84
26 107
26 108
26 110
26 111
26 118
26 128
26 137
26 138
26 144
26 153
26 158
26 164
26 177
26 184
26 187
26 207
26 217
26 219
26 231
26 249
26 271
26 284
26 294
26 298
26 306
26 309
26 312
26 329
26 333
26 338
26 346
27 28
27 29
27 38
27 52
27 58
27 59
27 70
27 78
27 85
27 87
27 125
27 137
27 150
27 168
27 171
27 184
27 192
27 210
27 211
27 213
27 220
27 225
27 228
27 234
27 235
27 240
27 249
27 255
27 256
27 273
27 282
27 283
27 306
27 311
27 317
27 349
28 29
28 32
28 35
28 60
28 73
28 86
28 93
28 106
28 114
28 115
28 141
28 149
28 154
28 155
28 180
28 185
28 190
28 204
28 213
28 224
28 226
28 251
28 259
28 274
28 293
28 294
28 310
28 315
28 325
28 331
28 333
28 345
29 35
29 40
29 50
29 57
29 75
29 78
29 79
29 82
29 88
29 100
29 104
29 113
29 118
29 121
29 134
29 142
29 158
29 165
29 172
29 177
29 179
29 187
29 192
29 204
29 205
29 210
29 227
29 247
29 253
29 255
29 258
29 261
29 267
29 273
29 274
29 276
29 298
29 303
29 308
29 323
29 324
29 335
32 33
32 34
32 35
32 36
32 37
32 38
32 39
32 30
32 31
32 47
32 57
32 58
32 64
32 66
32 69
32 76
32 109
32 113
32 149
32 156
32 158
32 159
32 169
32 179
32 212
32 232
32 246
32 251
32 252
32 289
32 295
32 319
32 328
32 337
33 34
33 35
33 36
33 37
33 38
33 39
33 30
33 31
33 41
33 45
33 46
33 48
33 51
33 64
33 65
33 71
33 78
33 84
33 86
33 93
33 97
33 103
33 107
33 108
33 113
33 116
33 125
33 129
33 130
33 132
33 143
33 155
33 166
33 195
33 201
33 204
33 209
33 218
33 228
33 255
33 265
33 272
33 274
33 290
33 303
33 309
33 329
33 346
34 35
34 36
34 37
34 38
34 39
34 30
34 31
34 43
34 44
34 49
34 59
34 62
34 72
34 116
34 121
34 132
34 151
34 152
34 164
34 188
34 203
34 210
34 216
34 223
34 235
34 237
34 252
34 264
34 286
34 289
34 293
34 336
35 36
35 37
35 38
35 39
35 30
35 31
35 40
35 58
35 62
35 66
35 79
35 102
35 125
35 131
35 142
35 148
35 154
35 168
35 173
35 180
35 186
35 223
35 244
35 249
35 251
35 256
35 262
35 284
35 295
35 298
35 300
35 302
35 309
35 332
35 342
35 347
36 37
36 38
36 39
36 30
36 31
36 44
36 61
36 80
36 83
36 89
36 96
36 97
36 122
36 124
36 129
36 150
36 154
36 159
36 208
36 215
36 219
36 222
36 223
36 234
36 244
36 254
36 258
36 266
36 291
36 294
36 306
36 321
36 322
36 340
36 341
37 38
37 39
37 30
37 31
37 44
37 58
37 62
37 67
37 80
37 82
37 89
37 93
37 104
37 128
37 129
37 135
37 138
37 148
37 153
37 157
37 162
37 167
37 170
37 174
37 189
37 193
37 205
37 209
37 231
37 240
37 248
37 249
37 253
37 279
37 289
37 295
37 303
37 305
37 315
37 341
37 342
38 39
38 30
38 31
38 76
38 77
38 81
38 90
38 100
38 107
38 112
38 125
38 133
38 146
38 151
38 153
38 177
38 189
38 218
38 220
38 222
38 226
38 252
38 274
38 284
38 290
38 300
38 303
38 324
38 327
38 332
38 337
39 30
39 31
39 44
39 45
39 70
39 94
39 108
39 112
39 121
39 127
39 131
39 132
39 162
39 168
39 174
39 198
39 202
39 203
39 209
39 213
39 271
39 274
39 284
39 286
39 287
39 294
39 299
39 300
39 325
39 328
39 329
30 31
30 57
30 69
30 93
30 101
30 110
30 116
30 145
30 158
30 163
30 197
30 199
30 209
30 212
30 213
30 221
30 228
30 232
30 238
30 240
30 249
30 261
30 268
30 296
30 302
30 311
30 330
30 333
30 348
31 59
31 67
31 80
31 98
31 114
31 118
31 130
31 140
31 145
31 151
31 154
31 163
31 173
31 181
31 187
31 189
31 191
31 194
31 197
31 238
31 241
31 244
31 250
31 275
31 285
31 300
31 310
31 337
31 339
40 41
40 42
40 43
40 44
40 45
40 46
40 47
40 48
40 49
40 61
40 63
40 81
40 88
40 89
40 109
40 111
40 141
40 143
40 176
40 184
40 196
40 207
40 232
40 234
40 241
40 245
40 246
40 280
40 288
40 295
40 318
40 332
40 343
40 344
41 42
41 43
41 44
41 45
41 46
41 47
41 48
41 49
41 59
41 62
41 63
41 77
41 112
41 114
41 115
41 119
41 120
41 135
41 144
41 161
41 163
41 171
41 177
41 208
41 230
41 235
41 245
41 269
41 283
41 294
41 302
41 310
41 343
42 43
42 44
42 45
42 46
42 47
42 48
42 49
42 59
42 61
42 63
42 65
42 68
42 71
42 125
42 130
42 148
42 164
42 179
42 201
42 202
42 205
42 215
42 233
42 244
42 252
42 259
42 260
42 262
42 267
42 289
42 294
42 299
42 313
42 334
42 345
43 44
43 45
43 46
43 47
43 48
43 49
43 52
43 53
43 69
43 78
43 79
43 88
43 89
43 97
43 103
43 120
43 148
43 149
43 184
43 200
43 205
43 212
43 241
43 252
43 277
43 297
43 299
43 303
43 312
43 326
43 330
43 334
44 45
44 46
44 47
44 48
44 49
44 52
44 54
44 58
44 65
44 69
44 73
44 75
44 77
44 85
44 108
44 115
44 119
44 124
44 143
44 162
44 163
44 179
44 190
44 194
44 208
44 231
44 235
44 237
44 243
44 244
44 245
44 247
44 251
44 253
44 258
44 261
44 271
44 283
44 290
44 291
44 295
44 307
44 336
44 348
45 46
45 47
45 48
45 49
45 53
45 56
45 58
45 60
45 64
45 68
45 70
45 96
45 104
45 109
45 120
45 129
45 134
45 141
45 189
45 196
45 224
45 236
45 246
45 262
45 265
45 266
45 284
45 289
45 290
45 298
45 312
45 324
45 339
45 346
45 349
46 47
46 48
46 49
46 62
46 65
46 77
46 89
46 95
46 97
46 108
46 120
46 147
46 153
46 159
46 164
46 168
46 202
46 203
46 214
46 221
46 228
46 233
46 235
46 238
46 252
46 256
46 266
46 267
46 268
46 273
46 283
46 306
46 316
46 324
46 349
47 48
47 49
47 55
47 74
47 76
47 83
47 86
47 106
47 107
47 108
47 126
47 139
47 142
47 143
47 152
47 156
47 158
47 164
47 177
47 197
47 204
47 206
47 208
47 209
47 234
47 236
47 253
47 267
47 283
47 302
47 315
47 325
47 336
47 341
48 49
48 51
48 67
48 89
48 98
48 100
48 103
48 108
48 118
48 120
48 139
48 145
48 148
48 158
48 166
48 174
48 197
48 205
48 226
48 227
48 238
48 244
48 270
48 279
48 287
48 296
48 308
48 312
48 315
48 319
48 327
48 341
48 343
48 346
49 60
49 68
49 78
49 80
49 85
49 99
49 102
49 109
49 116
49 117
49 119
49 132
49 141
49 150
49 154
49 164
49 174
49 179
49 186
49 190
49 197
49 216
49 221
49 223
49 228
49 239
49 244
49 266
49 286
49 288
49 296
49 304
49 318
49 320
49 325
49 327
49 334
49 336
50 51
50 52
50 53
50 54
50 55
50 56
50 57
50 58
50 59
50 65
50 85
50 93
50 94
50 118
50 119
50 127
50 129
50 139
50 141
50 144
50 146
50 158
50 167
50 200
50 205
50 210
50 217
50 225
50 227
50 228
50 233
50 268
50 285
50 288
50 304
50 305
50 307
50 311
50 331
50 334
50 336
50 343
50 344
50 345
50 349
51 52
51 53
51 54
51 55
51 56
51 57
51 58
51 59
51 63
51 77
51 79
51 83
51 86
51 90
51 98
51 99
51 107
51 114
51 120
51 128
51 141
51 157
51 184
51 204
51 208
51 226
51 236
51 241
51 246
51 249
51 273
51 275
51 277
51 279
51 301
51 304
51 305
51 312
51 321
51 324
52 53
52 54
52 55
52 56
52 57
52 58
52 59
52 65
52 73
52 79
52 83
52 85
52 86
52 95
52 103
52 109
52 119
52 124
52 147
52 152
52 160
52 169
52 176
52 177
52 178
52 194
52 197
52 199
52 200
52 208
52 209
52 231
52 255
52 263
52 268
52 273
52 274
52 275
52 288
52 304
52 312
52 315
52 324
52 328
52 329
52 336
52 340
52 341
53 54
53 55
53 56
53 57
53 58
53 59
53 66
53 73
53 100
53 113
53 115
53 116
53 118
53 121
53 149
53 152
53 153
53 161
53 167
53 170
53 175
53 177
53 179
53 188
53 207
53 215
53 220
53 233
53 241
53 244
53 248
53 252
53 253
53 274
53 277
53 293
53 295
53 297
53 298
53 304
53 329
53 345
53 346
54 55
54 56
54 57
54 58
54 59
54 61
54 64
54 78
54 92
54 104
54 112
54 113
54 123
54 150
54 182
54 189
54 193
54 195
54 199
54 200
54 217
54 219
54 223
54 249
54 257
54 262
54 267
54 274
54 276
54 280
54 284
54 290
54 300
54 321
54 325
54 327
54 343
55 56
55 57
55 58
55 59
55 89
55 101
55 103
55 109
55 130
55 136
55 146
55 151
55 156
55 176
55 192
55 194
55 204
55 234
55 238
55 240
55 242
55 264
55 287
55 290
55 315
55 322
55 327
55 329
55 330
55 335
55 343
55 344
56 57
56 58
56 59
56 60
56 61
56 67
56 75
56 79
56 133
56 136
56 147
56 159
56 167
56 171
56 183
56 185
56 195
56 198
56 203
56 204
56 205
56 235
56 249
56 250
56 256
56 259
56 287
56 297
56 299
56 308
56 318
57 58
57 59
57 70
57 77
57 80
57 81
57 97
57 102
57 103
57 105
57 107
57 112
57 127
57 130
57 134
57 144
57 148
57 154
57 155
57 188
57 190
57 195
57 199
57 203
57 210
57 215
57 241
57 248
57 267
57 274
57 290
57 292
57 310
57 317
57 327
57 328
57 330
57 332
57 336
57 339
58 59
58 69
58 81
58 82
58 85
58 99
58 103
58 108
58 111
58 116
58 125
58 138
58 142
58 145
58 147
58 150
58 153
58 162
58 174
58 175
58 179
58 181
58 211
58 212
58 221
58 236
58 257
58 279
58 282
58 292
58 297
58 315
58 325
58 347
58 348
59 69
59 73
59 77
59 113
59 116
59 119
59 126
59 130
59 133
59 138
59 149
59 156
59 165
59 179
59 188
59 189
59 194
59 202
59 204
59 209
59 212
59 234
59 247
59 261
59 277
59 281
59 284
59 294
59 323
59 331
59 337
59 344
64 65
64 66
64 67
64 68
64 69
64 60
64 61
64 62
64 63
64 70
64 71
64 73
64 80
64 90
64 93
64 106
64 116
64 119
64 146
64 154
64 158
64 159
64 160
64 179
64 191
64 195
64 204
64 216
64 225
64 239
64 253
64 285
64 293
64 294
64 322
64 348
65 66
65 67
65 68
65 69
65 60
65 61
65 62
65 63
65 82
65 84
65 86
65 94
65 132
65 147
65 163
65 167
65 169
65 180
65 193
65 205
65 206
65 223
65 225
65 235
65 244
65 265
65 268
65 278
65 301
65 303
65 309
65 322
65 331
65 336
66 67
66 68
66 69
66 60
66 61
66 62
66 63
66 73
66 80
66 92
66 96
66 107
66 109
66 118
66 121
66 125
66 131
66 133
66 139
66 154
66 165
66 172
66 177
66 186
66 190
66 197
66 217
66 240
66 241
66 260
66 261
66 264
66 272
66 276
66 303
66 327
66 337
66 340
66 347
66 348
67 68
67 69
67 60
67 61
67 62
67 63
67 73
67 79
67 82
67 87
67 88
67 111
67 113
67 133
67 146
67 148
67 151
67 153
67 154
67 185
67 193
67 207
67 213
67 253
67 268
67 288
67 300
67 305
67 316
67 349
68 69
68 60
68 61
68 62
68 63
68 79
68 82
68 90
68 92
68 96
68 112
68 143
68 165
68 172
68 179
68 195
68 202
68 209
68 244
68 266
68 296
68 316
68 337
68 338
68 339
68 348
69 60
69 61
69 62
69 63
69 76
69 77
69 79
69 81
69 84
69 116
69 122
69 147
69 149
69 156
69 193
69 206
69 215
69 220
69 231
69 233
69 239
69 249
69 265
69 266
69 268
69 279
69 280
69 307
69 344
60 61
60 62
60 63
60 71
60 87
60 91
60 92
60 95
60 108
60 126
60 135
60 151
60 159
60 162
60 165
60 166
60 173
60 176
60 185
60 198
60 224
60 238
60 243
60 248
60 275
60 287
60 288
60 294
60 310
60 334
60 339
60 345
60 347
61 62
61 63
61 74
61 75
61 93
61 97
61 98
61 103
61 106
61 108
61 114
61 126
61 130
61 153
61 155
61 157
61 163
61 173
61 176
61 185
61 190
61 191
61 199
61 206
61 208
61 245
61 246
61 249
61 257
61 262
61 275
61 293
61 315
61 322
61 332
61 338
61 341
61 349
62 63
62 71
62 89
62 90
62 119
62 140
62 145
62 166
62 169
62 178
62 187
62 197
62 199
62 247
62 249
62 253
62 261
62 266
62 274
62 287
62 289
62 299
62 342
62 348
62 349
63 77
63 90
63 109
63 116
63 119
63 120
63 123
63 136
63 147
63 150
63 156
63 165
63 175
63 196
63 199
63 204
63 206
63 212
63 236
63 244
63 254
63 256
63 265
63 267
63 273
63 292
63 309
63 314
63 317
63 330
63 346
70 71
70 72
70 73
70 74
70 75
70 76
70 77
70 78
70 79
70 85
70 94
70 100
70 107
70 121
70 143
70 155
70 164
70 169
70 176
70 195
70 197
70 201
70 204
70 243
70 244
70 246
70 250
70 266
70 307
70 312
70 323
70 331
70 337
70 348
71 72
71 73
71 74
71 75
71 76
71 77
71 78
71 79
71 81
71 87
71 95
71 103
71 125
71 147
71 154
71 155
71 158
71 168
71 175
71 177
71 183
71 196
71 198
71 205
71 221
71 234
71 236
71 237
71 244
71 263
71 269
71 280
71 290
71 294
71 298
71 306
71 311
71 315
71 327
71 334
71 339
71 348
72 73
72 74
72 75
72 76
72 77
72 78
72 79
72 81
72 106
72 112
72 113
72 129
72 135
72 139
72 159
72 203
72 205
72 211
72 214
72 228
72 232
72 260
72 285
72 289
72 290
72 292
72 306
72 312
72 329
72 334
72 335
72 348
73 74
73 75
73 76
73 77
73 78
73 79
73 97
73 103
73 118
73 121
73 136
73 149
73 165
73 176
73 178
73 179
73 190
73 193
73 199
73 203
73 214
73 233
73 251
73 252
73 255
73 266
73 275
73 277
73 283
73 284
73 307
73 332
73 338
74 75
74 76
74 77
74 78
74 79
74 94
74 111
74 146
74 147
74 171
74 175
74 193
74 202
74 227
74 228
74 260
74 263
74 301
74 305
74 307
74 311
74 326
74 334
74 348
75 76
75 77
75 78
75 79
75 88
75 94
75 97
75 105
75 107
75 108
75 116
75 125
75 129
75 152
75 153
75 169
75 189
75 213
75 232
75 239
75 240
75 247
75 254
75 275
75 279
75 297
75 298
75 302
75 322
75 326
75 330
75 332
75 343
76 77
76 78
76 79
76 86
76 88
76 117
76 133
76 136
76 138
76 161
76 167
76 183
76 185
76 199
76 202
76 216
76 225
76 252
76 257
76 267
76 275
76 278
76 280
76 294
76 296
76 307
76 311
76 312
76 331
76 341
76 344
77 78
77 79
77 96
77 108
77 117
77 124
77 145
77 147
77 150
77 152
77 157
77 165
77 183
77 200
77 217
77 226
77 248
77 269
77 314
77 318
77 321
77 322
77 328
77 334
77 341
78 79
78 83
78 88
78 94
78 113
78 117
78 121
78 123
78 130
78 143
78 148
78 155
78 159
78 173
78 202
78 230
78 241
78 256
78 292
78 293
78 301
78 302
78 316
78 325
78 336
78 349
79 86
79 96
79 101
79 105
79 112
79 119
79 121
79 126
79 129
79 133
79 134
79 166
79 170
79 173
79 179
79 190
79 194
79 217
79 220
79 233
79 234
79 245
79 255
79 265
79 267
79 272
79 274
79 292
79 320
79 331
79 343
80 81
80 82
80 83
80 84
80 85
80 86
80 87
80 88
80 89
80 91
80 99
80 123
80 131
80 134
80 150
80 164
80 179
80 184
80 187
80 196
80 207
80 214
80 252
80 267
80 278
80 303
80 304
80 320
80 348
80 349
81 82
81 83
81 84
81 85
81 86
81 87
81 88
81 89
81 95
81 106
81 112
81 115
81 121
81 139
81 140
81 152
81 153
81 154
81 157
81 161
81 170
81 174
81 176
81 196
81 200
81 210
81 215
81 228
81 232
81 251
81 253
81 259
81 279
81 281
81 293
81 294
81 306
81 320
81 327
81 333
81 336
81 338
81 342
82 83
82 84
82 85
82 86
82 87
82 88
82 89
82 114
82 129
82 144
82 147
82 162
82 163
82 168
82 178
82 187
82 190
82 232
82 233
82 261
82 268
82 273
82 278
82 287
82 292
82 299
82 303
82 321
82 324
82 328
82 329
82 333
83 84
83 85
83 86
83 87
83 88
83 89
83 90
83 95
83 98
83 100
83 102
83 111
83 118
83 119
83 139
83 140
83 147
83 149
83 195
83 196
83 206
83 235
83 242
83 249
83 261
83 266
83 268
83 270
83 278
83 289
83 304
83 306
83 328
83 345
83 347
84 85
84 86
84 87
84 88
84 89
84 92
84 99
84 100
84 105
84 113
84 133
84 155
84 166
84 195
84 211
84 222
84 233
84 246
84 249
84 252
84 255
84 269
84 271
84 283
84 291
84 317
84 329
84 335
84 344
85 86
85 87
85 88
85 89
85 90
85 93
85 96
85 118
85 123
85 140
85 168
85 183
85 188
85 198
85 216
85 241
85 269
85 272
85 306
85 331
85 334
86 87
86 88
86 89
86 91
86 97
86 106
86 110
86 116
86 138
86 141
86 173
86 190
86 191
86 199
86 203
86 210
86 211
86 213
86 227
86 232
86 249
86 255
86 266
86 267
86 275
86 289
86 312
86 321
86 324
86 327
86 338
87 88
87 89
87 99
87 106
87 120
87 131
87 155
87 166
87 168
87 171
87 174
87 178
87 180
87 182
87 197
87 206
87 216
87 237
87 238
87 242
87 256
87 264
87 269
87 283
87 286
87 300
87 304
87 310
87 324
87 325
87 327
87 331
87 349
88 89
88 100
88 108
88 116
88 121
88 123
88 131
88 141
88 146
88 149
88 189
88 204
88 213
88 227
88 242
88 246
88 251
88 257
88 275
88 294
88 297
88 304
88 311
88 333
88 340
88 345
89 105
89 112
89 128
89 130
89 137
89 159
89 162
89 163
89 166
89 167
89 171
89 184
89 185
89 195
89 199
89 215
89 217
89 219
89 245
89 250
89 253
89 271
89 283
89 287
89 289
89 306
89 308
89 326
89 329
89 335
89 344
96 97
96 98
96 99
96 90
96 91
96 92
96 93
96 94
96 95
96 108
96 119
96 120
96 122
96 128
96 136
96 143
96 148
96 158
96 183
96 189
96 193
96 218
96 225
96 243
96 249
96 258
96 259
96 273
96 292
96 304
96 308
96 313
96 314
96 326
96 345
97 98
97 99
97 90
97 91
97 92
97 93
97 94
97 95
97 106
97 117
97 129
97 139
97 146
97 155
97 156
97 185
97 188
97 190
97 195
97 197
97 199
97 200
97 207
97 218
97 219
97 229
97 232
97 233
97 235
97 240
97 241
97 246
97 248
97 261
97 274
97 275
97 278
97 281
97 286
97 293
97 294
97 300
97 320
97 322
97 343
97 346
98 99
98 90
98 91
98 92
98 93
98 94
98 95
98 122
98 125
98 139
98 156
98 182
98 191
98 199
98 204
98 221
98 230
98 241
98 246
98 247
98 262
98 265
98 283
98 301
98 307
98 325
98 328
98 333
98 347
99 90
99 91
99 92
99 93
99 94
99 95
99 101
99 108
99 117
99 120
99 149
99 178
99 188
99 189
99 197
99 225
99 226
99 253
99 282
99 312
99 313
99 315
99 331
99 349
90 91
90 92
90 93
90 94
90 95
90 121
90 159
90 175
90 188
90 195
90 197
90 208
90 218
90 221
90 224
90 225
90 234
90 235
90 237
90 247
90 256
90 263
90 284
90 289
90 293
90 295
90 305
90 319
90 335
91 92
91 93
91 94
91 95
91 104
91 120
91 121
91 135
91 137
91 144
91 146
91 152
91 191
91 207
91 228
91 247
91 271
91 317
91 327
91 329
91 333
92 93
92 94
92 95
92 100
92 105
92 108
92 132
92 160
92 181
92 207
92 237
92 240
92 248
92 252
92 257
92 278
92 329
92 334
93 94
93 95
93 101
93 104
93 112
93 117
93 137
93 147
93 160
93 174
93 184
93 192
93 206
93 207
93 222
93 227
93 249
93 261
93 274
93 278
93 284
93 287
93 293
93 294
93 299
93 310
93 312
93 313
93 328
93 346
94 95
94 104
94 105
94 117
94 143
94 173
94 176
94 204
94 220
94 230
94 255
94 259
94 267
94 276
94 280
94 283
94 287
94 312
94 315
94 328
94 331
94 343
95 100
95 105
95 106
95 128
95 131
95 137
95 153
95 160
95 171
95 173
95 175
95 181
95 189
95 195
95 210
95 217
95 223
95 266
95 290
95 291
95 297
95 299
95 300
95 321
95 324
95 338
100 101
100 102
100 103
100 104
100 105
100 106
100 107
100 108
100 109
100 113
100 142
100 146
100 147
100 159
100 161
100 174
100 183
100 207
100 221
100 235
100 247
100 271
100 277
100 299
100 333
101 102
101 103
101 104
101 105
101 106
101 107
101 108
101 109
101 110
101 123
101 156
101 169
101 172
101 173
101 183
101 184
101 199
101 207
101 213
101 214
101 219
101 220
101 226
101 235
101 243
101 258
101 264
101 265
101 283
101 284
101 286
101 288
101 297
101 303
101 314
101 316
101 330
101 338
101 340
101 341
101 347
102 103
102 104
102 105
102 106
102 107
102 108
102 109
102 118
102 144
102 147
102 151
102 165
102 194
102 195
102 203
102 221
102 240
102 245
102 250
102 251
102 257
102 272
102 282
102 288
102 327
102 332
102 346
103 104
103 105
103 106
103 107
103 108
103 109
103 111
103 112
103 115
103 127
103 130
103 133
103 141
103 152
103 164
103 177
103 184
103 198
103 200
103 203
103 207
103 223
103 226
103 229
103 242
103 258
103 260
103 263
103 281
103 287
103 288
103 297
103 310
103 311
103 313
103 315
103 329
103 338
103 339
103 344
104 105
104 106
104 107
104 108
104 109
104 111
104 113
104 116
104 129
104 136
104 142
104 172
104 193
104 206
104 207
104 224
104 242
104 249
104 253
104 260
104 277
104 281
104 302
104 309
104 338
104 340
104 344
104 349
105 106
105 107
105 108
105 109
105 121
105 127
105 130
105 134
105 144
105 160
105 190
105 201
105 205
105 220
105 229
105 237
105 243
105 254
105 256
105 261
105 275
105 315
105 338
105 348
106 107
106 108
106 109
106 112
106 132
106 156
106 158
106 159
106 160
106 164
106 174
106 179
106 202
106 204
106 212
106 238
106 250
106 271
106 295
106 304
106 307
106 311
106 326
106 327
106 337
107 108
107 109
107 111
107 131
107 137
107 146
107 156
107 166
107 175
107 180
107 182
107 196
107 198
107 221
107 230
107 238
107 248
107 254
107 258
107 274
107 282
107 291
107 303
107 306
107 313
107 341
107 347
107 348
108 109
108 139
108 149
108 153
108 201
108 221
108 222
108 223
108 226
108 232
108 235
108 236
108 250
108 270
108 283
108 294
108 305
108 313
108 319
108 322
108 331
108 333
108 335
108 336
108 337
108 343
109 117
109 118
109 124
109 127
109 131
109 143
109 161
109 187
109 190
109 194
109 198
109 204
109 208
109 224
109 226
109 228
109 229
109 234
109 254
109 292
109 313
109 335
109 343
109 344
110 111
110 112
110 113
110 114
110 115
110 116
110 117
110 118
110 119
110 120
110 121
110 141
110 154
110 170
110 176
110 177
110 180
110 181
110 199
110 208
110 226
110 235
110 248
110 256
110 267
110 334
110 339
110 349
111 112
111 113
111 114
111 115
111 116
111 117
111 118
111 119
111 124
111 136
111 149
111 153
111 164
111 166
111 175
111 176
111 179
111 190
111 195
111 202
111 216
111 230
111 235
111 245
111 250
111 265
111 273
111 306
111 308
111 316
111 319
111 320
111 324
111 330
111 334
111 349
112 113
112 114
112 115
112 116
112 117
112 118
112 119
112 132
112 135
112 140
112 159
112 179
112 190
112 215
112 224
112 235
112 242
112 247
112 248
112 256
112 264
112 268
112 269
112 277
112 289
112 291
112 308
112 330
112 333
112 344
113 114
113 115
113 116
113 117
113 118
113 119
113 120
113 129
113 151
113 158
113 170
113 174
113 186
113 210
113 216
113 225
113 229
113 233
113 237
113 248
113 254
113 261
113 290
113 292
113 312
113 313
113 332
113 339
113 344
113 346
114 115
114 116
114 117
114 118
114 119
114 120
114 147
114 157
114 171
114 173
114 186
114 197
114 201
114 203
114 204
114 205
114 208
114 239
114 241
114 247
114 256
114 262
114 264
114 265
114 267
114 285
114 292
114 304
114 308
114 335
115 116
115 117
115 118
115 119
115 135
115 144
115 156
115 165
115 191
115 196
115 201
115 208
115 243
115 245
115 246
115 255
115 263
115 271
115 276
115 287
115 330
115 346
116 117
116 118
116 119
116 127
116 148
116 152
116 170
116 181
116 227
116 238
116 239
116 255
116 270
116 286
116 308
116 311
116 320
116 332
116 340
116 347
117 118
117 119
117 129
117 137
117 140
117 143
117 149
117 163
117 192
117 202
117 216
117 223
117 235
117 254
117 257
117 273
117 274
117 278
117 296
117 312
117 313
117 314
117 321
117 326
117 332
117 339
117 343
118 119
118 125
118 127
118 133
118 142
118 146
118 156
118 189
118 198
118 211
118 216
118 218
118 238
118 251
118 258
118 287
118 289
118 293
118 300
118 302
118 309
118 318
118 321
118 335
118 337
118 349
119 137
119 141
119 150
119 160
119 170
119 174
119 197
119 201
119 224
119 252
119 262
119 263
119 273
119 288
119 297
119 308
119 314
119 322
119 323
119 339
128 129
128 120
128 121
128 122
128 123
128 124
128 125
128 126
128 127
128 147
128 148
128 155
128 174
128 176
128 189
128 200
128 240
128 250
128 253
128 255
128 260
128 268
128 273
128 274
128 296
128 300
128 304
128 308
128 343
128 348
129 120
129 121
129 122
129 123
129 124
129 125
129 126
129 127
129 151
129 159
129 164
129 172
129 189
129 202
129 210
129 213
129 230
129 235
129 240
129 242
129 245
129 247
129 252
129 254
129 258
129 263
129 272
129 283
129 301
129 305
129 309
129 314
129 336
129 337
129 343
120 121
120 122
120 123
120 124
120 125
120 126
120 127
120 154
120 190
120 194
120 264
120 287
120 319
120 324
120 348
121 122
121 123
121 124
121 125
121 126
121 127
121 132
121 134
121 137
121 139
121 161
121 164
121 165
121 195
121 202
121 206
121 213
121 232
121 242
121 243
121 257
121 260
121 271
121 274
121 290
121 304
121 311
121 334
121 336
122 123
122 124
122 125
122 126
122 127
122 130
122 138
122 139
122 162
122 164
122 174
122 176
122 235
122 246
122 257
122 262
122 273
122 288
122 300
122 307
122 310
122 317
122 318
122 333
122 334
122 335
122 341
122 348
122 349
123 124
123 125
123 126
123 127
123 135
123 154
123 155
123 161
123 167
123 168
123 184
123 218
123 230
123 236
123 253
123 274
123 289
123 295
123 299
123 304
123 307
123 308
123 312
123 320
123 322
123 325
123 329
123 331
123 334
123 340
124 125
124 126
124 127
124 131
124 138
124 141
124 158
124 168
124 210
124 219
124 220
124 222
124 225
124 233
124 274
124 289
124 329
124 330
124 336
125 126
125 127
125 168
125 187
125 189
125 199
125 207
125 217
125 220
125 241
125 254
125 262
125 276
125 279
125 284
125 288
125 293
125 304
125 315
126 127
126 150
126 185
126 199
126 212
126 232
126 239
126 245
126 251
126 262
126 265
126 269
126 277
126 280
126 281
126 287
126 299
126 317
126 323
126 329
126 341
126 348
127 138
127 150
127 162
127 171
127 172
127 174
127 184
127 186
127 193
127 201
127 220
127 233
127 239
127 251
127 254
127 258
127 275
127 278
127 281
127 282
127 284
127 293
127 302
127 313
127 319
127 329
127 332
127 334
127 344
130 131
130 132
130 133
130 134
130 135
130 136
130 137
130 138
130 139
130 148
130 149
130 155
130 158
130 159
130 188
130 226
130 233
130 241
130 250
130 260
130 296
130 335
131 132
131 133
131 134
131 135
131 136
131 137
131 138
131 139
131 146
131 165
131 168
131 208
131 209
131 219
131 225
131 244
131 250
131 274
131 295
131 300
131 305
131 308
131 315
131 347
132 133
132 134
132 135
132 136
132 137
132 138
132 139
132 140
132 147
132 156
132 162
132 167
132 170
132 175
132 191
132 195
132 196
132 199
132 201
132 202
132 221
132 222
132 236
132 262
132 269
132 281
132 283
132 289
132 310
132 316
132 322
132 323
132 339
132 341
133 134
133 135
133 136
133 137
133 138
133 139
133 144
133 145
133 166
133 169
133 183
133 193
133 204
133 208
133 212
133 215
133 218
133 219
133 224
133 239
133 253
133 262
133 275
133 281
133 282
133 290
133 332
133 334
133 346
133 348
134 135
134 136
134 137
134 138
134 139
134 147
134 170
134 180
134 197
134 215
134 221
134 223
134 227
134 233
134 237
134 248
134 259
134 279
134 297
134 305
134 314
134 329
134 331
134 346
135 136
135 137
135 138
135 139
135 142
135 146
135 161
135 168
135 181
135 182
135 184
135 198
135 211
135 252
135 273
135 274
135 284
135 297
135 299
135 305
135 313
135 343
135 346
136 137
136 138
136 139
136 180
136 185
136 189
136 196
136 199
136 203
136 210
136 215
136 221
136 227
136 228
136 236
136 266
136 272
136 275
136 282
136 288
136 296
136 301
136 309
136 318
136 348
137 138
137 139
137 146
137 149
137 156
137 175
137 182
137 212
137 215
137 217
137 219
137 221
137 231
137 238
137 244
137 257
137 283
137 289
137 293
137 303
137 305
137 310
137 341
137 348
138 139
138 148
138 155
138 158
138 172
138 177
138 217
138 219
138 240
138 251
138 260
138 270
138 276
138 304
138 307
138 310
138 328
138 334
138 337
138 338
139 152
139 162
139 165
139 170
139 193
139 201
139 207
139 222
139 232
139 241
139 244
139 246
139 256
139 264
139 265
139 281
139 288
139 323
139 325
139 331
139 338
140 141
140 142
140 143
140 144
140 145
140 146
140 147
140 148
140 149
140 181
140 183
140 187
140 208
140 225
140 226
140 235
140 236
140 249
140 272
140 291
140 292
140 296
140 297
140 303
140 313
140 319
140 323
140 334
140 341
140 346
140 347
141 142
141 143
141 144
141 145
141 146
141 147
141 148
141 149
141 151
141 158
141 159
141 160
141 162
141 166
141 168
141 169
141 170
141 184
141 188
141 213
141 214
141 233
141 236
141 239
141 244
141 246
141 247
141 254
141 278
141 284
141 295
141 324
141 328
141 343
142 143
142 144
142 145
142 146
142 147
142 148
142 149
142 165
142 181
142 185
142 188
142 194
142 211
142 223
142 240
142 268
142 279
142 292
142 310
142 337
142 348
143 144
143 145
143 146
143 147
143 148
143 149
143 162
143 178
143 186
143 190
143 200
143 203
143 218
143 226
143 236
143 252
143 257
143 266
143 288
143 304
143 309
143 318
143 319
143 334
143 340
144 145
144 146
144 147
144 148
144 149
144 171
144 202
144 205
144 235
144 238
144 240
144 244
144 245
144 262
144 268
144 274
144 312
144 316
144 317
144 321
144 324
144 342
145 146
145 147
145 148
145 149
145 153
145 159
145 171
145 198
145 205
145 210
145 211
145 213
145 222
145 234
145 239
145 242
145 251
145 261
145 265
145 276
145 287
145 298
145 311
145 315
145 322
145 326
146 147
146 148
146 149
146 155
146 166
146 241
146 243
146 250
146 263
146 272
146 281
146 297
146 306
146 315
146 341
146 343
146 344
146 345
146 347
147 148
147 149
147 153
147 158
147 169
147 176
147 179
147 192
147 231
147 234
147 249
147 254
147 256
147 259
147 266
147 271
147 272
147 276
147 277
147 283
147 290
147 325
147 331
147 333
147 334
148 149
148 153
148 163
148 168
148 257
148 269
148 276
148 285
148 291
148 297
148 298
148 316
148 317
148 328
149 157
149 166
149 171
149 175
149 182
149 188
149 215
149 218
149 282
149 283
149 292
149 312
149 330
149 332
149 333
149 335
150 151
150 152
150 153
150 154
150 155
150 156
150 157
150 158
150 159
150 172
150 204
150 206
150 232
150 238
150 242
150 245
150 247
150 266
150 268
150 277
150 281
150 328
150 330
150 343
151 152
151 153
151 154
151 155
151 156
151 157
151 158
151 159
151 190
151 204
151 207
151 214
151 218
151 233
151 252
151 255
151 265
151 272
151 276
151 279
151 286
151 296
151 304
151 306
151 310
151 313
151 332
151 335
151 344
152 153
152 154
152 155
152 156
152 157
152 158
152 159
152 162
152 174
152 183
152 189
152 190
152 195
152 217
152 225
152 229
152 232
152 233
152 244
152 245
152 258
152 267
152 276
152 277
152 299
152 301
152 322
152 325
152 329
153 154
153 155
153 156
153 157
153 158
153 159
153 171
153 176
153 178
153 208
153 234
153 250
153 266
153 268
153 295
153 310
153 332
154 155
154 156
154 157
154 158
154 159
154 163
154 174
154 186
154 190
154 197
154 215
154 223
154 225
154 226
154 238
154 251
154 253
154 267
154 276
154 281
154 287
154 295
154 313
154 318
154 337
154 339
154 343
155 156
155 157
155 158
155 159
155 169
155 180
155 182
155 192
155 196
155 199
155 204
155 216
155 222
155 260
155 282
155 297
155 302
155 314
155 316
155 321
155 326
155 330
155 337
156 157
156 158
156 159
156 163
156 170
156 175
156 177
156 180
156 185
156 204
156 206
156 213
156 218
156 220
156 227
156 236
156 250
156 290
156 295
156 297
156 304
156 312
156 318
156 334
156 337
156 341
156 348
157 158
157 159
157 161
157 181
157 198
157 218
157 224
157 225
157 236
157 241
157 243
157 277
157 280
157 310
157 337
157 344
158 159
158 160
158 161
158 163
158 172
158 175
158 182
158 186
158 189
158 191
158 193
158 203
158 206
158 212
158 220
158 225
158 249
158 258
158 260
158 278
158 282
158 292
158 299
158 322
158 335
158 338
159 167
159 180
159 197
159 204
159 228
159 232
159 233
159 255
159 260
159 261
159 286
159 290
159 291
159 321
159 322
159 327
159 332
159 347
160 161
160 162
160 163
160 164
160 165
160 166
160 167
160 168
160 169
160 175
160 178
160 186
160 199
160 202
160 208
160 209
160 212
160 221
160 254
160 255
160 256
160 257
160 261
160 288
160 301
160 309
160 324
160 331
160 341
160 344
160 349
161 162
161 163
161 164
161 165
161 166
161 167
161 168
161 169
161 173
161 174
161 188
161 189
161 192
161 193
161 207
161 218
161 238
161 254
161 258
161 264
161 293
161 305
161 307
161 316
161 346
162 163
162 164
162 165
162 166
162 167
162 168
162 169
162 175
162 179
162 197
162 204
162 219
162 241
162 243
162 249
162 278
162 286
162 307
162 313
162 340
162 342
163 164
163 165
163 166
163 167
163 168
163 169
163 172
163 181
163 182
163 202
163 229
163 241
163 260
163 311
163 312
163 324
163 328
163 337
163 346
164 165
164 166
164 167
164 168
164 169
164 183
164 188
164 192
164 202
164 208
164 231
164 236
164 254
164 261
164 270
164 271
164 273
164 276
164 279
164 284
164 303
164 308
164 312
164 330
164 338
164 347
165 166
165 167
165 168
165 169
165 182
165 186
165 189
165 192
165 194
165 203
165 210
165 218
165 226
165 244
165 246
165 254
165 298
165 322
165 325
165 331
165 335
165 336
165 343
166 167
166 168
166 169
166 170
166 178
166 180
166 198
166 219
166 228
166 232
166 239
166 247
166 258
166 267
166 271
166 276
166 279
166 304
166 336
166 343
166 347
167 168
167 169
167 177
167 184
167 198
167 204
167 205
167 217
167 226
167 237
167 245
167 249
167 254
167 258
167 266
167 285
167 291
167 296
167 300
167 306
167 309
167 313
167 327
167 331
168 169
168 172
168 181
168 214
168 253
168 254
168 255
168 256
168 259
168 280
168 287
168 319
168 323
168 330
168 335
168 338
168 342
168 344
169 184
169 208
169 241
169 242
169 251
169 256
169 269
169 275
169 294
169 312
169 327
169 342
170 171
170 172
170 173
170 174
170 175
170 176
170 177
170 178
170 179
170 190
170 204
170 207
170 213
170 214
170 220
170 225
170 258
170 262
170 283
170 292
170 295
170 300
170 301
170 303
170 321
170 323
170 327
171 172
171 173
171 174
171 175
171 176
171 177
171 178
171 179
171 187
171 193
171 195
171 216
171 225
171 246
171 254
171 266
171 275
171 296
171 310
171 318
171 320
171 325
171 328
171 346
172 173
172 174
172 175
172 176
172 177
172 178
172 179
172 185
172 189
172 202
172 203
172 207
172 237
172 249
172 281
172 285
172 287
172 288
172 305
172 309
172 313
172 331
172 332
172 346
173 174
173 175
173 176
173 177
173 178
173 179
173 189
173 194
173 195
173 221
173 222
173 226
173 232
173 235
173 250
173 262
173 272
173 279
173 306
173 309
173 319
173 337
173 339
173 346
174 175
174 176
174 177
174 178
174 179
174 182
174 183
174 203
174 205
174 207
174 209
174 222
174 229
174 243
174 246
174 256
174 273
174 283
174 288
174 295
174 301
174 313
174 316
174 344
174 349
175 176
175 177
175 178
175 179
175 186
175 205
175 238
175 241
175 266
175 273
175 278
175 295
175 301
175 302
175 315
175 316
175 336
175 345
176 177
176 178
176 179
176 192
176 230
176 242
176 258
176 262
176 270
176 272
176 277
176 284
176 287
176 307
176 308
176 317
176 325
176 349
177 178
177 179
177 211
177 222
177 231
177 232
177 233
177 252
177 256
177 303
177 304
177 309
177 312
177 318
177 342
178 179
178 180
178 195
178 196
178 202
178 214
178 227
178 236
178 243
178 264
178 266
178 300
178 305
178 317
178 320
178 327
178 338
179 196
179 206
179 211
179 224
179 232
179 234
179 236
179 237
179 261
179 262
179 266
179 285
179 291
179 303
179 326
179 327
179 341
179 342
180 181
180 182
180 183
180 184
180 185
180 186
180 187
180 188
180 189
180 199
180 214
180 215
180 226
180 243
180 256
180 263
180 267
180 273
180 292
180 311
180 318
180 319
180 340
181 182
181 183
181 184
181 185
181 186
181 187
181 188
181 189
181 193
181 203
181 206
181 209
181 211
181 216
181 217
181 225
181 230
181 260
181 267
181 275
181 277
181 288
181 294
181 308
181 318
181 329
181 331
181 333
182 183
182 184
182 185
182 186
182 187
182 188
182 189
182 190
182 223
182 226
182 233
182 246
182 250
182 257
182 258
182 262
182 276
182 278
182 292
182 299
182 302
182 305
182 322
182 329
182 333
182 345
182 346
182 349
183 184
183 185
183 186
183 187
183 188
183 189
183 192
183 230
183 241
183 250
183 276
183 278
183 280
183 283
183 318
183 327
183 335
184 185
184 186
184 187
184 188
184 189
184 199
184 205
184 219
184 225
184 233
184 239
184 250
184 260
184 261
184 303
184 304
184 312
184 339
185 186
185 187
185 188
185 189
185 239
185 242
185 251
185 265
185 268
185 270
185 287
185 292
185 299
185 310
185 316
185 320
185 325
185 340
186 187
186 188
186 189
186 209
186 214
186 237
186 243
186 245
186 246
186 265
186 279
186 283
186 293
186 297
186 312
186 338
187 188
187 189
187 204
187 213
187 230
187 245
187 264
187 286
187 300
187 310
187 311
187 321
187 322
187 324
187 348
188 189
188 191
188 197
188 228
188 248
188 251
188 256
188 265
188 266
188 274
188 294
188 297
188 303
188 335
188 336
189 197
189 199
189 206
189 212
189 217
189 239
189 245
189 246
189 254
189 288
189 297
189 304
189 320
189 321
189 322
189 326
189 342
192 193
192 194
192 195
192 196
192 197
192 198
192 199
192 190
192 191
192 206
192 210
192 226
192 259
192 265
192 272
192 273
192 275
192 283
192 284
192 308
193 194
193 195
193 196
193 197
193 198
193 199
193 190
193 191
193 200
193 212
193 224
193 225
193 236
193 240
193 250
193 269
193 282
193 293
193 319
193 331
194 195
194 196
194 197
194 198
194 199
194 190
194 191
194 213
194 227
194 237
194 238
194 271
194 294
194 299
194 312
194 319
194 329
194 348
195 196
195 197
195 198
195 199
195 190
195 191
195 200
195 202
195 205
195 213
195 219
195 229
195 236
195 284
195 289
195 293
195 294
195 295
195 338
195 340
195 346
195 349
196 197
196 198
196 199
196 190
196 191
196 216
196 222
196 232
196 234
196 237
196 240
196 243
196 278
196 286
196 296
196 305
196 328
196 336
197 198
197 199
197 190
197 191
197 204
197 213
197 231
197 242
197 244
197 249
197 250
197 264
197 271
197 288
197 315
197 316
197 322
197 329
197 335
197 337
198 199
198 190
198 191
198 208
198 231
198 240
198 243
198 246
198 247
198 251
198 271
198 279
198 284
198 287
198 288
198 307
198 310
198 312
198 317
198 330
198 339
198 342
199 190
199 191
199 205
199 207
199 210
199 223
199 225
199 231
199 245
199 247
199 249
199 254
199 274
199 286
199 306
199 311
199 315
199 323
199 324
199 328
199 333
199 335
199 336
190 191
190 200
190 208
190 211
190 212
190 219
190 236
190 249
190 265
190 277
190 279
190 284
190 291
190 308
190 321
190 345
190 347
191 205
191 207
191 225
191 232
191 243
191 259
191 260
191 275
191 276
191 279
191 296
191 330
191 333
191 338
191 343
200 201
200 202
200 203
200 204
200 205
200 206
200 207
200 208
200 209
200 216
200 217
200 253
200 262
200 290
200 294
200 322
200 346
201 202
201 203
201 204
201 205
201 206
201 207
201 208
201 209
201 235
201 243
201 251
201 260
201 265
201 281
201 283
201 289
201 316
201 317
201 335
202 203
202 204
202 205
202 206
202 207
202 208
202 209
202 229
202 241
202 242
202 247
202 248
202 297
202 298
202 302
202 306
202 311
202 316
202 319
202 327
202 339
203 204
203 205
203 206
203 207
203 208
203 209
203 217
203 232
203 246
203 290
203 302
203 307
203 321
203 324
203 334
203 349
204 205
204 206
204 207
204 208
204 209
204 212
204 220
204 221
204 228
204 241
204 246
204 256
204 263
204 266
204 267
204 272
204 274
204 276
204 281
204 292
204 300
204 301
204 326
204 338
205 206
205 207
205 208
205 209
205 216
205 218
205 232
205 243
205 284
205 311
205 319
205 326
205 327
205 336
206 207
206 208
206 209
206 213
206 215
206 219
206 227
206 233
206 247
206 250
206 281
206 299
206 304
206 317
206 325
207 208
207 209
207 210
207 211
207 212
207 213
207 214
207 223
207 262
207 276
207 278
207 284
207 299
207 320
207 332
207 339
207 342
208 209
208 216
208 239
208 251
208 260
208 265
208 272
208 278
208 279
208 292
208 293
208 297
208 327
208 333
208 340
208 347
209 214
209 242
209 254
209 262
209 267
209 271
209 283
209 293
209 316
209 331
209 332
209 336
210 211
210 212
210 213
210 214
210 215
210 216
210 217
210 218
210 219
210 241
210 251
210 280
210 283
210 292
210 310
210 317
210 324
210 325
210 330
210 331
210 342
210 343
211 212
211 213
211 214
211 215
211 216
211 217
211 218
211 219
211 254
211 266
211 277
211 287
211 293
211 310
211 317
211 332
211 336
211 339
211 340
211 345
211 348
212 213
212 214
212 215
212 216
212 217
212 218
212 219
212 231
212 233
212 251
212 266
212 277
212 278
212 295
212 301
212 311
212 312
212 328
212 340
212 341
212 346
213 214
213 215
213 216
213 217
213 218
213 219
213 231
213 240
213 242
213 247
213 254
213 291
213 296
213 299
213 304
213 309
213 316
213 343
213 344
214 215
214 216
214 217
214 218
214 219
214 225
214 227
214 237
214 238
214 249
214 252
214 266
214 269
214 293
215 216
215 217
215 218
215 219
215 220
215 227
215 229
215 232
215 234
215 236
215 250
215 254
215 255
215 256
215 267
215 284
215 290
215 292
215 293
215 301
215 331
215 333
215 336
216 217
216 218
216 219
216 220
216 236
216 239
216 242
216 244
216 252
216 255
216 257
216 268
216 290
216 307
216 308
216 309
216 325
216 327
216 335
217 218
217 219
217 243
217 260
217 267
217 280
217 284
217 297
217 298
217 310
217 322
217 323
217 326
217 335
218 219
218 231
218 242
218 250
218 261
218 266
218 288
218 296
218 301
218 306
218 312
218 316
218 321
218 322
218 323
218 329
218 332
218 336
218 343
218 349
219 229
219 231
219 232
219 236
219 243
219 266
219 272
219 273
219 277
219 283
219 284
219 289
219 290
219 301
219 304
219 309
219 311
219 335
219 338
219 339
224 225
224 226
224 227
224 228
224 229
224 220
224 221
224 222
224 223
224 249
224 260
224 261
224 262
224 270
224 283
224 288
224 294
224 295
224 300
224 304
224 306
224 310
224 322
224 333
224 339
225 226
225 227
225 228
225 229
225 220
225 221
225 222
225 223
225 234
225 236
225 242
225 248
225 291
225 294
225 299
225 301
225 302
225 303
225 306
225 312
225 315
225 318
225 326
225 327
225 345
226 227
226 228
226 229
226 220
226 221
226 222
226 223
226 242
226 244
226 253
226 265
226 287
226 302
226 305
226 328
226 349
227 228
227 229
227 220
227 221
227 222
227 223
227 232
227 237
227 276
227 278
227 292
227 293
227 305
227 307
227 310
227 315
227 339
227 341
227 349
228 229
228 220
228 221
228 222
228 223
228 232
228 239
228 245
228 246
228 247
228 251
228 260
228 267
228 280
228 281
228 283
228 292
228 298
228 306
228 317
228 320
228 325
228 334
228 337
228 349
229 220
229 221
229 222
229 223
229 253
229 254
229 264
229 268
229 293
229 299
229 311
229 322
229 323
229 327
229 343
220 221
220 222
220 223
220 287
220 289
220 294
220 296
220 297
220 298
220 304
220 312
220 313
220 320
220 330
220 333
220 349
221 222
221 223
221 246
221 257
221 259
221 260
221 266
221 281
221 297
221 307
221 313
221 318
221 319
221 323
221 325
221 335
221 337
221 339
221 347
222 223
222 240
222 242
222 248
222 251
222 273
222 285
222 287
222 307
222 310
222 312
222 324
222 325
222 333
222 340
222 342
223 238
223 242
223 250
223 258
223 266
223 274
223 279
223 280
223 310
223 331
223 334
223 348
230 231
230 232
230 233
230 234
230 235
230 236
230 237
230 238
230 239
230 250
230 255
230 256
230 274
230 282
230 285
230 296
230 297
230 299
230 301
230 314
230 323
230 330
230 339
230 341
230 348
231 232
231 233
231 234
231 235
231 236
231 237
231 238
231 239
231 244
231 246
231 261
231 263
231 276
231 302
231 316
231 328
231 330
231 334
231 336
231 347
232 233
232 234
232 235
232 236
232 237
232 238
232 239
232 263
232 305
232 313
232 334
232 336
232 341
232 349
233 234
233 235
233 236
233 237
233 238
233 239
233 240
233 249
233 262
233 263
233 267
233 273
233 274
233 277
233 285
233 290
233 292
233 299
233 305
233 307
233 308
233 316
233 322
233 328
233 347
234 235
234 236
234 237
234 238
234 239
234 275
234 276
234 280
234 282
234 289
234 290
234 297
234 300
234 312
234 328
234 329
234 342
234 345
234 349
235 236
235 237
235 238
235 239
235 242
235 259
235 266
235 320
235 326
235 341
235 347
236 237
236 238
236 239
236 248
236 282
236 316
236 331
237 238
237 239
237 241
237 250
237 252
237 263
237 280
237 298
237 304
237 317
237 335
237 344
238 239
238 244
238 252
238 263
238 265
238 268
238 273
238 274
238 283
238 296
238 297
238 298
238 299
238 309
238 318
238 320
238 324
238 328
238 331
238 337
238 340
238 342
239 240
239 243
239 246
239 269
239 279
239 288
239 304
239 310
239 313
239 325
239 331
240 241
240 242
240 243
240 244
240 245
240 246
240 247
240 248
240 249
240 258
240 268
240 276
240 298
240 301
240 306
240 339
240 341
241 242
241 243
241 244
241 245
241 246
241 247
241 248
241 249
241 280
241 289
241 297
241 305
241 308
241 309
241 312
241 339
241 342
241 345
241 349
242 243
242 244
242 245
242 246
242 247
242 248
242 249
242 254
242 264
242 266
242 269
242 270
242 274
242 310
242 323
242 324
242 330
242 342
242 348
243 244
243 245
243 246
243 247
243 248
243 249
243 269
243 293
243 303
243 304
243 307
243 315
243 325
243 327
244 245
244 246
244 247
244 248
244 249
244 251
244 273
244 287
244 315
244 342
244 346
245 246
245 247
245 248
245 249
245 261
245 262
245 270
245 272
245 284
245 285
245 286
245 288
245 325
245 327
246 247
246 248
246 249
246 250
246 259
246 269
246 283
246 286
246 302
246 312
246 313
246 314
246 330
246 333
246 341
246 347
247 248
247 249
247 276
247 293
247 296
247 315
247 322
247 325
247 340
247 341
248 249
248 256
248 261
248 264
248 271
248 278
248 280
248 290
248 293
248 297
248 306
248 311
248 315
248 321
248 325
248 336
248 343
248 349
249 256
249 275
249 294
249 298
249 301
249 303
249 310
249 318
249 321
249 326
249 340
249 347
256 257
256 258
256 259
256 250
256 251
256 252
256 253
256 254
256 255
256 273
256 290
256 311
256 327
256 334
256 336
257 258
257 259
257 250
257 251
257 252
257 253
257 254
257 255
257 270
257 280
257 311
257 319
257 320
257 330
257 332
258 259
258 250
258 251
258 252
258 253
258 254
258 255
258 261
258 262
258 263
258 276
258 281
258 285
258 304
258 305
258 310
258 325
258 328
258 330
258 336
258 337
258 340
258 342
259 250
259 251
259 252
259 253
259 254
259 255
259 260
259 261
259 265
259 270
259 274
259 291
259 305
259 321
259 338
259 340
259 347
250 251
250 252
250 253
250 254
250 255
250 264
250 277
250 290
250 292
250 295
250 315
250 316
250 321
250 334
250 344
251 252
251 253
251 254
251 255
251 276
251 286
251 288
251 292
251 331
251 332
251 336
251 342
251 344
251 348
252 253
252 254
252 255
252 298
252 320
252 323
252 334
252 337
252 346
253 254
253 255
253 283
253 286
253 287
253 288
253 292
253 308
253 330
254 255
254 263
254 264
254 266
254 269
254 274
254 305
254 315
254 316
254 319
254 327
254 335
254 343
255 270
255 275
255 277
255 300
255 315
255 334
255 335
255 348
260 261
260 262
260 263
260 264
260 265
260 266
260 267
260 268
260 269
260 270
260 273
260 280
260 296
260 302
260 307
260 324
260 338
261 262
261 263
261 264
261 265
261 266
261 267
261 268
261 269
261 270
261 287
261 294
261 295
261 324
261 326
261 335
261 339
261 343
262 263
262 264
262 265
262 266
262 267
262 268
262 269
262 279
262 283
262 303
262 308
262 343
263 264
263 265
263 266
263 267
263 268
263 269
263 280
263 287
263 317
263 318
263 349
264 265
264 266
264 267
264 268
264 269
264 282
264 288
264 292
264 295
264 299
264 326
264 331
264 339
264 346
264 347
265 266
265 267
265 268
265 269
265 281
265 308
265 328
265 334
265 338
266 267
266 268
266 269
266 280
266 293
266 297
266 301
266 316
266 317
266 320
266 321
266 340
267 268
267 269
267 274
267 279
267 299
267 306
267 311
267 320
267 325
267 337
267 339
267 340
267 346
268 269
268 275
268 283
268 292
268 299
268 305
268 317
268 334
268 339
268 348
269 272
269 283
269 286
269 291
269 312
269 314
269 316
269 318
269 319
269 325
269 337
269 347
270 271
270 272
270 273
270 274
270 275
270 276
270 277
270 278
270 279
270 289
270 290
270 293
270 300
270 312
270 314
270 315
270 337
270 347
270 348
271 272
271 273
271 274
271 275
271 276
271 277
271 278
271 279
271 281
271 284
271 290
271 302
271 307
271 309
271 320
271 327
271 339
271 345
272 273
272 274
272 275
272 276
272 277
272 278
272 279
272 284
272 286
272 294
272 300
272 301
272 316
272 326
272 342
273 274
273 275
273 276
273 277
273 278
273 279
273 305
273 310
273 312
273 337
273 340
273 343
274 275
274 276
274 277
274 278
274 279
274 293
274 304
274 318
274 337
274 341
275 276
275 277
275 278
275 279
275 286
275 295
275 298
275 300
275 304
275 307
275 311
275 312
275 319
275 326
275 327
275 330
275 345
276 277
276 278
276 279
276 282
276 287
276 290
276 314
276 315
276 326
276 331
277 278
277 279
277 292
277 294
277 303
277 305
277 316
277 320
277 322
277 326
277 336
277 345
278 279
278 288
278 293
278 313
278 321
278 338
278 344
279 280
279 281
279 289
279 311
279 317
279 321
279 324
279 341
288 289
288 280
288 281
288 282
288 283
288 284
288 285
288 286
288 287
288 295
288 296
288 306
288 321
289 280
289 281
289 282
289 283
289 284
289 285
289 286
289 287
289 331
289 339
280 281
280 282
280 283
280 284
280 285
280 286
280 287
280 296
280 305
280 314
280 317
280 321
280 327
280 339
281 282
281 283
281 284
281 285
281 286
281 287
281 297
281 303
281 304
281 315
281 317
281 319
281 320
281 324
281 327
281 345
282 283
282 284
282 285
282 286
282 287
282 296
282 311
282 312
282 313
283 284
283 285
283 286
283 287
283 292
283 299
283 318
283 328
283 330
283 332
283 347
284 285
284 286
284 287
284 290
284 294
284 297
284 302
284 306
284 317
284 329
284 336
285 286
285 287
285 303
285 312
285 318
286 287
286 294
286 311
286 318
286 320
286 341
287 290
287 297
287 326
287 327
287 330
287 339
290 291
290 292
290 293
290 294
290 295
290 296
290 297
290 298
290 299
290 304
290 346
291 292
291 293
291 294
291 295
291 296
291 297
291 298
291 299
291 300
291 302
291 305
291 310
291 311
291 333
291 337
291 348
292 293
292 294
292 295
292 296
292 297
292 298
292 299
292 310
292 316
292 337
293 294
293 295
293 296
293 297
293 298
293 299
293 305
293 314
293 324
293 328
293 339
293 341
294 295
294 296
294 297
294 298
294 299
294 327
294 335
294 336
295 296
295 297
295 298
295 299
295 309
295 320
295 329
295 339
295 343
296 297
296 298
296 299
296 301
296 303
296 304
296 334
297 298
297 299
297 309
298 299
298 316
298 318
298 325
298 327
298 335
298 349
300 301
300 302
300 303
300 304
300 305
300 306
300 307
300 308
300 309
300 318
300 319
300 322
300 324
300 328
300 331
300 338
300 340
300 341
301 302
301 303
301 304
301 305
301 306
301 307
301 308
301 309
301 318
301 319
301 347
301 349
302 303
302 304
302 305
302 306
302 307
302 308
302 309
302 310
302 315
302 326
302 348
303 304
303 305
303 306
303 307
303 308
303 309
303 330
304 305
304 306
304 307
304 308
304 309
304 315
304 319
304 330
304 338
305 306
305 307
305 308
305 309
305 310
305 324
306 307
306 308
306 309
306 333
306 338
306 339
307 308
307 309
307 322
307 326
307 330
307 332
307 340
308 309
308 312
308 324
309 329
309 339
309 344
309 346
310 311
310 312
310 313
310 314
310 315
310 316
310 317
310 318
310 319
310 328
310 331
310 338
310 341
311 312
311 313
311 314
311 315
311 316
311 317
311 318
311 319
311 331
311 338
311 340
312 313
312 314
312 315
312 316
312 317
312 318
312 319
312 326
312 329
312 340
312 345
312 349
313 314
313 315
313 316
313 317
313 318
313 319
313 320
313 330
314 315
314 316
314 317
314 318
314 319
314 321
314 327
314 330
314 332
314 345
314 349
315 316
315 317
315 318
315 319
315 330
315 334
316 317
316 318
316 319
317 318
317 319
317 322
317 325
318 319
318 322
319 334
319 347
320 321
320 322
320 323
320 324
320 325
320 326
320 327
320 328
320 329
320 338
320 343
320 344
320 348
321 322
321 323
321 324
321 325
321 326
321 327
321 328
321 329
322 323
322 324
322 325
322 326
322 327
322 328
322 329
322 336
323 324
323 325
323 326
323 327
323 328
323 329
323 339
323 349
324 325
324 326
324 327
324 328
324 329
324 330
324 336
325 326
325 327
325 328
325 329
325 340
325 344
325 345
326 327
326 328
326 329
326 336
326 338
327 328
327 329
327 334
327 340
327 341
327 344
328 329
329 332
329 334
330 331
330 332
330 333
330 334
330 335
330 336
330 337
330 338
330 339
331 332
331 333
331 334
331 335
331 336
331 337
331 338
331 339
332 333
332 334
332 335
332 336
332 337
332 338
332 339
333 334
333 335
333 336
333 337
333 338
333 339
333 341
334 335
334 336
334 337
334 338
334 339
335 336
335 337
335 338
335 339
335 345
335 348
336 337
336 338
336 339
337 338
337 339
338 339
338 346
340 341
340 342
340 343
340 344
340 345
340 346
340 347
340 348
340 349
341 342
341 343
341 344
341 345
341 346
341 347
341 348
341 349
342 343
342 344
342 345
342 346
342 347
342 348
342 349
343 344
343 345
343 346
343 347
343 348
343 349
344 345
344 346
344 347
344 348
344 349
345 346
345 347
345 348
345 349
346 347
346 348
346 349
347 348
347 349
348 349
