# 9651 edges
0 1
0 2
0 3
0 4
0 5
0 6
0 7
0 8
0 9
0 47
0 57
0 63
0 71
0 78
0 91
0 102
0 118
0 121
0 127
0 141
0 146
0 150
0 167
0 168
0 176
0 179
0 184
0 185
0 191
0 192
0 217
0 228
0 240
0 265
0 272
0 280
0 296
0 312
0 372
0 392
0 396
0 399
1 2
1 3
1 4
1 5
1 6
1 7
1 8
1 9
1 16
1 20
1 29
1 39
1 86
1 87
1 104
1 108
1 111
1 117
1 121
1 125
1 134
1 139
1 142
1 160
1 164
1 170
1 176
1 185
1 196
1 201
1 215
1 226
1 230
1 237
1 274
1 280
1 307
1 310
1 327
1 330
1 332
1 340
1 361
1 366
1 381
1 399
2 3
2 4
2 5
2 6
2 7
2 8
2 9
2 11
2 15
2 28
2 34
2 38
2 42
2 47
2 49
2 52
2 54
2 57
2 89
2 118
2 149
2 156
2 176
2 193
2 216
2 219
2 230
2 238
2 246
2 283
2 291
2 307
2 310
2 311
2 321
2 329
2 331
2 333
2 334
2 367
2 381
2 386
2 394
3 4
3 5
3 6
3 7
3 8
3 9
3 32
3 41
3 64
3 69
3 78
3 96
3 102
3 109
3 128
3 132
3 140
3 141
3 157
3 172
3 192
3 197
3 199
3 202
3 204
3 210
3 239
3 272
3 276
3 299
3 302
3 309
3 328
3 345
3 354
3 359
3 365
3 379
3 385
3 391
3 395
4 5
4 6
4 7
4 8
4 9
4 13
4 41
4 62
4 69
4 80
4 93
4 101
4 131
4 147
4 149
4 154
4 168
4 187
4 193
4 204
4 208
4 212
4 222
4 225
4 227
4 238
4 253
4 273
4 278
4 286
4 288
4 291
4 294
4 296
4 314
4 324
4 327
4 339
4 343
4 347
4 353
4 356
4 357
4 361
4 380
4 395
4 399
5 6
5 7
5 8
5 9
5 14
5 15
5 16
5 18
5 26
5 27
5 36
5 49
5 51
5 78
5 83
5 84
5 91
5 96
5 106
5 108
5 116
5 122
5 125
5 130
5 158
5 192
5 196
5 201
5 203
5 215
5 219
5 228
5 234
5 243
5 244
5 249
5 255
5 264
5 274
5 307
5 313
5 343
5 362
5 374
5 376
5 384
5 388
5 397
6 7
6 8
6 9
6 21
6 40
6 42
6 61
6 62
6 67
6 73
6 81
6 86
6 95
6 102
6 113
6 118
6 163
6 184
6 188
6 192
6 194
6 199
6 219
6 223
6 227
6 231
6 239
6 244
6 265
6 266
6 287
6 290
6 307
6 312
6 333
6 336
6 337
6 391
6 394
7 8
7 9
7 42
7 62
7 70
7 76
7 100
7 101
7 103
7 112
7 126
7 128
7 150
7 155
7 161
7 179
7 189
7 192
7 199
7 204
7 230
7 234
7 237
7 256
7 272
7 277
7 281
7 292
7 308
7 310
7 318
7 322
7 326
7 335
7 356
7 357
7 361
7 363
7 368
7 372
7 384
7 386
7 393
7 397
8 9
8 11
8 17
8 28
8 47
8 51
8 53
8 65
8 68
8 85
8 99
8 106
8 107
8 110
8 112
8 133
8 146
8 169
8 177
8 193
8 202
8 208
8 219
8 220
8 224
8 231
8 235
8 236
8 269
8 273
8 283
8 340
8 341
8 345
8 355
8 356
8 357
8 358
8 366
8 373
8 381
8 382
8 388
8 395
9 22
9 36
9 44
9 46
9 60
9 90
9 128
9 134
9 144
9 184
9 189
9 191
9 208
9 211
9 216
9 248
9 253
9 268
9 276
9 292
9 300
9 324
9 333
9 338
9 342
9 373
9 388
9 392
9 395
9 398
10 11
10 12
10 13
10 14
10 15
10 16
10 17
10 18
10 19
10 22
10 31
10 62
10 75
10 79
10 80
10 83
10 111
10 113
10 114
10 128
10 129
10 144
10 145
10 146
10 150
10 158
10 172
10 174
10 184
10 202
10 209
10 217
10 246
10 247
10 253
10 257
10 263
10 267
10 271
10 308
10 318
10 337
10 345
10 355
10 364
10 385
10 389
10 391
10 393
11 12
11 13
11 14
11 15
11 16
11 17
11 18
11 19
11 40
11 47
11 55
11 61
11 68
11 88
11 92
11 102
11 138
11 148
11 149
11 186
11 187
11 189
11 193
11 196
11 202
11 209
11 214
11 216
11 218
11 222
11 227
11 230
11 235
11 245
11 251
11 264
11 268
11 277
11 287
11 306
11 307
11 309
11 316
11 323
11 330
11 337
11 356
11 363
11 369
11 371
11 372
11 374
11 376
11 390
11 399
12 13
12 14
12 15
12 16
12 17
12 18
12 19
12 57
12 60
12 61
12 99
12 116
12 120
12 126
12 130
12 140
12 145
12 165
12 174
12 176
12 181
12 198
12 229
12 237
12 253
12 265
12 283
12 285
12 286
12 291
12 322
12 349
12 350
12 351
12 352
12 356
12 367
12 372
12 374
12 379
13 14
13 15
13 16
13 17
13 18
13 19
13 35
13 77
13 94
13 100
13 101
13 106
13 131
13 141
13 150
13 151
13 157
13 160
13 171
13 175
13 177
13 180
13 196
13 202
13 204
13 212
13 228
13 235
13 238
13 242
13 278
13 292
13 312
13 315
13 318
13 325
13 328
13 334
13 335
13 342
13 368
13 380
13 389
13 394
13 395
13 396
14 15
14 16
14 17
14 18
14 19
14 31
14 33
14 39
14 44
14 46
14 62
14 88
14 106
14 115
14 124
14 144
14 157
14 169
14 171
14 173
14 197
14 214
14 235
14 237
14 241
14 251
14 255
14 282
14 283
14 299
14 316
14 342
14 349
14 382
14 389
14 393
15 16
15 17
15 18
15 19
15 39
15 42
15 47
15 48
15 91
15 92
15 98
15 99
15 102
15 115
15 117
15 118
15 127
15 143
15 148
15 152
15 159
15 178
15 186
15 216
15 249
15 256
15 257
15 282
15 286
15 288
15 316
15 319
15 342
15 346
15 348
15 363
15 367
15 372
15 379
15 386
15 395
16 17
16 18
16 19
16 24
16 25
16 27
16 33
16 36
16 44
16 48
16 52
16 58
16 83
16 87
16 90
16 105
16 107
16 116
16 125
16 126
16 127
16 129
16 130
16 143
16 145
16 156
16 160
16 179
16 187
16 205
16 208
16 215
16 217
16 223
16 227
16 233
16 234
16 236
16 243
16 264
16 273
16 275
16 286
16 302
16 316
16 326
16 329
16 334
16 358
16 370
16 375
16 378
16 379
16 381
16 398
17 18
17 19
17 25
17 44
17 51
17 57
17 100
17 102
17 107
17 110
17 114
17 118
17 136
17 140
17 151
17 176
17 181
17 195
17 199
17 214
17 223
17 226
17 229
17 249
17 259
17 295
17 303
17 306
17 320
17 324
17 325
17 331
17 398
18 19
18 22
18 23
18 43
18 44
18 63
18 65
18 74
18 81
18 99
18 102
18 110
18 129
18 143
18 153
18 190
18 267
18 279
18 280
18 347
18 363
18 365
18 367
18 374
18 375
18 377
18 382
18 383
18 388
19 20
19 37
19 39
19 41
19 64
19 79
19 92
19 130
19 150
19 157
19 178
19 199
19 208
19 209
19 218
19 256
19 264
19 270
19 308
19 323
19 336
19 340
19 352
19 365
19 373
19 377
19 379
19 383
20 21
20 22
20 23
20 24
20 25
20 26
20 27
20 28
20 29
20 32
20 48
20 63
20 67
20 73
20 76
20 95
20 98
20 105
20 109
20 115
20 117
20 122
20 124
20 125
20 143
20 147
20 153
20 154
20 157
20 158
20 163
20 172
20 175
20 193
20 194
20 200
20 201
20 202
20 219
20 227
20 230
20 248
20 270
20 278
20 280
20 300
20 304
20 315
20 316
20 327
20 347
20 358
20 359
20 360
20 361
20 365
20 371
20 381
21 22
21 23
21 24
21 25
21 26
21 27
21 28
21 29
21 42
21 56
21 61
21 67
21 72
21 77
21 92
21 98
21 102
21 105
21 112
21 113
21 118
21 121
21 122
21 146
21 150
21 161
21 164
21 184
21 204
21 206
21 238
21 250
21 251
21 268
21 283
21 297
21 298
21 303
21 311
21 344
21 350
21 365
21 371
21 374
21 387
22 23
22 24
22 25
22 26
22 27
22 28
22 29
22 33
22 57
22 63
22 69
22 85
22 88
22 90
22 91
22 93
22 100
22 103
22 105
22 107
22 114
22 125
22 135
22 139
22 144
22 148
22 165
22 169
22 175
22 179
22 181
22 183
22 186
22 190
22 201
22 208
22 212
22 217
22 225
22 227
22 240
22 260
22 264
22 287
22 288
22 290
22 291
22 298
22 308
22 317
22 318
22 324
22 333
22 338
22 344
22 357
22 364
22 367
22 387
22 397
22 399
23 24
23 25
23 26
23 27
23 28
23 29
23 41
23 59
23 81
23 94
23 104
23 108
23 116
23 119
23 122
23 139
23 143
23 148
23 156
23 168
23 182
23 188
23 189
23 200
23 208
23 215
23 217
23 255
23 267
23 280
23 298
23 301
23 314
23 322
23 340
23 341
23 343
23 350
23 355
23 358
23 364
23 365
23 370
23 379
23 385
23 386
24 25
24 26
24 27
24 28
24 29
24 33
24 42
24 43
24 66
24 71
24 77
24 109
24 112
24 115
24 140
24 153
24 166
24 173
24 186
24 194
24 195
24 221
24 229
24 234
24 235
24 260
24 265
24 270
24 284
24 293
24 304
24 306
24 331
24 339
24 354
24 373
24 374
24 390
24 395
25 26
25 27
25 28
25 29
25 35
25 41
25 43
25 55
25 65
25 70
25 80
25 87
25 105
25 108
25 109
25 112
25 118
25 130
25 134
25 143
25 148
25 151
25 164
25 172
25 188
25 195
25 202
25 207
25 209
25 217
25 222
25 234
25 235
25 240
25 257
25 277
25 283
25 285
25 288
25 291
25 297
25 303
25 304
25 306
25 328
25 333
25 338
25 353
25 354
25 365
25 397
26 27
26 28
26 29
26 39
26 63
26 71
26 80
26 86
26 115
26 128
26 133
26 167
26 169
26 179
26 182
26 183
26 191
26 198
26 202
26 208
26 210
26 219
26 231
26 238
26 266
26 272
26 281
26 300
26 303
26 318
26 339
26 347
26 360
26 378
26 394
26 398
27 28
27 29
27 40
27 50
27 55
27 61
27 64
27 73
27 83
27 91
27 97
27 99
27 101
27 104
27 107
27 148
27 151
27 154
27 160
27 185
27 195
27 210
27 220
27 247
27 249
27 267
27 277
27 278
27 284
27 286
27 289
27 296
27 329
27 333
27 369
27 376
27 378
27 379
27 389
27 399
28 29
28 62
28 82
28 96
28 101
28 102
28 139
28 145
28 169
28 178
28 187
28 201
28 205
28 206
28 208
28 211
28 224
28 225
28 231
28 238
28 244
28 246
28 253
28 257
28 263
28 267
28 268
28 273
28 276
28 285
28 289
28 290
28 292
28 303
28 315
28 326
28 355
28 361
28 364
28 369
28 378
28 388
29 45
29 55
29 62
29 64
29 80
29 93
29 99
29 119
29 136
29 143
29 144
29 149
29 159
29 162
29 172
29 216
29 221
29 232
29 251
29 252
29 264
29 288
29 303
29 310
29 316
29 323
29 335
29 337
29 352
29 364
29 386
29 389
29 393
32 33
32 34
32 35
32 36
32 37
32 38
32 39
32 30
32 31
32 43
32 54
32 78
32 79
32 85
32 88
32 98
32 103
32 107
32 112
32 117
32 120
32 124
32 139
32 143
32 155
32 159
32 181
32 190
32 198
32 199
32 203
32 229
32 239
32 245
32 253
32 255
32 265
32 291
32 292
32 336
32 337
32 341
32 350
32 360
32 367
32 372
32 385
32 393
33 34
33 35
33 36
33 37
33 38
33 39
33 30
33 31
33 46
33 51
33 53
33 77
33 89
33 118
33 120
33 122
33 126
33 152
33 174
33 184
33 190
33 200
33 203
33 224
33 227
33 232
33 237
33 254
33 255
33 280
33 304
33 318
33 322
33 331
33 337
33 341
33 342
33 372
33 378
33 384
34 35
34 36
34 37
34 38
34 39
34 30
34 31
34 48
34 52
34 53
34 59
34 63
34 121
34 124
34 134
34 136
34 137
34 144
34 149
34 150
34 175
34 178
34 179
34 211
34 213
34 231
34 238
34 239
34 259
34 261
34 291
34 293
34 326
34 334
34 346
34 357
34 382
34 384
34 391
34 395
34 396
35 36
35 37
35 38
35 39
35 30
35 31
35 70
35 78
35 85
35 108
35 122
35 133
35 134
35 149
35 152
35 153
35 167
35 202
35 204
35 205
35 209
35 210
35 225
35 234
35 251
35 253
35 261
35 267
35 298
35 320
35 325
35 335
35 359
35 373
35 384
35 392
36 37
36 38
36 39
36 30
36 31
36 40
36 73
36 89
36 91
36 93
36 95
36 98
36 101
36 155
36 160
36 178
36 194
36 209
36 231
36 232
36 235
36 245
36 263
36 274
36 282
36 289
36 290
36 292
36 297
36 319
36 324
36 329
36 343
36 364
36 375
36 382
36 383
36 399
37 38
37 39
37 30
37 31
37 48
37 49
37 58
37 59
37 67
37 73
37 90
37 118
37 119
37 154
37 170
37 175
37 182
37 211
37 222
37 247
37 267
37 269
37 273
37 282
37 296
37 300
37 304
37 322
37 324
37 328
37 335
37 339
37 343
37 345
37 347
37 355
37 378
37 385
37 389
37 394
38 39
38 30
38 31
38 53
38 72
38 73
38 89
38 100
38 104
38 118
38 141
38 145
38 147
38 153
38 154
38 155
38 157
38 161
38 163
38 168
38 171
38 181
38 193
38 200
38 201
38 205
38 217
38 246
38 258
38 263
38 266
38 268
38 270
38 274
38 278
38 280
38 306
38 314
38 319
38 330
38 339
38 344
38 351
38 399
39 30
39 31
39 46
39 74
39 86
39 96
39 112
39 115
39 116
39 134
39 139
39 140
39 148
39 162
39 174
39 189
39 196
39 199
39 212
39 215
39 227
39 239
39 245
39 247
39 258
39 270
39 297
39 303
39 309
39 314
39 318
39 352
39 353
39 364
39 371
39 378
39 383
39 385
39 388
30 31
30 76
30 90
30 108
30 112
30 116
30 129
30 152
30 175
30 181
30 192
30 198
30 204
30 218
30 223
30 230
30 236
30 273
30 294
30 299
30 301
30 306
30 312
30 334
30 345
30 348
30 350
30 352
30 359
30 382
30 392
30 397
31 44
31 61
31 80
31 83
31 89
31 96
31 97
31 122
31 124
31 129
31 150
31 154
31 159
31 208
31 215
31 219
31 222
31 223
31 234
31 244
31 254
31 258
31 266
31 291
31 294
31 306
31 321
31 322
31 340
31 341
31 354
31 368
31 372
31 377
31 390
31 392
31 399
40 41
40 42
40 43
40 44
40 45
40 46
40 47
40 48
40 49
40 52
40 56
40 66
40 67
40 68
40 73
40 83
40 106
40 116
40 124
40 149
40 155
40 174
40 176
40 183
40 186
40 206
40 207
40 208
40 226
40 239
40 242
40 243
40 252
40 256
40 258
40 264
40 277
40 297
40 304
40 306
40 308
40 309
40 334
40 336
40 353
40 367
40 383
41 42
41 43
41 44
41 45
41 46
41 47
41 48
41 49
41 52
41 65
41 75
41 86
41 91
41 101
41 117
41 139
41 148
41 150
41 153
41 158
41 168
41 170
41 189
41 195
41 198
41 208
41 216
41 224
41 247
41 255
41 276
41 277
41 288
41 294
41 320
41 329
41 337
41 346
41 358
41 362
41 365
41 369
41 377
41 391
41 393
41 396
42 43
42 44
42 45
42 46
42 47
42 48
42 49
42 60
42 68
42 78
42 80
42 85
42 99
42 102
42 109
42 116
42 117
42 119
42 132
42 141
42 150
42 154
42 164
42 174
42 179
42 186
42 190
42 197
42 216
42 221
42 223
42 228
42 239
42 244
42 266
42 286
42 288
42 296
42 304
42 318
42 320
42 325
42 327
42 334
42 336
42 355
42 375
42 383
42 384
43 44
43 45
43 46
43 47
43 48
43 49
43 58
43 59
43 67
43 69
43 79
43 81
43 84
43 86
43 98
43 107
43 140
43 145
43 150
43 157
43 165
43 167
43 168
43 173
43 208
43 225
43 228
43 244
43 245
43 247
43 251
43 271
43 274
43 276
43 283
43 284
43 285
43 289
43 293
43 307
43 309
43 313
43 316
43 320
43 328
43 329
43 337
43 344
43 350
43 358
43 371
43 387
44 45
44 46
44 47
44 48
44 49
44 64
44 84
44 88
44 106
44 116
44 121
44 126
44 129
44 153
44 155
44 157
44 159
44 181
44 184
44 185
44 192
44 201
44 204
44 235
44 243
44 249
44 253
44 255
44 256
44 265
44 273
44 279
44 289
44 294
44 317
44 322
44 330
44 339
44 346
44 347
44 348
44 364
44 367
44 369
44 370
44 378
44 379
45 46
45 47
45 48
45 49
45 51
45 75
45 83
45 88
45 93
45 94
45 95
45 108
45 124
45 132
45 135
45 144
45 148
45 149
45 156
45 160
45 161
45 176
45 183
45 210
45 223
45 225
45 226
45 228
45 231
45 259
45 262
45 263
45 271
45 277
45 280
45 285
45 287
45 289
45 298
45 317
45 325
45 330
45 343
45 351
45 354
45 358
45 362
45 363
45 384
45 387
46 47
46 48
46 49
46 53
46 55
46 57
46 58
46 64
46 89
46 105
46 106
46 111
46 114
46 128
46 142
46 154
46 162
46 163
46 173
46 200
46 232
46 239
46 243
46 245
46 249
46 250
46 267
46 269
46 273
46 299
46 307
46 312
46 317
46 324
46 326
46 330
46 334
46 340
46 350
46 371
46 375
46 377
46 393
47 48
47 49
47 79
47 91
47 93
47 99
47 120
47 126
47 136
47 141
47 146
47 166
47 182
47 184
47 194
47 224
47 228
47 230
47 232
47 254
47 277
47 280
47 305
47 312
47 317
47 319
47 320
47 325
47 333
47 334
47 340
47 341
47 347
47 355
47 359
48 49
48 63
48 66
48 77
48 89
48 97
48 101
48 113
48 115
48 125
48 128
48 133
48 134
48 135
48 165
48 179
48 180
48 186
48 189
48 217
48 227
48 229
48 238
48 248
48 290
48 297
48 300
48 301
48 317
48 322
48 323
48 325
48 327
48 332
48 347
48 350
48 354
48 364
48 368
48 374
48 375
49 58
49 60
49 65
49 69
49 73
49 80
49 85
49 111
49 118
49 137
49 144
49 160
49 162
49 180
49 187
49 197
49 198
49 200
49 202
49 206
49 209
49 229
49 241
49 242
49 245
49 259
49 263
49 268
49 271
49 276
49 285
49 298
49 302
49 305
49 307
49 310
49 313
49 322
49 334
49 335
49 339
49 341
49 371
49 372
49 381
49 396
50 51
50 52
50 53
50 54
50 55
50 56
50 57
50 58
50 59
50 77
50 99
50 102
50 112
50 117
50 135
50 145
50 167
50 168
50 179
50 183
50 187
50 223
50 226
50 229
50 236
50 240
50 243
50 248
50 259
50 266
50 275
50 289
50 298
50 299
50 304
50 312
50 314
50 319
50 322
50 344
50 357
50 371
50 387
50 391
50 394
51 52
51 53
51 54
51 55
51 56
51 57
51 58
51 59
51 64
51 93
51 101
51 107
51 114
51 121
51 137
51 141
51 142
51 145
51 158
51 176
51 185
51 201
51 209
51 212
51 215
51 216
51 223
51 226
51 235
51 248
51 274
51 288
51 293
51 298
51 325
51 337
51 338
51 344
51 360
51 384
51 389
51 395
51 397
52 53
52 54
52 55
52 56
52 57
52 58
52 59
52 64
52 65
52 83
52 87
52 88
52 93
52 96
52 98
52 104
52 116
52 120
52 143
52 145
52 147
52 153
52 163
52 166
52 175
52 180
52 181
52 189
52 196
52 198
52 235
52 236
52 239
52 247
52 252
52 265
52 283
52 305
52 312
52 322
52 328
52 331
52 339
52 341
52 359
52 360
52 389
53 54
53 55
53 56
53 57
53 58
53 59
53 70
53 75
53 96
53 99
53 108
53 117
53 127
53 129
53 177
53 179
53 183
53 191
53 196
53 204
53 217
53 219
53 229
53 272
53 278
53 279
53 287
53 300
53 319
53 326
53 329
53 330
53 333
53 346
53 357
53 360
53 366
53 375
53 385
54 55
54 56
54 57
54 58
54 59
54 66
54 69
54 74
54 76
54 82
54 106
54 114
54 124
54 126
54 135
54 137
54 143
54 162
54 179
54 184
54 187
54 200
54 216
54 220
54 221
54 223
54 230
54 240
54 243
54 256
54 266
54 269
54 296
54 304
54 308
54 309
54 310
54 329
54 341
54 345
54 354
54 366
54 375
54 389
55 56
55 57
55 58
55 59
55 63
55 95
55 103
55 104
55 132
55 158
55 172
55 174
55 176
55 184
55 222
55 237
55 253
55 257
55 259
55 270
55 283
55 295
55 296
55 313
55 315
55 325
55 334
55 355
55 358
55 368
55 391
55 393
55 399
56 57
56 58
56 59
56 72
56 81
56 86
56 103
56 110
56 122
56 126
56 137
56 139
56 148
56 151
56 155
56 161
56 163
56 169
56 184
56 195
56 202
56 207
56 216
56 220
56 227
56 247
56 270
56 271
56 290
56 291
56 294
56 302
56 306
56 333
56 357
56 367
56 370
56 377
56 378
56 383
56 389
56 392
56 397
56 398
57 58
57 59
57 81
57 83
57 103
57 116
57 118
57 121
57 123
57 124
57 155
57 163
57 177
57 183
57 223
57 238
57 258
57 270
57 275
57 286
57 319
57 329
57 332
57 340
57 342
57 346
57 362
57 393
58 59
58 75
58 82
58 89
58 105
58 112
58 119
58 154
58 176
58 206
58 226
58 247
58 248
58 249
58 258
58 266
58 267
58 269
58 271
58 274
58 306
58 312
58 337
58 339
58 346
58 383
58 396
59 65
59 70
59 81
59 83
59 89
59 99
59 115
59 116
59 118
59 129
59 130
59 157
59 194
59 205
59 214
59 220
59 227
59 241
59 263
59 275
59 284
59 289
59 296
59 315
59 317
59 321
59 324
59 363
59 364
59 366
59 370
59 386
64 65
64 66
64 67
64 68
64 69
64 60
64 61
64 62
64 63
64 74
64 95
64 99
64 117
64 118
64 122
64 142
64 146
64 150
64 152
64 163
64 176
64 178
64 207
64 223
64 226
64 228
64 251
64 257
64 273
64 275
64 289
64 292
64 306
64 315
64 342
64 347
64 357
64 365
64 368
64 370
64 384
64 386
64 397
65 66
65 67
65 68
65 69
65 60
65 61
65 62
65 63
65 71
65 72
65 91
65 101
65 104
65 126
65 138
65 147
65 154
65 175
65 177
65 180
65 182
65 187
65 195
65 213
65 230
65 247
65 256
65 278
65 299
65 344
65 348
65 351
65 352
65 358
65 364
65 371
65 383
65 388
65 394
66 67
66 68
66 69
66 60
66 61
66 62
66 63
66 83
66 87
66 91
66 93
66 100
66 113
66 118
66 125
66 129
66 143
66 172
66 200
66 211
66 226
66 262
66 263
66 271
66 272
66 286
66 295
66 306
66 319
66 326
66 336
66 341
66 345
66 352
66 359
66 361
66 366
66 369
66 373
66 374
67 68
67 69
67 60
67 61
67 62
67 63
67 76
67 80
67 83
67 89
67 100
67 104
67 127
67 130
67 143
67 144
67 155
67 165
67 175
67 177
67 182
67 184
67 202
67 230
67 241
67 253
67 261
67 269
67 293
67 301
67 304
67 320
67 334
67 349
67 354
67 357
67 366
67 377
67 384
68 69
68 60
68 61
68 62
68 63
68 92
68 107
68 118
68 143
68 144
68 160
68 188
68 189
68 195
68 206
68 212
68 215
68 221
68 239
68 240
68 252
68 253
68 254
68 257
68 261
68 270
68 274
68 276
68 296
68 300
68 310
68 315
68 328
68 332
68 351
68 353
68 359
68 379
68 381
68 393
68 394
69 60
69 61
69 62
69 63
69 76
69 90
69 97
69 103
69 106
69 108
69 112
69 144
69 159
69 174
69 177
69 192
69 193
69 198
69 208
69 217
69 220
69 262
69 263
69 291
69 298
69 303
69 308
69 317
69 322
69 329
69 333
69 351
69 354
69 358
69 359
69 363
69 380
69 385
69 388
69 390
69 392
60 61
60 62
60 63
60 97
60 102
60 113
60 121
60 127
60 138
60 141
60 147
60 155
60 163
60 185
60 207
60 214
60 215
60 218
60 228
60 235
60 237
60 243
60 256
60 258
60 265
60 281
60 294
60 296
60 297
60 304
60 323
60 329
60 340
60 350
60 354
60 358
60 366
60 371
60 375
60 387
60 394
60 399
61 62
61 63
61 78
61 81
61 106
61 112
61 113
61 129
61 135
61 139
61 159
61 203
61 205
61 211
61 214
61 228
61 232
61 260
61 285
61 289
61 290
61 292
61 306
61 312
61 329
61 334
61 335
61 348
61 367
61 373
61 388
61 391
62 63
62 76
62 89
62 105
62 116
62 118
62 119
62 130
62 133
62 139
62 143
62 154
62 173
62 191
62 192
62 195
62 206
62 215
62 217
62 223
62 224
62 247
62 272
62 278
62 304
62 321
62 356
62 357
62 381
62 385
63 73
63 82
63 107
63 108
63 140
63 143
63 181
63 185
63 187
63 191
63 206
63 214
63 228
63 238
63 244
63 247
63 255
63 257
63 258
63 266
63 275
63 279
63 302
63 303
63 319
63 339
63 363
63 382
63 389
63 390
63 397
70 71
70 72
70 73
70 74
70 75
70 76
70 77
70 78
70 79
70 81
70 88
70 89
70 109
70 110
70 117
70 119
70 165
70 166
70 176
70 205
70 212
70 219
70 231
70 236
70 238
70 240
70 248
70 259
70 274
70 276
70 298
70 315
70 317
70 322
70 329
70 330
70 335
70 343
70 363
70 385
70 396
71 72
71 73
71 74
71 75
71 76
71 77
71 78
71 79
71 105
71 121
71 132
71 143
71 156
71 159
71 162
71 165
71 179
71 181
71 193
71 201
71 227
71 239
71 245
71 254
71 260
71 263
71 266
71 288
71 293
71 310
71 338
71 353
71 358
71 368
71 386
72 73
72 74
72 75
72 76
72 77
72 78
72 79
72 91
72 119
72 122
72 156
72 181
72 184
72 201
72 207
72 216
72 220
72 226
72 248
72 251
72 283
72 300
72 301
72 309
72 313
72 320
72 321
72 323
72 337
72 342
72 359
72 365
72 376
72 377
72 385
72 399
73 74
73 75
73 76
73 77
73 78
73 79
73 102
73 111
73 114
73 117
73 128
73 149
73 156
73 170
73 181
73 205
73 216
73 218
73 221
73 224
73 228
73 230
73 232
73 247
73 256
73 266
73 287
73 288
73 292
73 306
73 314
73 319
73 333
73 336
73 350
73 354
73 360
73 374
73 375
73 377
73 381
73 399
74 75
74 76
74 77
74 78
74 79
74 90
74 98
74 106
74 111
74 113
74 121
74 131
74 136
74 139
74 179
74 194
74 203
74 217
74 232
74 236
74 241
74 247
74 265
74 284
74 287
74 294
74 301
74 323
74 330
74 335
74 355
74 362
74 378
74 380
74 387
75 76
75 77
75 78
75 79
75 89
75 92
75 93
75 96
75 97
75 101
75 114
75 115
75 125
75 129
75 145
75 147
75 149
75 175
75 180
75 183
75 201
75 213
75 217
75 219
75 236
75 238
75 256
75 259
75 265
75 274
75 301
75 339
75 355
75 368
75 375
75 377
75 388
75 398
76 77
76 78
76 79
76 81
76 84
76 85
76 94
76 95
76 97
76 107
76 116
76 123
76 144
76 149
76 153
76 155
76 165
76 179
76 195
76 214
76 230
76 231
76 245
76 247
76 254
76 256
76 262
76 301
76 317
76 338
76 357
76 381
77 78
77 79
77 107
77 117
77 119
77 123
77 140
77 145
77 148
77 172
77 200
77 221
77 247
77 277
77 280
77 288
77 292
77 297
77 318
77 369
77 374
77 391
77 394
78 79
78 82
78 87
78 107
78 117
78 130
78 144
78 154
78 162
78 176
78 177
78 192
78 197
78 219
78 231
78 244
78 248
78 254
78 257
78 263
78 264
78 269
78 280
78 282
78 283
78 298
78 316
78 324
78 325
78 337
78 363
78 393
78 396
79 104
79 120
79 130
79 155
79 159
79 167
79 176
79 180
79 183
79 187
79 212
79 215
79 228
79 231
79 243
79 250
79 255
79 256
79 278
79 281
79 287
79 303
79 310
79 321
79 323
79 325
79 331
79 339
79 345
79 360
79 367
79 373
80 81
80 82
80 83
80 84
80 85
80 86
80 87
80 88
80 89
80 106
80 130
80 131
80 137
80 139
80 140
80 161
80 164
80 178
80 198
80 209
80 210
80 212
80 218
80 226
80 233
80 238
80 248
80 273
80 279
80 283
80 308
80 315
80 333
80 339
80 348
80 349
80 363
80 382
80 394
80 398
81 82
81 83
81 84
81 85
81 86
81 87
81 88
81 89
81 93
81 94
81 106
81 125
81 136
81 147
81 159
81 169
81 176
81 185
81 186
81 215
81 218
81 220
81 225
81 227
81 229
81 230
81 237
81 248
81 249
81 259
81 262
81 263
81 265
81 270
81 271
81 276
81 278
81 291
81 304
81 305
81 308
81 311
81 316
81 323
81 324
81 330
81 350
81 352
81 373
81 376
82 83
82 84
82 85
82 86
82 87
82 88
82 89
82 92
82 95
82 109
82 126
82 152
82 161
82 169
82 174
82 191
82 200
82 211
82 216
82 217
82 232
82 235
82 253
82 271
82 277
82 295
82 298
82 303
82 317
82 321
82 328
82 337
82 340
82 369
82 398
83 84
83 85
83 86
83 87
83 88
83 89
83 98
83 99
83 107
83 135
83 136
83 163
83 192
83 222
83 223
83 225
83 241
83 259
83 263
83 292
83 296
83 297
83 309
83 311
83 324
83 333
83 357
83 371
83 385
83 397
84 85
84 86
84 87
84 88
84 89
84 111
84 117
84 139
84 173
84 190
84 203
84 236
84 249
84 252
84 253
84 263
84 264
84 279
84 287
84 293
84 294
84 299
84 300
84 306
84 315
84 323
84 338
84 344
84 345
84 363
84 364
84 366
84 368
84 377
84 383
84 394
84 396
85 86
85 87
85 88
85 89
85 100
85 108
85 110
85 111
85 117
85 128
85 154
85 157
85 161
85 175
85 204
85 205
85 213
85 231
85 250
85 255
85 260
85 261
85 267
85 282
85 292
85 298
85 337
85 342
85 356
85 361
85 362
85 365
85 377
85 380
85 383
85 391
86 87
86 88
86 89
86 92
86 104
86 117
86 124
86 138
86 140
86 143
86 147
86 163
86 166
86 169
86 182
86 198
86 200
86 203
86 221
86 227
86 228
86 237
86 250
86 251
86 253
86 255
86 269
86 278
86 279
86 284
86 291
86 293
86 296
86 309
86 316
86 322
86 352
86 373
86 386
86 387
87 88
87 89
87 94
87 112
87 119
87 123
87 130
87 147
87 151
87 172
87 179
87 208
87 210
87 214
87 219
87 231
87 237
87 240
87 244
87 254
87 270
87 300
87 311
87 315
87 330
87 339
87 347
87 353
87 364
87 366
87 371
87 385
88 89
88 115
88 138
88 148
88 152
88 172
88 196
88 198
88 199
88 200
88 204
88 214
88 219
88 242
88 244
88 252
88 278
88 290
88 311
88 335
88 344
88 347
88 351
88 366
88 367
88 377
88 391
89 101
89 107
89 116
89 126
89 136
89 145
89 150
89 152
89 166
89 168
89 191
89 200
89 208
89 218
89 224
89 228
89 244
89 252
89 261
89 273
89 276
89 283
89 311
89 317
89 318
89 349
89 359
89 363
96 97
96 98
96 99
96 90
96 91
96 92
96 93
96 94
96 95
96 108
96 112
96 130
96 141
96 187
96 198
96 199
96 215
96 230
96 246
96 268
96 271
96 280
96 292
96 300
96 307
96 319
96 327
96 330
96 333
96 339
96 353
96 382
96 392
97 98
97 99
97 90
97 91
97 92
97 93
97 94
97 95
97 106
97 113
97 125
97 144
97 147
97 163
97 164
97 168
97 186
97 202
97 203
97 204
97 211
97 216
97 222
97 229
97 233
97 245
97 247
97 253
97 262
97 266
97 276
97 309
97 318
97 331
97 336
97 338
97 358
97 371
97 378
98 99
98 90
98 91
98 92
98 93
98 94
98 95
98 107
98 109
98 113
98 120
98 122
98 129
98 138
98 141
98 155
98 157
98 169
98 187
98 191
98 200
98 210
98 220
98 224
98 247
98 251
98 274
98 302
98 312
98 313
98 323
98 338
98 347
98 358
98 364
98 372
98 373
98 389
99 90
99 91
99 92
99 93
99 94
99 95
99 124
99 160
99 164
99 234
99 257
99 289
99 294
99 318
99 322
99 324
99 327
99 329
99 351
99 354
99 355
99 385
99 392
99 396
90 91
90 92
90 93
90 94
90 95
90 111
90 131
90 132
90 133
90 136
90 142
90 145
90 146
90 160
90 180
90 193
90 204
90 215
90 223
90 229
90 232
90 241
90 243
90 245
90 246
90 247
90 253
90 267
90 268
90 274
90 277
90 281
90 293
90 311
90 337
90 340
90 344
90 348
90 354
90 358
90 374
90 376
90 378
90 379
90 384
91 92
91 93
91 94
91 95
91 104
91 142
91 163
91 185
91 193
91 194
91 200
91 201
91 221
91 234
91 250
91 256
91 257
91 260
91 261
91 279
91 288
91 306
91 315
91 328
91 336
91 347
92 93
92 94
92 95
92 114
92 119
92 129
92 134
92 146
92 159
92 163
92 174
92 176
92 185
92 186
92 189
92 200
92 205
92 212
92 226
92 240
92 245
92 255
92 260
92 275
92 283
92 316
92 318
92 326
92 329
92 330
92 334
92 340
92 344
92 359
92 372
92 375
92 380
92 399
93 94
93 95
93 119
93 130
93 155
93 164
93 175
93 182
93 187
93 188
93 196
93 204
93 208
93 209
93 217
93 229
93 231
93 248
93 270
93 273
93 284
93 290
93 299
93 321
93 328
93 340
93 344
93 356
93 380
93 386
93 395
93 399
94 95
94 103
94 107
94 118
94 124
94 131
94 160
94 162
94 182
94 183
94 202
94 209
94 214
94 216
94 220
94 247
94 257
94 271
94 273
94 286
94 297
94 301
94 303
94 304
94 305
94 308
94 339
94 341
94 347
94 356
94 362
94 364
94 365
94 367
94 385
94 392
95 104
95 108
95 135
95 165
95 174
95 186
95 195
95 221
95 226
95 231
95 238
95 273
95 275
95 276
95 285
95 293
95 301
95 306
95 317
95 360
95 376
95 387
100 101
100 102
100 103
100 104
100 105
100 106
100 107
100 108
100 109
100 113
100 132
100 142
100 143
100 157
100 160
100 171
100 174
100 190
100 204
100 211
100 234
100 236
100 250
100 258
100 259
100 282
100 284
100 294
100 296
100 355
100 366
100 377
100 382
100 393
101 102
101 103
101 104
101 105
101 106
101 107
101 108
101 109
101 118
101 130
101 137
101 140
101 147
101 148
101 163
101 164
101 165
101 171
101 178
101 179
101 185
101 204
101 205
101 211
101 217
101 218
101 234
101 268
101 280
101 286
101 303
101 324
101 339
101 345
101 349
101 354
101 357
101 358
101 362
101 370
101 372
101 375
101 379
101 381
101 384
101 390
102 103
102 104
102 105
102 106
102 107
102 108
102 109
102 111
102 118
102 121
102 138
102 148
102 190
102 199
102 200
102 202
102 205
102 213
102 254
102 269
102 309
102 310
102 316
102 368
102 387
102 389
102 399
103 104
103 105
103 106
103 107
103 108
103 109
103 117
103 127
103 130
103 151
103 164
103 172
103 186
103 189
103 194
103 198
103 203
103 214
103 225
103 280
103 315
103 329
103 342
103 362
103 369
103 375
103 381
103 392
103 395
103 399
104 105
104 106
104 107
104 108
104 109
104 117
104 120
104 121
104 127
104 139
104 157
104 163
104 169
104 181
104 188
104 198
104 210
104 222
104 231
104 232
104 234
104 244
104 246
104 253
104 261
104 280
104 293
104 299
104 311
104 314
104 318
104 335
104 338
104 341
104 342
104 344
104 353
104 362
104 373
104 379
104 389
104 392
104 394
105 106
105 107
105 108
105 109
105 114
105 137
105 138
105 145
105 164
105 166
105 179
105 190
105 230
105 240
105 243
105 245
105 250
105 258
105 263
105 264
105 286
105 290
105 294
105 298
105 333
105 338
105 361
105 369
105 374
105 382
105 399
106 107
106 108
106 109
106 122
106 130
106 133
106 150
106 155
106 160
106 162
106 165
106 167
106 172
106 174
106 178
106 183
106 192
106 203
106 221
106 225
106 229
106 234
106 256
106 257
106 263
106 278
106 279
106 285
106 288
106 289
106 318
106 356
106 363
106 371
106 380
106 390
107 108
107 109
107 136
107 175
107 196
107 215
107 218
107 258
107 259
107 269
107 275
107 294
107 300
107 324
107 345
107 350
107 355
107 358
107 365
107 397
108 109
108 110
108 117
108 126
108 132
108 137
108 140
108 145
108 161
108 165
108 166
108 169
108 171
108 172
108 191
108 192
108 206
108 232
108 239
108 251
108 253
108 259
108 280
108 286
108 292
108 293
108 309
108 311
108 324
108 325
108 346
108 349
108 363
108 373
108 384
108 388
108 392
108 395
108 398
108 399
109 114
109 129
109 143
109 152
109 165
109 171
109 172
109 180
109 222
109 224
109 236
109 238
109 247
109 270
109 280
109 297
109 315
109 321
109 323
109 327
109 333
109 337
109 348
109 359
109 379
109 397
110 111
110 112
110 113
110 114
110 115
110 116
110 117
110 118
110 119
110 125
110 134
110 149
110 151
110 166
110 172
110 176
110 191
110 198
110 211
110 212
110 214
110 228
110 241
110 282
110 303
110 304
110 314
110 327
110 329
110 335
110 343
110 373
110 376
111 112
111 113
111 114
111 115
111 116
111 117
111 118
111 119
111 140
111 145
111 149
111 156
111 159
111 163
111 170
111 175
111 181
111 187
111 188
111 196
111 226
111 232
111 235
111 242
111 248
111 256
111 261
111 269
111 278
111 308
111 316
111 319
111 326
111 345
111 352
111 382
111 385
111 387
111 389
111 391
112 113
112 114
112 115
112 116
112 117
112 118
112 119
112 121
112 128
112 134
112 147
112 173
112 179
112 183
112 193
112 195
112 200
112 231
112 238
112 248
112 255
112 258
112 272
112 277
112 317
112 319
112 340
112 351
112 360
112 370
112 376
113 114
113 115
113 116
113 117
113 118
113 119
113 124
113 127
113 130
113 148
113 154
113 157
113 158
113 182
113 192
113 195
113 200
113 223
113 231
113 237
113 252
113 262
113 271
113 274
113 276
113 286
113 294
113 295
113 311
113 318
113 353
113 355
113 361
113 368
114 115
114 116
114 117
114 118
114 119
114 131
114 133
114 137
114 158
114 175
114 176
114 185
114 186
114 199
114 222
114 241
114 242
114 246
114 247
114 253
114 263
114 269
114 273
114 284
114 291
114 296
114 297
114 301
114 308
114 309
114 310
114 312
114 316
114 318
114 319
114 320
114 334
114 338
114 363
114 364
114 383
114 386
114 389
114 394
114 396
114 397
115 116
115 117
115 118
115 119
115 124
115 148
115 154
115 165
115 194
115 198
115 213
115 235
115 251
115 255
115 258
115 264
115 281
115 293
115 310
115 338
115 349
115 362
115 380
116 117
116 118
116 119
116 127
116 138
116 152
116 168
116 176
116 180
116 190
116 193
116 208
116 216
116 226
116 242
116 247
116 256
116 278
116 294
116 299
116 308
116 309
116 324
116 330
116 361
116 392
116 395
117 118
117 119
117 145
117 148
117 150
117 154
117 155
117 172
117 178
117 184
117 222
117 226
117 227
117 231
117 234
117 252
117 263
117 269
117 281
117 308
117 315
117 320
117 321
117 323
117 332
117 344
117 349
117 352
117 361
117 371
117 375
117 386
117 397
118 119
118 128
118 141
118 145
118 152
118 156
118 185
118 196
118 271
118 273
118 280
118 293
118 302
118 311
118 327
118 336
118 345
118 371
118 373
118 374
118 375
118 377
118 383
118 388
118 399
119 126
119 129
119 142
119 181
119 184
119 199
119 204
119 206
119 209
119 216
119 221
119 222
119 226
119 227
119 233
119 240
119 275
119 281
119 283
119 284
119 303
119 313
119 318
128 129
128 120
128 121
128 122
128 123
128 124
128 125
128 126
128 127
128 141
128 142
128 147
128 152
128 167
128 175
128 178
128 186
128 199
128 202
128 208
128 209
128 212
128 221
128 254
128 255
128 256
128 257
128 261
128 288
128 301
128 309
128 324
128 331
128 341
128 344
128 349
128 353
128 354
128 368
128 369
128 372
128 373
128 387
128 398
129 120
129 121
129 122
129 123
129 124
129 125
129 126
129 127
129 148
129 164
129 168
129 174
129 203
129 215
129 217
129 226
129 256
129 265
129 269
129 287
129 294
129 309
129 331
129 333
129 339
129 368
129 376
129 397
120 121
120 122
120 123
120 124
120 125
120 126
120 127
120 137
120 149
120 156
120 165
120 171
120 177
120 178
120 196
120 197
120 208
120 237
120 246
120 251
120 255
120 262
120 268
120 295
120 298
120 362
120 363
120 372
120 392
121 122
121 123
121 124
121 125
121 126
121 127
121 140
121 142
121 143
121 145
121 172
121 204
121 206
121 232
121 238
121 242
121 245
121 247
121 266
121 268
121 277
121 281
121 328
121 330
121 343
121 380
121 394
121 397
122 123
122 124
122 125
122 126
122 127
122 134
122 138
122 153
122 172
122 175
122 185
122 192
122 196
122 199
122 206
122 216
122 224
122 226
122 230
122 233
122 252
122 255
122 264
122 272
122 284
122 293
122 299
122 300
122 305
122 327
122 335
122 339
122 342
122 343
122 354
122 355
122 368
122 377
122 386
122 387
123 124
123 125
123 126
123 127
123 139
123 141
123 162
123 165
123 169
123 201
123 206
123 208
123 238
123 264
123 280
123 296
123 298
123 325
123 340
123 362
123 383
123 394
124 125
124 126
124 127
124 136
124 140
124 147
124 165
124 173
124 175
124 176
124 188
124 201
124 203
124 217
124 226
124 231
124 237
124 245
124 263
124 268
124 287
124 289
124 293
124 309
124 320
124 322
124 332
124 336
124 339
124 344
124 356
124 362
125 126
125 127
125 130
125 152
125 167
125 172
125 184
125 186
125 191
125 196
125 200
125 207
125 223
125 230
125 235
125 237
125 240
125 245
125 264
125 266
125 273
125 278
125 280
125 287
125 296
125 310
125 350
125 355
125 357
125 364
125 372
125 378
125 394
125 397
126 127
126 131
126 138
126 141
126 161
126 178
126 198
126 204
126 205
126 216
126 221
126 223
126 257
126 260
126 290
126 317
126 324
126 330
126 331
126 333
126 342
126 345
126 352
126 356
126 359
126 361
126 363
126 373
126 376
126 382
126 390
126 395
127 149
127 158
127 160
127 178
127 182
127 192
127 199
127 222
127 235
127 238
127 257
127 270
127 287
127 294
127 318
127 322
127 323
127 345
127 350
127 351
127 376
127 380
127 381
130 131
130 132
130 133
130 134
130 135
130 136
130 137
130 138
130 139
130 143
130 170
130 172
130 182
130 191
130 192
130 212
130 239
130 251
130 270
130 321
130 322
130 334
130 338
130 347
130 356
130 373
130 378
130 382
130 392
130 398
131 132
131 133
131 134
131 135
131 136
131 137
131 138
131 139
131 161
131 166
131 184
131 191
131 200
131 201
131 203
131 206
131 209
131 214
131 233
131 238
131 242
131 260
131 268
131 277
131 292
131 296
131 299
131 302
131 304
131 313
131 320
131 328
131 336
131 354
131 356
131 364
132 133
132 134
132 135
132 136
132 137
132 138
132 139
132 148
132 172
132 175
132 181
132 185
132 186
132 193
132 200
132 208
132 210
132 228
132 249
132 258
132 262
132 269
132 277
132 288
132 297
132 301
132 306
132 309
132 334
132 366
132 373
132 377
132 387
132 394
133 134
133 135
133 136
133 137
133 138
133 139
133 148
133 154
133 155
133 167
133 176
133 187
133 195
133 199
133 204
133 208
133 216
133 235
133 241
133 246
133 250
133 256
133 259
133 263
133 277
133 281
133 302
133 311
133 344
133 383
133 384
133 385
133 386
133 389
134 135
134 136
134 137
134 138
134 139
134 150
134 157
134 189
134 193
134 200
134 205
134 208
134 212
134 214
134 234
134 258
134 291
134 292
134 301
134 306
134 319
134 325
134 344
134 362
134 377
134 392
135 136
135 137
135 138
135 139
135 150
135 164
135 167
135 173
135 174
135 180
135 185
135 218
135 222
135 243
135 252
135 255
135 260
135 261
135 263
135 281
135 283
135 287
135 317
135 323
135 325
135 346
135 355
135 376
135 384
135 396
136 137
136 138
136 139
136 145
136 166
136 180
136 188
136 190
136 195
136 198
136 216
136 225
136 229
136 242
136 243
136 247
136 277
136 289
136 321
136 325
136 327
136 328
136 345
136 349
136 353
136 371
136 372
136 386
136 399
137 138
137 139
137 144
137 145
137 171
137 172
137 176
137 182
137 185
137 200
137 212
137 222
137 229
137 256
137 259
137 269
137 287
137 289
137 296
137 302
137 303
137 323
137 325
137 327
137 329
137 342
137 349
137 363
137 366
137 376
137 393
138 139
138 143
138 148
138 155
138 161
138 173
138 176
138 204
138 209
138 216
138 235
138 268
138 271
138 296
138 303
138 308
138 325
138 331
138 332
138 345
138 346
138 366
138 375
138 392
139 170
139 182
139 198
139 202
139 210
139 212
139 217
139 224
139 227
139 247
139 248
139 257
139 265
139 289
139 321
139 332
139 341
139 342
139 343
139 362
139 366
140 141
140 142
140 143
140 144
140 145
140 146
140 147
140 148
140 149
140 163
140 164
140 169
140 172
140 178
140 202
140 210
140 225
140 226
140 232
140 244
140 257
140 266
140 273
140 294
140 296
140 330
140 335
140 347
140 350
140 357
140 368
140 396
141 142
141 143
141 144
141 145
141 146
141 147
141 148
141 149
141 156
141 161
141 174
141 182
141 184
141 186
141 187
141 211
141 212
141 216
141 235
141 241
141 253
141 276
141 277
141 291
141 292
141 309
141 324
141 325
141 336
141 353
141 366
141 373
141 377
141 383
142 143
142 144
142 145
142 146
142 147
142 148
142 149
142 152
142 171
142 178
142 179
142 200
142 213
142 223
142 226
142 229
142 231
142 236
142 237
142 245
142 250
142 280
142 287
142 295
142 297
142 308
142 314
142 328
142 338
142 349
142 351
142 353
142 370
143 144
143 145
143 146
143 147
143 148
143 149
143 153
143 156
143 163
143 176
143 180
143 187
143 188
143 192
143 206
143 208
143 222
143 229
143 232
143 235
143 252
143 259
143 263
143 275
143 276
143 279
143 282
143 320
143 331
143 340
143 366
143 368
143 370
143 373
144 145
144 146
144 147
144 148
144 149
144 158
144 167
144 175
144 199
144 205
144 219
144 225
144 233
144 239
144 250
144 260
144 261
144 303
144 304
144 312
144 339
144 399
145 146
145 147
145 148
145 149
145 152
145 161
145 175
145 178
145 180
145 197
145 202
145 209
145 220
145 226
145 230
145 235
145 250
145 279
145 284
145 307
145 313
145 315
145 316
145 335
145 349
145 353
145 363
145 367
145 382
146 147
146 148
146 149
146 158
146 184
146 193
146 210
146 225
146 244
146 266
146 280
146 290
146 291
146 301
146 302
146 304
146 328
146 331
146 337
146 368
146 388
146 391
146 396
147 148
147 149
147 155
147 156
147 164
147 184
147 187
147 193
147 225
147 226
147 247
147 249
147 256
147 262
147 267
147 289
147 295
147 296
147 304
147 338
147 347
147 354
147 370
147 371
147 372
147 376
147 392
148 149
148 150
148 158
148 161
148 162
148 169
148 186
148 199
148 215
148 227
148 229
148 234
148 241
148 258
148 271
148 295
148 297
148 305
148 307
148 325
148 332
148 343
148 359
148 360
148 375
148 376
148 379
148 396
149 180
149 183
149 188
149 193
149 206
149 210
149 226
149 259
149 265
149 272
149 273
149 275
149 283
149 284
149 308
149 350
149 362
149 374
149 375
149 386
149 390
150 151
150 152
150 153
150 154
150 155
150 156
150 157
150 158
150 159
150 160
150 179
150 192
150 203
150 229
150 241
150 273
150 287
150 297
150 298
150 331
150 354
150 359
150 372
150 379
150 389
151 152
151 153
151 154
151 155
151 156
151 157
151 158
151 159
151 168
151 170
151 172
151 175
151 183
151 189
151 199
151 206
151 254
151 259
151 263
151 264
151 265
151 308
151 310
151 316
151 319
151 336
151 342
151 352
151 354
151 357
151 360
151 363
151 398
152 153
152 154
152 155
152 156
152 157
152 158
152 159
152 166
152 176
152 185
152 208
152 216
152 234
152 243
152 261
152 272
152 274
152 279
152 280
152 294
152 301
152 318
152 345
152 346
152 352
152 359
152 365
152 367
152 388
153 154
153 155
153 156
153 157
153 158
153 159
153 171
153 180
153 183
153 186
153 187
153 191
153 211
153 219
153 224
153 227
153 228
153 247
153 250
153 252
153 257
153 270
153 279
153 282
153 295
153 297
153 300
153 313
153 315
153 321
153 335
153 337
153 339
153 344
153 364
153 376
153 396
154 155
154 156
154 157
154 158
154 159
154 161
154 165
154 173
154 174
154 178
154 183
154 185
154 186
154 206
154 207
154 243
154 252
154 280
154 284
154 312
154 336
154 365
154 373
154 381
154 390
154 395
155 156
155 157
155 158
155 159
155 171
155 173
155 179
155 206
155 207
155 225
155 259
155 271
155 272
155 277
155 278
155 327
155 328
155 332
155 336
155 341
155 346
155 349
155 357
155 369
155 387
156 157
156 158
156 159
156 162
156 176
156 220
156 232
156 237
156 251
156 254
156 264
156 279
156 282
156 290
156 291
156 298
156 311
156 316
156 326
156 333
156 336
156 337
156 342
156 344
156 346
156 351
156 362
156 370
156 371
156 396
157 158
157 159
157 168
157 186
157 188
157 202
157 213
157 254
157 281
157 289
157 296
157 297
157 306
157 323
157 325
157 329
157 337
157 343
157 357
157 360
157 391
158 159
158 169
158 174
158 187
158 195
158 220
158 221
158 222
158 223
158 224
158 233
158 272
158 286
158 288
158 294
158 309
158 330
158 342
158 349
158 352
158 366
158 389
159 161
159 170
159 175
159 182
159 188
159 189
159 202
159 203
159 207
159 237
159 243
159 250
159 257
159 264
159 292
159 304
159 312
159 317
159 321
159 333
159 343
159 366
159 381
159 382
159 386
160 161
160 162
160 163
160 164
160 165
160 166
160 167
160 168
160 169
160 191
160 201
160 230
160 233
160 242
160 260
160 267
160 274
160 275
160 280
160 281
160 292
160 293
160 334
160 346
160 357
160 367
160 373
160 390
160 397
161 162
161 163
161 164
161 165
161 166
161 167
161 168
161 169
161 182
161 186
161 189
161 190
161 195
161 198
161 211
161 213
161 231
161 246
161 257
161 258
161 275
161 281
161 291
161 292
161 308
161 320
161 321
161 326
161 341
161 350
161 352
161 357
161 364
162 163
162 164
162 165
162 166
162 167
162 168
162 169
162 171
162 176
162 179
162 184
162 189
162 196
162 223
162 224
162 235
162 237
162 247
162 248
162 259
162 262
162 276
162 279
162 303
162 360
162 367
162 369
162 372
162 374
162 376
162 390
162 394
162 395
162 396
163 164
163 165
163 166
163 167
163 168
163 169
163 177
163 194
163 200
163 202
163 203
163 211
163 241
163 243
163 246
163 260
163 276
163 279
163 282
163 284
163 292
163 295
163 297
163 308
163 330
163 347
163 348
163 349
163 365
163 367
163 375
164 165
164 166
164 167
164 168
164 169
164 183
164 200
164 207
164 220
164 224
164 237
164 238
164 250
164 262
164 263
164 266
164 275
164 301
164 312
164 320
164 331
164 336
164 358
164 366
164 371
164 376
164 382
164 386
164 391
164 392
164 393
164 399
165 166
165 167
165 168
165 169
165 172
165 176
165 183
165 189
165 199
165 201
165 202
165 206
165 213
165 236
165 242
165 243
165 247
165 253
165 254
165 259
165 260
165 271
165 274
165 279
165 281
165 305
165 308
165 309
165 377
165 379
165 384
165 386
165 387
165 388
165 394
166 167
166 168
166 169
166 172
166 173
166 180
166 190
166 193
166 209
166 226
166 237
166 239
166 240
166 246
166 261
166 277
166 287
166 293
166 298
166 299
166 303
166 305
166 315
166 317
166 319
166 327
166 340
166 342
166 348
166 351
166 373
166 385
166 387
167 168
167 169
167 177
167 180
167 182
167 194
167 195
167 203
167 210
167 212
167 228
167 232
167 240
167 248
167 256
167 264
167 269
167 270
167 300
167 321
167 324
167 338
167 359
167 370
167 371
167 372
167 380
167 393
167 398
168 169
168 174
168 175
168 180
168 184
168 186
168 190
168 202
168 213
168 219
168 234
168 236
168 242
168 248
168 291
168 294
168 299
168 301
168 302
168 303
168 306
168 312
168 315
168 318
168 326
168 327
168 345
168 362
168 364
168 373
168 385
169 177
169 192
169 195
169 218
169 239
169 242
169 247
169 286
169 288
169 302
169 303
169 315
169 317
169 320
169 325
169 349
169 351
169 359
169 362
169 369
169 375
169 376
169 377
169 381
169 390
169 397
170 171
170 172
170 173
170 174
170 175
170 176
170 177
170 178
170 179
170 190
170 191
170 193
170 202
170 208
170 216
170 227
170 230
170 235
170 244
170 247
170 259
170 283
170 284
170 294
170 298
170 323
170 329
170 341
170 352
170 353
170 357
170 373
170 390
170 395
170 396
171 172
171 173
171 174
171 175
171 176
171 177
171 178
171 179
171 194
171 202
171 205
171 216
171 217
171 219
171 221
171 234
171 243
171 250
171 259
171 261
171 268
171 274
171 276
171 291
171 293
171 306
171 332
171 346
171 358
171 360
171 364
171 366
171 377
172 173
172 174
172 175
172 176
172 177
172 178
172 179
172 183
172 225
172 233
172 254
172 256
172 261
172 269
172 270
172 279
172 292
172 293
172 297
172 303
172 304
172 307
172 315
172 320
172 322
172 329
172 335
172 337
172 338
172 346
172 352
172 358
172 377
173 174
173 175
173 176
173 177
173 178
173 179
173 195
173 196
173 200
173 202
173 209
173 210
173 217
173 220
173 232
173 248
173 249
173 262
173 265
173 269
173 272
173 289
173 296
173 350
173 356
173 371
173 377
173 388
174 175
174 176
174 177
174 178
174 179
174 202
174 236
174 251
174 271
174 280
174 282
174 293
174 310
174 328
174 334
174 347
174 365
174 374
174 384
174 392
175 176
175 177
175 178
175 179
175 183
175 185
175 188
175 193
175 194
175 203
175 216
175 217
175 218
175 219
175 229
175 238
175 240
175 244
175 248
175 251
175 257
175 260
175 262
175 270
175 273
175 276
175 299
175 309
175 318
175 334
175 340
175 343
175 355
175 361
175 388
175 398
176 177
176 178
176 179
176 186
176 208
176 211
176 216
176 249
176 251
176 290
176 299
176 307
176 315
176 318
176 319
176 322
176 349
176 352
176 355
176 359
176 364
176 374
176 376
176 379
176 380
176 384
177 178
177 179
177 200
177 213
177 214
177 220
177 232
177 238
177 259
177 283
177 293
177 294
177 297
177 305
177 315
177 317
177 341
177 363
177 377
178 179
178 185
178 212
178 216
178 231
178 232
178 240
178 242
178 254
178 255
178 256
178 258
178 295
178 297
178 320
178 329
178 339
178 353
178 356
178 372
178 382
178 383
178 384
179 180
179 183
179 191
179 197
179 226
179 243
179 246
179 265
179 272
179 275
179 290
179 291
179 306
179 311
179 314
179 321
179 328
179 330
179 340
179 343
179 347
179 356
179 361
179 365
179 371
179 375
179 386
179 393
179 399
180 181
180 182
180 183
180 184
180 185
180 186
180 187
180 188
180 189
180 196
180 215
180 234
180 238
180 241
180 243
180 250
180 258
180 261
180 266
180 280
180 287
180 294
180 307
180 320
180 322
180 325
180 345
180 346
180 351
180 364
180 374
180 396
181 182
181 183
181 184
181 185
181 186
181 187
181 188
181 189
181 196
181 198
181 202
181 241
181 242
181 246
181 252
181 254
181 258
181 298
181 320
181 323
181 334
181 337
181 346
181 373
181 376
181 377
181 378
181 382
181 398
182 183
182 184
182 185
182 186
182 187
182 188
182 189
182 210
182 233
182 234
182 236
182 239
182 244
182 275
182 285
182 286
182 289
182 297
182 305
182 313
182 330
182 335
182 337
182 360
182 375
182 394
182 395
183 184
183 185
183 186
183 187
183 188
183 189
183 198
183 213
183 230
183 251
183 267
183 274
183 276
183 300
183 310
183 341
183 349
183 350
183 360
183 362
183 381
183 382
183 383
183 396
184 185
184 186
184 187
184 188
184 189
184 191
184 195
184 214
184 215
184 220
184 235
184 238
184 240
184 246
184 247
184 250
184 252
184 260
184 261
184 265
184 270
184 274
184 291
184 305
184 321
184 338
184 340
184 347
184 350
184 353
184 360
184 376
184 382
184 387
185 186
185 187
185 188
185 189
185 194
185 208
185 220
185 237
185 244
185 245
185 274
185 276
185 285
185 289
185 293
185 309
185 313
185 333
185 338
185 373
185 390
185 397
186 187
186 188
186 189
186 217
186 218
186 249
186 262
186 268
186 272
186 275
186 279
186 306
186 311
186 319
186 326
186 327
186 341
186 368
186 388
186 394
186 398
187 188
187 189
187 210
187 223
187 227
187 231
187 246
187 247
187 250
187 251
187 270
187 284
187 289
187 309
187 316
187 321
187 330
187 335
187 347
187 349
187 350
187 356
187 365
187 373
187 382
187 389
187 395
188 189
188 197
188 214
188 219
188 228
188 232
188 243
188 246
188 251
188 272
188 274
188 276
188 278
188 279
188 285
188 297
188 307
188 319
188 320
188 323
188 330
188 342
188 344
188 345
188 367
188 377
188 378
188 381
188 384
188 390
189 192
189 197
189 199
189 210
189 217
189 229
189 235
189 244
189 246
189 254
189 260
189 261
189 276
189 286
189 302
189 335
189 340
189 342
189 367
189 370
189 373
189 393
192 193
192 194
192 195
192 196
192 197
192 198
192 199
192 190
192 191
192 206
192 215
192 224
192 227
192 231
192 237
192 249
192 267
192 273
192 274
192 285
192 287
192 289
192 290
192 294
192 297
192 315
192 326
192 341
192 342
192 343
192 382
192 389
193 194
193 195
193 196
193 197
193 198
193 199
193 190
193 191
193 208
193 218
193 220
193 222
193 237
193 240
193 244
193 247
193 252
193 256
193 267
193 279
193 286
193 313
193 322
193 328
193 364
193 381
193 388
193 390
194 195
194 196
194 197
194 198
194 199
194 190
194 191
194 211
194 220
194 227
194 256
194 257
194 260
194 269
194 285
194 286
194 296
194 311
194 381
194 389
195 196
195 197
195 198
195 199
195 190
195 191
195 204
195 246
195 250
195 252
195 255
195 260
195 261
195 283
195 287
195 298
195 310
195 316
195 337
195 355
195 364
195 374
195 378
195 389
195 391
196 197
196 198
196 199
196 190
196 191
196 227
196 235
196 236
196 259
196 270
196 279
196 289
196 293
196 301
196 303
196 304
196 334
196 359
197 198
197 199
197 190
197 191
197 216
197 218
197 225
197 227
197 235
197 249
197 308
197 309
197 312
197 314
197 318
197 321
197 328
197 330
197 331
197 348
197 349
197 377
197 379
197 380
197 385
197 396
198 199
198 190
198 191
198 218
198 240
198 265
198 269
198 280
198 288
198 300
198 314
198 363
198 368
198 369
198 392
198 396
199 190
199 191
199 200
199 202
199 210
199 222
199 234
199 279
199 289
199 294
199 296
199 308
199 311
199 318
199 321
199 341
199 348
199 350
199 366
199 369
199 380
199 385
199 389
199 390
190 191
190 204
190 218
190 237
190 241
190 256
190 265
190 268
190 270
190 274
190 277
190 281
190 282
190 289
190 296
190 297
190 300
190 315
190 322
190 327
190 330
190 354
190 355
190 366
190 371
191 202
191 204
191 213
191 215
191 226
191 230
191 232
191 236
191 246
191 255
191 268
191 273
191 293
191 301
191 318
191 324
191 330
191 331
191 339
191 361
191 367
191 371
191 374
191 391
200 201
200 202
200 203
200 204
200 205
200 206
200 207
200 208
200 209
200 210
200 231
200 237
200 240
200 242
200 255
200 259
200 270
200 274
200 322
200 325
200 352
200 394
201 202
201 203
201 204
201 205
201 206
201 207
201 208
201 209
201 217
201 228
201 233
201 234
201 238
201 266
201 289
201 299
201 300
201 306
201 330
201 334
201 335
201 346
201 348
201 364
201 370
201 371
201 374
202 203
202 204
202 205
202 206
202 207
202 208
202 209
202 212
202 214
202 261
202 285
202 288
202 316
202 333
202 346
202 351
202 352
202 357
202 368
202 375
202 387
202 388
202 390
202 392
202 397
203 204
203 205
203 206
203 207
203 208
203 209
203 216
203 226
203 234
203 239
203 252
203 260
203 268
203 291
203 316
203 318
203 319
203 326
203 332
203 342
203 347
203 353
203 354
203 360
203 380
203 381
203 393
204 205
204 206
204 207
204 208
204 209
204 216
204 225
204 250
204 252
204 262
204 298
204 311
204 322
204 350
204 360
204 366
204 386
205 206
205 207
205 208
205 209
205 215
205 229
205 240
205 242
205 283
205 298
205 323
205 329
205 343
205 349
205 356
205 367
205 370
205 376
205 381
205 393
205 396
205 397
205 399
206 207
206 208
206 209
206 220
206 223
206 225
206 242
206 262
206 272
206 279
206 292
206 299
206 322
206 333
206 334
206 360
206 386
207 208
207 209
207 225
207 227
207 230
207 237
207 241
207 260
207 282
207 283
207 293
207 296
207 299
207 307
207 313
207 315
207 335
207 353
207 357
207 369
207 382
207 388
207 396
207 397
208 209
208 214
208 227
208 232
208 239
208 246
208 255
208 264
208 275
208 284
208 285
208 300
208 317
208 368
208 373
208 386
208 388
208 399
209 219
209 222
209 225
209 230
209 244
209 263
209 267
209 276
209 283
209 289
209 297
209 311
209 345
209 351
209 359
209 362
209 366
209 371
210 211
210 212
210 213
210 214
210 215
210 216
210 217
210 218
210 219
210 223
210 235
210 239
210 240
210 248
210 264
210 272
210 276
210 277
210 289
210 297
210 303
210 309
210 310
210 313
210 349
210 381
210 390
210 393
211 212
211 213
211 214
211 215
211 216
211 217
211 218
211 219
211 244
211 257
211 267
211 270
211 281
211 303
211 304
211 308
211 309
211 316
211 323
211 324
211 342
211 349
211 368
211 385
211 393
212 213
212 214
212 215
212 216
212 217
212 218
212 219
212 220
212 255
212 268
212 282
212 287
212 311
212 313
212 318
212 322
212 325
212 346
212 370
212 380
212 392
213 214
213 215
213 216
213 217
213 218
213 219
213 240
213 249
213 260
213 262
213 273
213 283
213 301
213 302
213 309
213 319
213 342
213 356
213 360
213 363
213 366
213 367
213 378
213 388
214 215
214 216
214 217
214 218
214 219
214 229
214 230
214 236
214 240
214 254
214 255
214 265
214 273
214 281
214 286
214 294
214 307
214 311
214 314
214 366
214 371
214 379
214 390
215 216
215 217
215 218
215 219
215 225
215 229
215 231
215 249
215 269
215 291
215 292
215 303
215 310
215 350
215 360
215 384
215 395
216 217
216 218
216 219
216 245
216 247
216 250
216 257
216 274
216 276
216 286
216 291
216 299
216 325
216 328
216 331
216 356
216 359
216 382
216 383
217 218
217 219
217 240
217 309
217 328
217 334
217 337
217 350
217 355
217 363
217 365
217 366
217 383
217 390
217 392
217 395
218 219
218 225
218 258
218 272
218 275
218 289
218 292
218 318
218 323
218 339
218 352
218 373
218 380
218 385
218 389
219 222
219 235
219 236
219 240
219 250
219 253
219 258
219 274
219 275
219 282
219 312
219 317
219 329
219 339
219 365
219 376
219 378
219 381
219 383
219 386
219 397
224 225
224 226
224 227
224 228
224 229
224 220
224 221
224 222
224 223
224 232
224 233
224 237
224 238
224 248
224 256
224 258
224 276
224 280
224 295
224 321
224 349
224 353
224 370
224 371
224 373
224 375
224 377
224 383
224 387
224 392
225 226
225 227
225 228
225 229
225 220
225 221
225 222
225 223
225 234
225 247
225 261
225 263
225 264
225 272
225 277
225 282
225 285
225 289
225 306
225 322
225 337
225 341
225 367
226 227
226 228
226 229
226 220
226 221
226 222
226 223
226 259
226 263
226 289
226 291
226 303
226 305
226 345
226 346
226 349
226 383
226 391
226 398
227 228
227 229
227 220
227 221
227 222
227 223
227 234
227 239
227 254
227 279
227 292
227 293
227 295
227 304
227 310
227 313
227 328
227 341
227 343
227 363
227 375
227 384
227 387
227 389
227 395
228 229
228 220
228 221
228 222
228 223
228 238
228 239
228 250
228 258
228 280
228 283
228 292
228 299
228 327
228 329
228 331
228 335
228 356
228 359
228 369
228 387
228 393
229 220
229 221
229 222
229 223
229 231
229 234
229 236
229 237
229 243
229 245
229 247
229 250
229 251
229 268
229 269
229 277
229 287
229 289
229 293
229 294
229 295
229 297
229 300
229 307
229 315
229 324
229 326
229 329
229 343
229 364
229 372
229 377
229 378
229 384
220 221
220 222
220 223
220 239
220 241
220 249
220 251
220 254
220 255
220 257
220 261
220 262
220 265
220 273
220 292
220 293
220 303
220 308
220 310
220 317
220 333
220 335
220 346
220 355
220 356
220 360
220 365
220 376
220 381
220 382
220 390
221 222
221 223
221 240
221 241
221 242
221 264
221 268
221 305
221 318
221 325
221 348
221 351
221 371
221 384
221 389
221 390
222 223
222 244
222 272
222 281
222 287
222 291
222 302
222 310
222 340
222 343
222 344
222 347
222 355
222 364
222 370
222 379
222 381
222 388
222 393
223 239
223 246
223 259
223 275
223 289
223 308
223 312
223 322
223 324
223 325
223 326
223 327
223 335
223 348
223 349
223 388
223 389
230 231
230 232
230 233
230 234
230 235
230 236
230 237
230 238
230 239
230 241
230 242
230 278
230 284
230 293
230 297
230 316
230 329
230 368
230 380
230 389
230 391
230 394
231 232
231 233
231 234
231 235
231 236
231 237
231 238
231 239
231 246
231 249
231 267
231 280
231 284
231 320
231 336
231 338
231 346
231 361
231 395
231 396
232 233
232 234
232 235
232 236
232 237
232 238
232 239
232 250
232 264
232 272
232 287
232 289
232 291
232 297
232 307
232 315
232 316
232 319
232 322
232 330
232 345
232 352
232 358
232 361
232 364
232 373
232 380
232 387
232 394
232 397
233 234
233 235
233 236
233 237
233 238
233 239
233 254
233 265
233 279
233 280
233 285
233 292
233 297
233 306
233 341
233 349
233 359
233 366
233 399
234 235
234 236
234 237
234 238
234 239
234 253
234 262
234 263
234 268
234 274
234 276
234 280
234 302
234 308
234 310
234 323
234 331
234 348
234 359
234 370
235 236
235 237
235 238
235 239
235 244
235 245
235 250
235 255
235 287
235 324
235 329
235 338
235 341
235 358
235 360
235 369
235 375
235 380
235 382
235 385
235 389
236 237
236 238
236 239
236 249
236 253
236 258
236 261
236 265
236 275
236 280
236 292
236 293
236 295
236 296
236 297
236 304
236 322
236 332
236 337
236 344
236 345
236 354
236 388
237 238
237 239
237 244
237 245
237 247
237 248
237 249
237 256
237 265
237 290
237 305
237 311
237 320
237 325
237 329
237 344
237 354
237 358
237 361
237 366
237 388
238 239
238 243
238 244
238 250
238 253
238 259
238 269
238 275
238 277
238 290
238 302
238 319
238 330
238 332
238 353
238 357
238 358
238 382
239 265
239 287
239 324
240 241
240 242
240 243
240 244
240 245
240 246
240 247
240 248
240 249
240 252
240 282
240 289
240 317
240 326
240 337
240 355
240 366
240 367
240 368
241 242
241 243
241 244
241 245
241 246
241 247
241 248
241 249
241 252
241 260
241 266
241 273
241 325
241 331
241 339
241 340
241 352
241 367
241 377
241 378
241 386
241 390
242 243
242 244
242 245
242 246
242 247
242 248
242 249
242 263
242 270
242 283
242 286
242 287
242 288
242 291
242 292
242 298
242 300
242 309
242 317
242 318
242 321
242 323
242 327
242 342
242 350
242 352
242 372
242 389
243 244
243 245
243 246
243 247
243 248
243 249
243 250
243 257
243 258
243 283
243 292
243 294
243 303
243 305
243 311
243 314
243 317
243 330
243 334
243 343
243 345
243 361
243 365
243 379
243 397
244 245
244 246
244 247
244 248
244 249
244 263
244 269
244 271
244 279
244 286
244 290
244 292
244 307
244 308
244 325
244 333
244 343
244 346
244 359
244 368
244 375
244 380
244 388
245 246
245 247
245 248
245 249
245 266
245 285
245 295
245 299
245 307
245 310
245 321
245 322
245 324
245 325
245 349
245 355
245 381
245 385
245 391
245 392
246 247
246 248
246 249
246 284
246 286
246 292
246 301
246 314
246 344
246 359
246 372
246 385
246 387
246 388
246 397
246 398
247 248
247 249
247 252
247 261
247 263
247 270
247 271
247 290
247 291
247 308
247 321
247 322
247 337
247 346
247 358
247 366
247 380
247 397
247 398
248 249
248 251
248 252
248 254
248 258
248 269
248 273
248 274
248 309
248 329
248 332
248 340
248 341
248 344
248 351
248 367
248 374
248 380
248 390
249 258
249 271
249 276
249 278
249 290
249 292
249 304
249 316
249 317
249 322
249 323
249 331
249 344
249 346
249 354
249 355
249 380
256 257
256 258
256 259
256 250
256 251
256 252
256 253
256 254
256 255
256 262
256 266
256 281
256 297
256 314
256 323
256 332
256 335
256 349
256 354
256 389
256 391
257 258
257 259
257 250
257 251
257 252
257 253
257 254
257 255
257 267
257 272
257 285
257 290
257 293
257 295
257 298
257 302
257 317
257 329
257 343
257 344
257 345
257 369
257 376
257 384
257 387
257 398
258 259
258 250
258 251
258 252
258 253
258 254
258 255
258 260
258 302
258 314
258 317
258 340
258 352
258 360
258 365
258 368
258 390
259 250
259 251
259 252
259 253
259 254
259 255
259 268
259 283
259 286
259 290
259 300
259 316
259 319
259 323
259 327
259 330
259 346
259 348
259 350
259 357
259 362
259 364
259 367
259 374
250 251
250 252
250 253
250 254
250 255
250 269
250 278
250 284
250 287
250 288
250 289
250 292
250 294
250 302
250 315
250 317
250 334
250 361
250 362
250 369
250 370
250 371
250 374
250 378
250 383
250 388
250 392
250 393
251 252
251 253
251 254
251 255
251 271
251 273
251 275
251 286
251 287
251 289
251 292
251 293
251 320
251 323
251 326
251 330
251 332
251 345
251 360
251 371
251 378
251 380
251 387
252 253
252 254
252 255
252 262
252 268
252 270
252 287
252 300
252 303
252 311
252 313
252 326
252 368
252 370
252 382
253 254
253 255
253 260
253 273
253 276
253 280
253 290
253 303
253 315
253 320
253 324
253 329
253 333
253 339
253 346
253 353
253 357
253 378
253 392
253 399
254 255
254 261
254 273
254 277
254 284
254 285
254 302
254 361
254 364
254 396
255 263
255 268
255 276
255 280
255 294
255 302
255 321
255 331
255 332
255 356
255 360
255 375
255 389
260 261
260 262
260 263
260 264
260 265
260 266
260 267
260 268
260 269
260 273
260 276
260 288
260 296
260 299
260 303
260 306
260 320
260 326
260 339
260 344
260 348
260 354
260 355
260 371
260 379
261 262
261 263
261 264
261 265
261 266
261 267
261 268
261 269
261 277
261 278
261 301
261 303
261 309
261 313
261 314
261 319
261 331
261 340
261 347
261 367
261 371
261 372
261 383
262 263
262 264
262 265
262 266
262 267
262 268
262 269
262 272
262 277
262 279
262 282
262 285
262 288
262 319
262 330
262 340
262 347
262 350
262 373
262 384
262 393
263 264
263 265
263 266
263 267
263 268
263 269
263 270
263 271
263 280
263 295
263 300
263 302
263 313
263 315
263 329
263 332
263 347
263 349
263 361
263 362
263 369
263 381
263 395
263 397
264 265
264 266
264 267
264 268
264 269
264 281
264 284
264 300
264 305
264 306
264 313
264 322
264 324
264 336
264 353
264 356
264 360
264 381
264 391
264 397
265 266
265 267
265 268
265 269
265 278
265 280
265 298
265 304
265 310
265 319
265 320
265 321
265 334
265 366
265 367
265 368
265 378
265 383
265 393
266 267
266 268
266 269
266 286
266 300
266 303
266 306
266 311
266 326
266 335
266 340
266 363
266 391
266 392
267 268
267 269
267 274
267 288
267 296
267 302
267 320
267 325
267 326
267 346
267 356
267 363
267 366
267 372
267 382
267 395
268 269
268 280
268 299
268 303
268 310
268 336
268 339
268 352
268 366
268 378
269 306
269 314
269 326
269 338
269 346
269 358
269 363
269 369
269 371
269 389
269 395
270 271
270 272
270 273
270 274
270 275
270 276
270 277
270 278
270 279
270 298
270 316
270 320
270 334
270 372
270 383
270 394
270 398
271 272
271 273
271 274
271 275
271 276
271 277
271 278
271 279
271 294
271 297
271 307
271 328
271 347
271 348
271 383
271 388
271 389
272 273
272 274
272 275
272 276
272 277
272 278
272 279
272 280
272 290
272 311
272 327
272 329
272 330
272 335
272 354
272 358
272 396
272 398
273 274
273 275
273 276
273 277
273 278
273 279
273 288
273 289
273 294
273 304
273 309
273 310
273 319
273 333
273 339
273 369
273 396
274 275
274 276
274 277
274 278
274 279
274 284
274 299
274 320
274 322
274 330
274 364
274 365
274 378
274 385
274 397
275 276
275 277
275 278
275 279
275 296
275 300
275 319
275 324
275 352
275 365
275 369
275 372
275 377
275 382
275 385
275 397
276 277
276 278
276 279
276 280
276 309
276 316
276 325
276 334
276 336
276 339
276 341
276 349
276 350
276 355
276 364
276 376
276 379
276 383
276 390
277 278
277 279
277 287
277 298
277 311
277 362
277 365
277 381
277 398
278 279
278 289
278 312
278 313
278 318
278 323
278 349
278 369
279 282
279 292
279 296
279 298
279 299
279 301
279 309
279 332
279 344
279 347
279 357
279 360
279 365
279 377
288 289
288 280
288 281
288 282
288 283
288 284
288 285
288 286
288 287
288 304
288 307
288 352
288 358
288 389
288 390
288 393
289 280
289 281
289 282
289 283
289 284
289 285
289 286
289 287
289 296
289 302
289 333
289 334
289 341
289 344
289 354
289 365
289 366
289 370
280 281
280 282
280 283
280 284
280 285
280 286
280 287
280 302
280 315
280 320
280 322
280 323
280 325
280 334
280 335
280 342
280 343
280 347
280 360
280 361
280 363
280 366
280 377
280 388
280 389
280 391
280 394
281 282
281 283
281 284
281 285
281 286
281 287
281 291
281 296
281 298
281 307
281 328
281 337
281 338
281 343
281 344
281 345
281 346
281 347
281 368
281 385
281 392
282 283
282 284
282 285
282 286
282 287
282 292
282 298
282 303
282 307
282 319
282 323
282 335
282 340
282 344
282 345
282 348
282 365
282 379
282 380
282 384
282 392
282 393
283 284
283 285
283 286
283 287
283 291
283 313
283 316
283 322
283 332
283 343
283 348
283 352
283 369
283 372
283 376
284 285
284 286
284 287
284 301
284 307
284 313
284 315
284 318
284 327
284 344
284 349
284 359
284 368
284 371
284 377
284 384
284 395
285 286
285 287
285 293
285 307
285 308
285 317
285 332
285 348
285 349
285 351
285 358
285 365
285 380
285 383
285 398
285 399
286 287
286 291
286 293
286 303
286 308
286 309
286 326
286 333
286 336
286 344
286 346
286 365
286 372
286 376
286 381
286 391
287 290
287 297
287 301
287 306
287 322
287 343
287 356
287 358
287 362
287 376
287 377
287 379
287 396
290 291
290 292
290 293
290 294
290 295
290 296
290 297
290 298
290 299
290 307
290 310
290 325
290 326
290 351
290 367
290 370
290 372
290 388
291 292
291 293
291 294
291 295
291 296
291 297
291 298
291 299
291 315
291 318
291 325
291 328
291 330
291 333
291 340
291 341
291 342
291 357
291 366
291 376
291 377
291 378
291 394
291 398
291 399
292 293
292 294
292 295
292 296
292 297
292 298
292 299
292 308
292 314
292 334
292 344
292 351
292 360
292 377
293 294
293 295
293 296
293 297
293 298
293 299
293 302
293 312
293 326
293 331
293 344
293 349
293 351
293 361
293 366
293 390
293 398
294 295
294 296
294 297
294 298
294 299
294 301
294 317
294 328
294 331
294 333
294 346
294 354
294 361
294 368
294 372
294 373
294 395
295 296
295 297
295 298
295 299
295 306
295 308
295 323
295 333
295 337
295 339
295 346
295 381
295 384
295 392
296 297
296 298
296 299
296 315
296 327
296 330
296 352
296 370
296 375
296 376
296 378
296 385
296 390
297 298
297 299
297 304
297 347
297 355
297 387
297 393
298 299
298 304
298 321
298 322
298 326
298 330
298 339
298 341
298 346
298 361
298 364
298 365
298 394
298 399
299 302
299 337
299 341
299 346
299 352
299 363
299 372
299 378
299 389
300 301
300 302
300 303
300 304
300 305
300 306
300 307
300 308
300 309
300 311
300 312
300 328
300 349
300 369
300 385
301 302
301 303
301 304
301 305
301 306
301 307
301 308
301 309
301 319
301 330
301 348
301 370
301 380
301 383
301 391
301 396
302 303
302 304
302 305
302 306
302 307
302 308
302 309
302 315
302 331
302 342
302 344
302 357
302 361
303 304
303 305
303 306
303 307
303 308
303 309
303 318
303 321
303 345
303 354
303 356
303 363
303 370
303 377
304 305
304 306
304 307
304 308
304 309
304 318
304 325
304 331
304 352
304 364
304 365
304 377
304 385
304 389
304 390
305 306
305 307
305 308
305 309
305 311
305 327
305 338
305 347
305 367
305 377
305 396
305 397
306 307
306 308
306 309
306 312
306 317
306 318
306 331
306 356
306 364
306 372
306 382
306 396
306 398
307 308
307 309
307 310
307 358
307 363
307 367
307 368
308 309
308 310
308 321
308 326
308 342
308 366
308 367
308 373
308 388
308 395
309 312
309 318
309 322
309 336
309 345
309 354
309 368
309 372
309 380
309 391
310 311
310 312
310 313
310 314
310 315
310 316
310 317
310 318
310 319
310 321
310 328
310 337
310 345
310 357
310 366
310 371
310 388
310 398
311 312
311 313
311 314
311 315
311 316
311 317
311 318
311 319
311 329
311 336
311 337
311 347
311 357
311 363
311 368
311 370
311 377
311 384
311 385
311 386
311 392
312 313
312 314
312 315
312 316
312 317
312 318
312 319
312 323
312 327
312 342
312 346
312 347
312 349
312 356
312 366
312 369
312 377
312 393
312 396
313 314
313 315
313 316
313 317
313 318
313 319
313 332
313 337
313 340
313 346
313 370
313 375
313 379
313 390
314 315
314 316
314 317
314 318
314 319
314 325
314 335
314 345
314 377
314 383
315 316
315 317
315 318
315 319
315 333
315 339
315 341
315 354
315 355
315 372
315 376
315 380
315 390
316 317
316 318
316 319
316 330
316 331
316 356
316 357
316 360
316 363
316 381
316 382
316 385
316 389
316 392
316 399
317 318
317 319
317 335
317 340
317 341
317 345
317 347
317 378
317 383
317 386
317 387
317 391
317 394
318 319
318 340
318 346
318 354
318 371
318 373
318 376
318 385
318 388
318 396
319 339
319 348
319 374
319 380
320 321
320 322
320 323
320 324
320 325
320 326
320 327
320 328
320 329
320 334
320 336
320 338
320 345
320 354
320 362
320 371
320 389
320 392
321 322
321 323
321 324
321 325
321 326
321 327
321 328
321 329
321 332
321 347
321 353
321 358
321 381
322 323
322 324
322 325
322 326
322 327
322 328
322 329
322 347
322 350
322 368
322 369
323 324
323 325
323 326
323 327
323 328
323 329
323 335
323 344
323 349
323 358
323 359
323 371
323 374
323 376
323 381
323 383
323 394
324 325
324 326
324 327
324 328
324 329
324 346
324 355
324 359
324 367
324 368
324 370
325 326
325 327
325 328
325 329
325 333
325 360
325 383
326 327
326 328
326 329
326 357
326 372
326 383
326 384
327 328
327 329
327 333
327 341
327 351
327 369
327 380
328 329
328 330
328 334
328 335
328 361
328 362
328 367
328 385
328 387
329 332
329 347
329 358
329 364
329 375
329 386
329 391
330 331
330 332
330 333
330 334
330 335
330 336
330 337
330 338
330 339
330 341
330 346
330 352
330 355
330 357
330 359
330 373
330 374
330 381
330 396
330 397
331 332
331 333
331 334
331 335
331 336
331 337
331 338
331 339
331 341
331 343
331 352
331 354
331 360
331 362
331 368
331 378
331 397
332 333
332 334
332 335
332 336
332 337
332 338
332 339
332 350
332 397
332 399
333 334
333 335
333 336
333 337
333 338
333 339
333 340
333 360
333 369
333 375
333 379
333 389
333 399
334 335
334 336
334 337
334 338
334 339
334 347
334 372
334 385
335 336
335 337
335 338
335 339
335 340
335 353
335 355
335 375
335 380
335 398
336 337
336 338
336 339
336 345
336 349
336 355
336 371
337 338
337 339
337 364
337 367
337 379
338 339
338 351
338 359
338 368
338 376
338 383
338 389
338 391
339 340
339 350
339 351
339 366
339 370
339 380
339 397
340 341
340 342
340 343
340 344
340 345
340 346
340 347
340 348
340 349
340 353
340 359
340 378
340 380
341 342
341 343
341 344
341 345
341 346
341 347
341 348
341 349
341 354
341 380
341 397
342 343
342 344
342 345
342 346
342 347
342 348
342 349
342 354
342 356
342 365
342 367
343 344
343 345
343 346
343 347
343 348
343 349
343 353
343 366
343 376
343 378
343 382
343 388
344 345
344 346
344 347
344 348
344 349
344 354
344 369
344 371
345 346
345 347
345 348
345 349
345 350
345 351
345 357
345 363
345 368
345 382
345 389
345 392
346 347
346 348
346 349
346 353
346 364
346 365
346 377
346 378
346 382
347 348
347 349
347 351
347 363
347 366
347 380
347 395
348 349
348 359
348 380
348 393
348 397
349 357
349 372
349 378
349 385
349 394
352 353
352 354
352 355
352 356
352 357
352 358
352 359
352 350
352 351
352 362
352 382
352 384
352 385
352 395
352 399
353 354
353 355
353 356
353 357
353 358
353 359
353 350
353 351
353 369
353 376
353 397
354 355
354 356
354 357
354 358
354 359
354 350
354 351
354 372
354 379
355 356
355 357
355 358
355 359
355 350
355 351
355 384
355 399
356 357
356 358
356 359
356 350
356 351
356 361
356 369
356 374
356 380
356 394
357 358
357 359
357 350
357 351
357 363
357 366
357 370
358 359
358 350
358 351
358 360
358 377
358 380
358 381
358 394
358 396
358 398
359 350
359 351
359 374
359 390
359 394
359 396
359 398
350 351
350 395
351 364
351 369
351 374
351 382
351 391
360 361
360 362
360 363
360 364
360 365
360 366
360 367
360 368
360 369
360 379
361 362
361 363
361 364
361 365
361 366
361 367
361 368
361 369
361 377
361 382
361 385
361 398
362 363
362 364
362 365
362 366
362 367
362 368
362 369
362 372
362 382
362 391
363 364
363 365
363 366
363 367
363 368
363 369
363 383
364 365
364 366
364 367
364 368
364 369
364 374
364 385
364 394
364 397
365 366
365 367
365 368
365 369
365 377
366 367
366 368
366 369
366 377
366 397
367 368
367 369
367 380
367 386
367 393
368 369
368 373
368 377
368 384
369 378
369 380
369 385
369 388
370 371
370 372
370 373
370 374
370 375
370 376
370 377
370 378
370 379
370 385
370 395
370 397
371 372
371 373
371 374
371 375
371 376
371 377
371 378
371 379
371 387
371 392
372 373
372 374
372 375
372 376
372 377
372 378
372 379
372 394
373 374
373 375
373 376
373 377
373 378
373 379
373 385
373 398
374 375
374 376
374 377
374 378
374 379
374 385
375 376
375 377
375 378
375 379
375 391
375 395
376 377
376 378
376 379
377 378
377 379
377 381
377 382
378 379
378 381
378 387
378 397
379 381
379 396
384 385
384 386
384 387
384 388
384 389
384 380
384 381
384 382
384 383
385 386
385 387
385 388
385 389
385 380
385 381
385 382
385 383
386 387
386 388
386 389
386 380
386 381
386 382
386 383
387 388
387 389
387 380
387 381
387 382
387 383
388 389
388 380
388 381
388 382
388 383
389 380
389 381
389 382
389 383
389 391
389 399
380 381
380 382
380 383
380 399
381 382
381 383
381 396
382 383
390 391
390 392
390 393
390 394
390 395
390 396
390 397
390 398
390 399
391 392
391 393
391 394
391 395
391 396
391 397
391 398
391 399
392 393
392 394
392 395
392 396
392 397
392 398
392 399
393 394
393 395
393 396
393 397
393 398
393 399
394 395
394 396
394 397
394 398
394 399
395 396
395 397
395 398
395 399
396 397
396 398
396 399
397 398
397 399
398 399
